





































































































































































































































































































































































































































































































































































































































































































































































































































































































































































































































































































































2864,00
8595,00
3683,00
6446,00
3967,00
3033,00
4297,00
8595,00
2865,00
6447,00
17195,00
10317,00
5732,00
1984,00
2715,00
4299,00
3035,00
3225,00
3970,00
5162,00
8604,00
7376,00
1324,00
1613,00
3689,00
2459,00
727,00
3228,00
6456,00
3228,00
4695,00
1122,00
1259,00
1986,00
2348,00
1913,00
3690,00
3444,00
4306,00
4306,00
3975,00
10336,00
5742,00
17228,00
5168,00
12921,00
12921,00
17230,00
12925,00
4706,00
7395,00
3983,00
4315,00
7398,00
12948,00
10358,00
7399,00
25897,00
2071,00
3984,00
3237,00
3985,00
5756,00
10362,00
6476,00
5756,00
10362,00
5756,00
4317,00
5181,00
4710,00
3701,00
4318,00
5757,00
7402,00
12954,00
3986,00
3239,00
4711,00
3455,00
2253,00
8638,00
3987,00
3702,00
17277,00
1851,00
2728,00
2728,00
2073,00
3702,00
4319,00
4321,00
7408,00
7408,00
1401,00
2160,00
2729,00
1994,00
3457,00
2881,00
3241,00
4322,00
3241,00
1058,00
1620,00
1852,00
1620,00
1440,00
2881,00
2730,00
3990,00
5763,00
625,00
798,00
926,00
1482,00
1103,00
2161,00
1621,00
2161,00
2255,00
2358,00
4323,00
4323,00
4323,00
4716,00
3991,00
3052,00
5766,00
3991,00
3459,00
4717,00
2731,00
4717,00
5766,00
7414,00
6488,00
7415,00
3992,00
1483,00
2884,00
1922,00
2257,00
4326,00
3993,00
2595,00
5191,00
3708,00
2257,00
3993,00
3245,00
4326,00
5769,00
3245,00
3994,00
4721,00
6491,00
2596,00
4721,00
2733,00
3463,00
6493,00
5771,00
6493,00
6493,00
7421,00
1236,00
1731,00
1791,00
1855,00
2886,00
4330,00
3057,00
3464,00
5197,00
641,00
980,00
838,00
1367,00
1999,00
1676,00
1528,00
2735,00
2362,00
693,00
1208,00
1019,00
1485,00
2079,00
2260,00
1625,00
2166,00
2889,00
412,00
712,00
611,00
852,00
1733,00
1368,00
1000,00
1857,00
2080,00
3250,00
3250,00
4728,00
5201,00
5201,00
6501,00
5779,00
6501,00
5201,00
2261,00
3715,00
4001,00
8670,00
4729,00
5780,00
8671,00
3468,00
8671,00
1794,00
2001,00
2081,00
3061,00
4337,00
2739,00
3471,00
4005,00
4339,00
2740,00
2740,00
3255,00
4006,00
5787,00
8680,00
4340,00
10416,00
6510,00
2264,00
2604,00
5208,00
2741,00
1446,00
6511,00
5208,00
4735,00
4006,00
1302,00
2264,00
2003,00
3064,00
3064,00
4008,00
3722,00
8684,00
4008,00
733,00
1063,00
1042,00
1447,00
2266,00
2369,00
2084,00
2481,00
2743,00
827,00
1002,00
1108,00
2084,00
1271,00
2004,00
1737,00
1133,00
3066,00
478,00
643,00
585,00
766,00
1212,00
1303,00
1002,00
2086,00
1409,00
1490,00
2370,00
2370,00
3259,00
4346,00
7451,00
3477,00
8692,00
4741,00
1798,00
2898,00
2086,00
3260,00
5216,00
4742,00
4347,00
6521,00
8694,00
884,00
2268,00
1242,00
2484,00
4013,00
3478,00
1799,00
4743,00
2898,00
1186,00
2174,00
2174,00
2269,00
3261,00
3727,00
3479,00
4745,00
6525,00
1338,00
2373,00
2373,00
3263,00
4350,00
8700,00
3480,00
5220,00
4015,00
803,00
1087,00
1004,00
1631,00
1800,00
2008,00
2270,00
2748,00
2487,00
483,00
678,00
621,00
791,00
1492,00
1187,00
1111,00
1935,00
1801,00
488,00
842,00
779,00
933,00
950,00
1935,00
967,00
1866,00
1686,00
246,00
462,00
370,00
607,00
757,00
716,00
645,00
736,00
587,00
1025,00
5230,00
1494,00
4754,00
4754,00
7472,00
2752,00
5230,00
271,00
4755,00
52315,00
10464,00
10464,00
5813,00
10465,00
8721,00
6542,00
3271,00
1938,00
26168,00
2616,00
13084,00
17446,00
8723,00
2755,00
0,57
3490,00
6545,00
5818,00
5819,00
7483,00
5820,00
8730,00
7483,00
4030,00
5240,00
4031,00
10481,00
13101,00
52406,00
10481,00
0,57
17470,00
6551,00
7487,00
3743,00
7487,00
8735,00
5823,00
26208,00
17472,00
13105,00
17473,00
7488,00
1807,00
5242,00
3084,00
5825,00
5243,00
5243,00
2383,00
10489,00
2760,00
2622,00
6556,00
4034,00
7493,00
4768,00
7493,00
5245,00
8743,00
6557,00
989,00
3747,00
2018,00
5247,00
13117,00
6559,00
3086,00
13118,00
3279,00
8745,00
26238,00
13119,00
8746,00
6559,00
6560,00
4770,00
6560,00
4373,00
5831,00
4771,00
8746,00
26244,00
8748,00
13122,00
8748,00
294,00
5832,00
5833,00
4772,00
5250,00
5250,00
13126,00
7501,00
8751,00
52508,00
26255,00
7501,00
17503,00
10502,00
8752,00
10503,00
8752,00
8752,00
17505,00
7502,00
7502,00
10504,00
17506,00
10504,00
8753,00
17508,00
7503,00
1313,00
26266,00
4377,00
5254,00
5838,00
5838,00
26272,00
17516,00
10510,00
0,57
52564,00
3505,00
4780,00
5259,00
8765,00
8765,00
4781,00
6574,00
5843,00
6574,00
2921,00
4045,00
6574,00
5259,00
7514,00
26299,00
3287,00
4046,00
10520,00
1948,00
2391,00
2023,00
4384,00
5846,00
5846,00
2923,00
13156,00
6578,00
1879,00
17546,00
3760,00
52642,00
13162,00
6581,00
2632,00
7522,00
3097,00
3291,00
8777,00
4787,00
5851,00
5267,00
8778,00
4389,00
10534,00
5267,00
1699,00
4052,00
752,00
7525,00
52687,00
4052,00
3763,00
17563,00
2927,00
5269,00
26349,00
7528,00
7528,00
26350,00
8783,00
3764,00
17569,00
5271,00
8785,00
10543,00
17572,00
52726,00
4794,00
0,57
17578,00
17578,00
13187,00
4058,00
7537,00
2776,00
5276,00
6595,00
10552,00
4797,00
52770,00
6597,00
2639,00
4798,00
2778,00
4400,00
5867,00
5867,00
2296,00
6601,00
4062,00
2779,00
3772,00
4062,00
5281,00
5282,00
10564,00
5282,00
5869,00
6603,00
838,00
1704,00
852,00
2113,00
2936,00
3303,00
2298,00
4066,00
1822,00
4066,00
52862,00
10572,00
7554,00
10575,00
5875,00
10576,00
5875,00
8813,00
4406,00
17628,00
7554,00
7555,00
10579,00
13225,00
5290,00
5878,00
5290,00
4809,00
5290,00
26453,00
5878,00
13227,00
26455,00
52910,00
52910,00
13228,00
13228,00
7559,00
10584,00
5293,00
8822,00
10587,00
8824,00
8826,00
17653,00
5295,00
10591,00
13243,00
10594,00
5301,00
10603,00
13256,00
53036,00
8839,00
4422,00
7580,00
7581,00
1658,00
5897,00
13270,00
10617,00
26543,00
10617,00
3792,00
8849,00
4424,00
4084,00
7588,00
5902,00
7589,00
10625,00
5312,00
1967,00
2530,00
2796,00
6641,00
8856,00
5904,00
4428,00
6643,00
6643,00
2125,00
2531,00
3544,00
3797,00
7594,00
8861,00
5908,00
10635,00
5908,00
7596,00
53186,00
10637,00
13300,00
10640,00
8867,00
8868,00
8868,00
7602,00
4838,00
6653,00
26612,00
5914,00
7603,00
6653,00
13310,00
13310,00
26626,00
6657,00
10651,00
8876,00
10651,00
13315,00
13315,00
26632,00
10653,00
8877,00
17757,00
17761,00
17761,00
10657,00
13323,00
10660,00
17766,00
17767,00
8883,00
5922,00
26652,00
17771,00
7617,00
3555,00
7618,00
26663,00
6666,00
13332,00
5333,00
13334,00
13336,00
7620,00
13336,00
8891,00
53351,00
53355,00
17785,00
5335,00
7622,00
10671,00
8893,00
13340,00
17788,00
8895,00
10675,00
13344,00
1906,00
2541,00
7626,00
6672,00
4448,00
7626,00
8897,00
7627,00
4857,00
2055,00
3143,00
3339,00
4452,00
4857,00
7633,00
4857,00
13359,00
4858,00
2968,00
4858,00
4110,00
4111,00
4860,00
7637,00
5346,00
17820,00
8910,00
5346,00
5347,00
8911,00
7638,00
17823,00
13369,00
5942,00
4457,00
10698,00
3343,00
4115,00
4116,00
6688,00
8920,00
17840,00
7646,00
17842,00
6691,00
7648,00
10709,00
8924,00
6693,00
7649,00
8925,00
13387,00
10710,00
10711,00
8926,00
7651,00
13391,00
17856,00
6696,00
5357,00
10715,00
6697,00
26792,00
4122,00
5359,00
5359,00
4466,00
5361,00
2331,00
5957,00
7659,00
17871,00
2680,00
4124,00
3154,00
4874,00
4469,00
4125,00
4126,00
4470,00
7663,00
1849,00
3352,00
2980,00
4471,00
3353,00
4877,00
4878,00
5963,00
4879,00
1142,00
1988,00
1451,00
2684,00
3356,00
3581,00
2686,00
3357,00
2686,00
3582,00
10747,00
3582,00
5374,00
7677,00
10749,00
5375,00
13437,00
4479,00
4135,00
5375,00
4479,00
10752,00
4135,00
8960,00
7681,00
8962,00
8962,00
1920,00
4137,00
3362,00
3586,00
5978,00
4891,00
2562,00
10762,00
5381,00
6727,00
5980,00
6728,00
6729,00
17947,00
10769,00
10769,00
10769,00
8975,00
4895,00
5983,00
5984,00
10772,00
17956,00
13467,00
4897,00
7695,00
6733,00
2835,00
5387,00
3169,00
4490,00
7697,00
5986,00
5388,00
7698,00
8981,00
1197,00
2566,00
1497,00
4146,00
4901,00
3171,00
1685,00
4493,00
2451,00
1498,00
2568,00
1859,00
2996,00
3371,00
3596,00
3371,00
3596,00
3371,00
606,00
1498,00
1124,00
1686,00
3597,00
3174,00
1740,00
3174,00
1741,00
4907,00
7711,00
7711,00
8996,00
10799,00
4908,00
5399,00
6749,00
7713,00
3856,00
4499,00
5999,00
7714,00
10800,00
13500,00
13500,00
6000,00
6000,00
3375,00
4500,00
3858,00
6752,00
7716,00
7717,00
4911,00
7717,00
9004,00
3601,00
9004,00
5402,00
7718,00
27013,00
18008,00
6753,00
18010,00
18010,00
4912,00
6004,00
6004,00
18012,00
9006,00
18015,00
7721,00
10810,00
6756,00
2702,00
6005,00
4504,00
6756,00
9008,00
6005,00
6005,00
18017,00
9008,00
1286,00
2162,00
2078,00
3860,00
7721,00
6006,00
3378,00
4504,00
3861,00
1422,00
2079,00
3378,00
4505,00
4505,00
5406,00
3379,00
2845,00
4505,00
1020,00
1802,00
1462,00
2352,00
3382,00
2577,00
2353,00
3609,00
4923,00
1259,00
4925,00
2167,00
6020,00
7740,00
6772,00
2463,00
6773,00
3187,00
3612,00
6021,00
4168,00
5419,00
4168,00
9032,00
4926,00
6021,00
7742,00
1748,00
3187,00
1935,00
4516,00
4169,00
4927,00
2852,00
7744,00
3388,00
2581,00
6023,00
4517,00
4518,00
10843,00
7745,00
4929,00
13554,00
4929,00
3872,00
6777,00
6024,00
5422,00
6024,00
18074,00
10846,00
10846,00
6778,00
2465,00
3389,00
3389,00
6026,00
5423,00
4930,00
3874,00
10847,00
4172,00
821,00
1261,00
1023,00
1749,00
3190,00
3013,00
1506,00
2855,00
1870,00
1043,00
1643,00
1466,00
2358,00
1870,00
2855,00
2466,00
3617,00
2855,00
313,00
686,00
427,00
919,00
1130,00
1323,00
669,00
1233,00
185,00
