














































































































































































































































































































































































































































































































































































































































































































































































3703,00
4545,00
617,00
1923,00
2000,00
3448,00
7692,00
14285,00
3448,00
7692,00
12500,00
1694,00
4761,00
6250,00
3030,00
10000,00
11111,00
3030,00
10000,00
10000,00
1408,00
5263,00
5263,00
2000,00
3846,00
5882,00
2325,00
8333,00
5882,00
1282,00
3448,00
3571,00
4000,00
9090,00
16666,00
3703,00
9090,00
12500,00
1960,00
4545,00
6250,00
3125,00
7692,00
14285,00
3571,00
10000,00
10000,00
1754,00
5263,00
6250,00
3225,00
9090,00
11111,00
3333,00
8333,00
11111,00
1612,00
4761,00
5882,00
2777,00
8333,00
10000,00
1724,00
6666,00
10000,00
1351,00
4545,00
5263,00
2380,00
2222,00
9090,00
1694,00
3703,00
7692,00
800,00
1886,00
4166,00
2222,00
5000,00
7692,00
1369,00
4761,00
5263,00
671,00
1639,00
4000,00
5000,00
12500,00
14285,00
4347,00
10000,00
14285,00
2702,00
7142,00
10000,00
5555,00
14285,00
12500,00
4545,00
7142,00
14285,00
2777,00
9090,00
7692,00
4761,00
14285,00
12500,00
4761,00
12500,00
10000,00
2083,00
7692,00
7692,00
5882,00
14285,00
25000,00
5555,00
20000,00
20000,00
3448,00
10000,00
12500,00
5555,00
5555,00
20000,00
5882,00
11111,00
20000,00
3030,00
7692,00
11111,00
5000,00
16666,00
12500,00
5555,00
20000,00
20000,00
2857,00
9090,00
8333,00
3030,00
10000,00
11111,00
2325,00
7142,00
7142,00
1041,00
3571,00
5555,00
2564,00
5882,00
6666,00
1960,00
4545,00
6666,00
757,00
2702,00
4000,00
2173,00
4347,00
7142,00
1639,00
3448,00
4545,00
645,00
1785,00
3703,00
6250,00
20000,00
20000,00
5882,00
12500,00
12500,00
2564,00
7692,00
12500,00
5882,00
20000,00
16666,00
5555,00
25000,00
14285,00
2500,00
7692,00
9090,00
5555,00
12500,00
16666,00
5000,00
12500,00
12500,00
2173,00
6250,00
10000,00
7692,00
25000,00
25000,00
6250,00
11111,00
11111,00
3571,00
9090,00
14285,00
6666,00
12500,00
16666,00
7142,00
12500,00
16666,00
3225,00
9090,00
12500,00
6250,00
14285,00
20000,00
6250,00
20000,00
20000,00
3125,00
10000,00
10000,00
3333,00
9090,00
12500,00
3030,00
6666,00
9090,00
1515,00
4000,00
4761,00
2777,00
5882,00
6250,00
2941,00
6666,00
10000,00
1190,00
4347,00
4166,00
2380,00
6666,00
9090,00
2631,00
5882,00
8333,00
1315,00
4166,00
4545,00
4761,00
16666,00
25000,00
4545,00
9090,00
25000,00
2631,00
10000,00
12500,00
4545,00
12500,00
11111,00
5882,00
7692,00
20000,00
2564,00
8333,00
10000,00
5555,00
16666,00
20000,00
4761,00
8333,00
14285,00
2702,00
6666,00
10000,00
5555,00
14285,00
33333,00
7692,00
33333,00
33333,00
3030,00
11111,00
9090,00
5263,00
9090,00
33333,00
7142,00
14285,00
25000,00
2777,00
12500,00
14285,00
5263,00
7692,00
16666,00
5000,00
16666,00
12500,00
3333,00
9090,00
11111,00
4000,00
11111,00
20000,00
4347,00
9090,00
12500,00
2127,00
9090,00
9090,00
3703,00
12500,00
14285,00
3448,00
4347,00
14285,00
2272,00
5000,00
9090,00
3225,00
8333,00
11111,00
3571,00
9090,00
11111,00
1562,00
4545,00
6250,00
7692,00
12500,00
20000,00
9090,00
8333,00
25000,00
5555,00
9090,00
20000,00
7142,00
11111,00
16666,00
1538,00
377,00
6250,00
1754,00
2941,00
9090,00
7142,00
10000,00
11111,00
6250,00
6666,00
20000,00
2439,00
5000,00
11111,00
14285,00
16666,00
50000,00
14285,00
25000,00
33333,00
6666,00
25000,00
25000,00
10000,00
16666,00
33333,00
9090,00
6666,00
33333,00
5882,00
12500,00
16666,00
9090,00
16666,00
16666,00
10000,00
10000,00
25000,00
5555,00
11111,00
16666,00
4166,00
14285,00
16666,00
6666,00
12500,00
11111,00
3125,00
6250,00
10000,00
3571,00
11111,00
12500,00
4347,00
11111,00
20000,00
1851,00
6666,00
7692,00
3703,00
7142,00
14285,00
4761,00
11111,00
16666,00
2173,00
5882,00
8333,00
12500,00
14285,00
25000,00
9090,00
20000,00
16666,00
5882,00
16666,00
25000,00
11111,00
20000,00
25000,00
5882,00
9090,00
12500,00
3846,00
7692,00
12500,00
10000,00
20000,00
20000,00
10000,00
16666,00
12500,00
3571,00
6666,00
11111,00
16666,00
11111,00
25000,00
16666,00
50000,00
33333,00
7692,00
16666,00
25000,00
11111,00
20000,00
25000,00
11111,00
8333,00
11111,00
5882,00
16666,00
25000,00
12500,00
50000,00
50000,00
12500,00
16666,00
20000,00
5882,00
14285,00
14285,00
4166,00
14285,00
16666,00
3333,00
8333,00
6666,00
1960,00
3703,00
5555,00
3030,00
12500,00
10000,00
3225,00
10000,00
8333,00
1639,00
5882,00
5555,00
2941,00
8333,00
12500,00
2564,00
9090,00
11111,00
1515,00
5263,00
5555,00
10000,00
16666,00
25000,00
6250,00
14285,00
20000,00
3703,00
11111,00
11111,00
8333,00
20000,00
33333,00
7142,00
14285,00
16666,00
3703,00
7692,00
12500,00
6666,00
14285,00
25000,00
4761,00
12500,00
14285,00
3571,00
9090,00
12500,00
12500,00
16666,00
8333,00
7692,00
25000,00
25000,00
4545,00
8333,00
14285,00
6666,00
14285,00
12500,00
7692,00
11111,00
20000,00
4545,00
11111,00
12500,00
8333,00
25000,00
14285,00
7692,00
16666,00
12500,00
4000,00
11111,00
12500,00
5555,00
20000,00
16666,00
4761,00
14285,00
20000,00
2857,00
11111,00
11111,00
5555,00
12500,00
25000,00
4545,00
11111,00
16666,00
2439,00
6250,00
11111,00
5263,00
14285,00
14285,00
5555,00
10000,00
14285,00
2173,00
7142,00
7692,00
10000,00
16666,00
33333,00
9090,00
20000,00
33333,00
7142,00
14285,00
16666,00
14285,00
20000,00
12500,00
10000,00
12500,00
16666,00
5882,00
9090,00
12500,00
9090,00
16666,00
20000,00
9090,00
9090,00
16666,00
6250,00
12500,00
20000,00
12500,00
10000,00
9090,00
6250,00
12500,00
20000,00
6666,00
11111,00
25000,00
6666,00
11111,00
11111,00
9090,00
14285,00
11111,00
4761,00
2941,00
11111,00
11111,00
20000,00
20000,00
14285,00
14285,00
25000,00
7142,00
12500,00
14285,00
5555,00
20000,00
25000,00
6666,00
14285,00
12500,00
4000,00
9090,00
6250,00
5555,00
10000,00
20000,00
6250,00
11111,00
25000,00
2941,00
9090,00
10000,00
5882,00
14285,00
14285,00
5882,00
14285,00
14285,00
2564,00
6666,00
8333,00
16666,00
20000,00
33333,00
14285,00
12500,00
16666,00
7692,00
9090,00
25000,00
6250,00
12500,00
20000,00
9090,00
16666,00
20000,00
6666,00
11111,00
14285,00
14285,00
50000,00
33333,00
11111,00
12500,00
25000,00
5000,00
7692,00
25000,00
10000,00
11111,00
7692,00
10000,00
25000,00
20000,00
8333,00
16666,00
12500,00
10000,00
16666,00
20000,00
9090,00
14285,00
33333,00
8333,00
14285,00
10000,00
16666,00
25000,00
20000,00
14285,00
14285,00
20000,00
5555,00
5555,00
5882,00
3333,00
25000,00
9090,00
4545,00
12500,00
10000,00
2631,00
8333,00
7142,00
5000,00
16666,00
9090,00
3571,00
16666,00
14285,00
2173,00
7692,00
8333,00
4000,00
20000,00
8333,00
3703,00
12500,00
14285,00
1428,00
7692,00
6666,00
9090,00
33333,00
50000,00
14285,00
50000,00
16666,00
7142,00
14285,00
25000,00
9090,00
33333,00
33333,00
16666,00
25000,00
50000,00
5882,00














































































































































































































































































































































































































































































































































































































































































































