





































































































































































































































































































































































































































































































































































































































































































































































































































































































































































































































































































































7142,00
3703,00
4761,00
16666,00
3225,00
7142,00
11111,00
5882,00
6666,00
14285,00
5882,00
8333,00
8333,00
507,00
1538,00
2500,00
900,00
1428,00
4761,00
1587,00
4545,00
4545,00
1408,00
4545,00
6250,00
2127,00
2857,00
7142,00
4166,00
7142,00
12500,00
2631,00
8333,00
11111,00
7142,00
14285,00
25000,00
5555,00
11111,00
16666,00
781,00
2083,00
2439,00
1538,00
3448,00
5555,00
2000,00
4000,00
7142,00
1785,00
5000,00
7142,00
3571,00
8333,00
14285,00
5263,00
8333,00
14285,00
2702,00
7142,00
12500,00
5882,00
14285,00
11111,00
6250,00
12500,00
20000,00
970,00
2631,00
3846,00
1333,00
2777,00
4000,00
1923,00
4347,00
4347,00
2127,00
8333,00
11111,00
4166,00
5263,00
11111,00
4761,00
5882,00
20000,00
3571,00
9090,00
20000,00
5263,00
11111,00
12500,00
6250,00
12500,00
16666,00
775,00
1960,00
3448,00
1562,00
3448,00
7142,00
2000,00
5263,00
6666,00
1818,00
4545,00
4545,00
3333,00
7142,00
10000,00
4545,00
5882,00
12500,00
2857,00
10000,00
11111,00
6666,00
14285,00
20000,00
9090,00
33333,00
33333,00
287,00
1234,00
1694,00
636,00
2631,00
2857,00
847,00
2857,00
4347,00
1041,00
3125,00
4000,00
2173,00
7142,00
7692,00
2222,00
4761,00
7692,00
1538,00
4761,00
5882,00
2941,00
9090,00
9090,00
3703,00
16666,00
12500,00
236,00
1000,00
2040,00
495,00
1408,00
2222,00
657,00
1612,00
2631,00
1219,00
3703,00
5000,00
3030,00
5882,00
9090,00
3125,00
11111,00
11111,00
1851,00
4347,00
8333,00
3571,00
12500,00
25000,00
4347,00
20000,00
12500,00
276,00
1075,00
1639,00
588,00
1639,00
3571,00
694,00
1785,00
2857,00
1063,00
3333,00
4347,00
2500,00
5263,00
12500,00
2857,00
6250,00
9090,00
1754,00
5000,00
6666,00
3703,00
12500,00
20000,00
5263,00
11111,00
12500,00
813,00
2702,00
3448,00
1515,00
3846,00
4761,00
2000,00
4166,00
8333,00
2439,00
5000,00
7142,00
3448,00
7142,00
10000,00
5000,00
3846,00
7692,00
3333,00
8333,00
6666,00
5555,00
11111,00
11111,00
12500,00
16666,00
11111,00
465,00
2000,00
3846,00
1265,00
2500,00
5555,00
1851,00
3333,00
6250,00
3225,00
8333,00
10000,00
3703,00
5000,00
20000,00
5882,00
7692,00
33333,00
5000,00
14285,00
25000,00
8333,00
8333,00
11111,00
10000,00
20000,00
14285,00
689,00
2777,00
4000,00
1369,00
4347,00
5000,00
1754,00
4545,00
9090,00
2272,00
6250,00
9090,00
5000,00
10000,00
11111,00
3703,00
2941,00
7142,00
4166,00
11111,00
25000,00
7142,00
11111,00
16666,00
6666,00
11111,00
16666,00
1204,00
2857,00
4347,00
1923,00
5000,00
7142,00
2083,00
5263,00
7142,00
2631,00
5882,00
7142,00
6666,00
10000,00
10000,00
7142,00
9090,00
12500,00
4761,00
12500,00
10000,00
8333,00
14285,00
12500,00
8333,00
14285,00
10000,00
934,00
3846,00
4347,00
1851,00
5263,00
7142,00
1923,00
5000,00
4000,00
3448,00
11111,00
14285,00
8333,00
10000,00
25000,00
7692,00
10000,00
10000,00
6250,00
20000,00
9090,00
9090,00
20000,00
14285,00
5882,00
10000,00
7142,00
869,00
3846,00
5263,00
2000,00
6250,00
6250,00
2173,00
6666,00
5555,00
2777,00
8333,00
10000,00
5882,00
8333,00
25000,00
5000,00
10000,00
9090,00
4166,00
10000,00
16666,00
9090,00
14285,00
25000,00
9090,00
10000,00
14285,00
11,00
76,00
126,00
36,00
148,00
332,00
55,00
251,00
290,00
99,00
285,00
370,00
214,00
602,00
840,00
288,00
813,00
1052,00
163,00
473,00
523,00
381,00
1162,00
1315,00
450,00
1428,00
1298,00
11,00
60,00
130,00
25,00
99,00
267,00
55,00
218,00
341,00
120,00
341,00
480,00
239,00
564,00
1111,00
344,00
1000,00
1428,00
208,00
588,00
735,00
454,00
1298,00
1612,00
581,00
1851,00
1818,00
11,00
63,00
102,00
29,00
116,00
267,00
45,00
215,00
214,00
99,00
288,00
383,00
204,00
568,00
869,00
297,00
862,00
1123,00
165,00
502,00
531,00
395,00
1149,00
1428,00
411,00
1333,00
1123,00
67,00
281,00
421,00
124,00
518,00
840,00
237,00
781,00
1234,00
212,00
568,00
800,00
495,00
1492,00
1923,00
598,00
2040,00
2631,00
355,00
884,00
1250,00
787,00
2040,00
2857,00
1030,00
3333,00
4347,00
51,00
219,00
515,00
92,00
308,00
909,00
211,00
662,00
1204,00
289,00
847,00
1030,00
641,00
1515,00
2500,00
826,00
2941,00
3448,00
469,00
1219,00
1538,00
1086,00
2777,00
3571,00
1388,00
4545,00
5263,00
54,00
222,00
429,00
98,00
383,00
769,00
198,00
645,00
1149,00
213,00
591,00
806,00
497,00
1492,00
2040,00
595,00
1694,00
2380,00
378,00
1030,00
1388,00
819,00
2439,00
2857,00
990,00
3703,00
3333,00
110,00
361,00
440,00
265,00
806,00
1086,00
248,00
1010,00
1086,00
253,00
729,00
854,00
602,00
1694,00
2272,00
729,00
2173,00
2631,00
395,00
1136,00
833,00
917,00
2777,00
3225,00
1123,00
3125,00
3846,00
121,00
420,00
645,00
232,00
952,00
1219,00
278,00
1000,00
1250,00
335,00
961,00
1162,00
813,00
2325,00
3030,00
952,00
2857,00
3703,00
523,00
1470,00
1612,00
1149,00
3571,00
4000,00
1639,00
5555,00
5263,00
98,00
370,00
458,00
238,00
793,00
1123,00
205,00
917,00
826,00
277,00
813,00
990,00
598,00
1694,00
2500,00
781,00
2380,00
3703,00
411,00
1298,00
1369,00
934,00
3225,00
3703,00
1149,00
3846,00
2127,00
92,00
375,00
526,00
173,00
699,00
1010,00
276,00
840,00
1515,00
271,00
813,00
1000,00
625,00
1851,00
2500,00
763,00
2127,00
3125,00
469,00
1351,00
1587,00
1041,00
3333,00
4000,00
1408,00
5000,00
5882,00
66,00
289,00
595,00
117,00
387,00
869,00
239,00
719,00
1408,00
343,00
1086,00
1298,00
628,00
1369,00
3333,00
980,00
2439,00
4000,00
606,00
1785,00
2272,00
704,00
3846,00
4166,00
1754,00
5263,00
5263,00
77,00
317,00
555,00
137,00
515,00
980,00
217,00
840,00
1123,00
264,00
840,00
1098,00
628,00
1923,00
2631,00
793,00
2127,00
3333,00
515,00
1470,00
1724,00
1020,00
3448,00
4347,00
1388,00
4000,00
5000,00
268,00
862,00
1111,00
549,00
1562,00
2325,00
813,00
1785,00
2702,00
621,00
2040,00
2857,00
1470,00
4000,00
5555,00
1785,00
3703,00
7142,00
1020,00
3030,00
4166,00
2380,00
7692,00
11111,00
3448,00
7692,00
12500,00
189,00
694,00
1408,00
335,00
709,00
2173,00
781,00
2000,00
3225,00
793,00
2702,00
3571,00
1075,00
1052,00
3571,00
2857,00
5263,00
9090,00
1470,00
5263,00
6666,00
3225,00
8333,00
10000,00
4347,00
8333,00
9090,00
227,00
763,00
1190,00
450,00
1408,00
2631,00
714,00
2040,00
3333,00
641,00
1923,00
2631,00
1265,00
2564,00
4000,00
1818,00
3125,00
5882,00
1098,00
3125,00
4166,00
2702,00
7142,00
9090,00
3030,00
6666,00
12500,00
354,00
952,00
1408,00
800,00
2222,00
3125,00
877,00
2127,00
3333,00
709,00
2380,00
2777,00
1612,00
6250,00
6666,00
2040,00
4761,00
6666,00
1234,00
3846,00
4761,00
2500,00
9090,00
12500,00
3225,00
8333,00
9090,00
427,00
1086,00
1785,00
719,00
1923,00
2439,00
909,00
2439,00
3703,00
990,00
3225,00
4166,00
1923,00
4166,00
7692,00
3125,00
4761,00
10000,00
1538,00
4761,00
4545,00
2702,00
8333,00
2380,00
4347,00
8333,00
9090,00
353,00
961,00
1470,00
826,00
2272,00
3571,00
862,00
2127,00
3333,00
793,00
2272,00
3125,00
1587,00
4166,00
7142,00
2127,00
4000,00
6250,00
1351,00
4761,00
5000,00
2941,00
9090,00
9090,00
3703,00
7142,00
5555,00
130,00
641,00
781,00
378,00
1190,00
1666,00
341,00
1666,00
1851,00
462,00
1492,00
1818,00
1063,00
3225,00
5263,00
1219,00
5263,00
4761,00
684,00
1960,00
2564,00
1851,00
5882,00
6666,00
1666,00
5555,00
4761,00
118,00
578,00
877,00
269,00
917,00
1219,00
324,00
1219,00
1587,00
549,00
1851,00
2083,00
1204,00
4347,00
5882,00
1388,00
4761,00
6666,00
847,00
2857,00
3846,00
1851,00
6250,00
7142,00
2325,00
7142,00
8333,00
102,00
543,00
561,00
268,00
1075,00
1562,00
246,00
1219,00
735,00
471,00
1428,00
1724,00
1136,00
2564,00
4347,00
1298,00
3703,00
4347,00
735,00
2127,00
2564,00
1694,00
5555,00
6666,00
1538,00
5882,00
2631,00
423,00
1265,00
1923,00
980,00
3225,00
2777,00
1190,00
3703,00
5000,00
1086,00
2941,00
4545,00
2500,00
6666,00
9090,00
2631,00
7142,00
10000,00
1587,00
4761,00
6250,00
4000,00
14285,00
14285,00
5263,00
16666,00
16666,00
292,00
1250,00
2325,00
806,00
2380,00
4347,00
980,00
2564,00
5555,00
1265,00
3846,00
5000,00
2564,00
4761,00
8333,00
3030,00
7692,00
10000,00
1960,00
6250,00
10000,00
4000,00
11111,00
14285,00
5263,00
16666,00
20000,00
375,00
1408,00
2222,00
735,00
2857,00
3846,00
909,00
2941,00
3125,00
1063,00
3333,00
5000,00
2439,00
5555,00
10000,00
2500,00
5000,00
7692,00
1886,00
5882,00
6250,00
4761,00
10000,00
10000,00
4000,00
10000,00
11111,00
456,00
1666,00
1818,00
1351,00
3333,00
4761,00
925,00
3571,00
2857,00
1176,00
3448,00
4347,00
2777,00
7692,00
11111,00
3448,00
8333,00
8333,00
1785,00
7142,00
6666,00
3846,00
12500,00
16666,00
2702,00
6666,00
3225,00
485,00
1851,00
3225,00
1333,00
4166,00
5555,00
1219,00
3571,00
2564,00
1612,00
6250,00
7142,00
3448,00
5263,00
14285,00
3571,00
5263,00
11111,00
2631,00
8333,00
10000,00
5555,00
12500,00
12500,00
5263,00
10000,00
4166,00
312,00
1538,00
1562,00
934,00
3225,00
4761,00
684,00
2941,00
1219,00
1449,00
5263,00
5555,00
3030,00
5882,00
10000,00
2777,00
5882,00
5882,00
1562,00
6250,00
5263,00
4761,00
14285,00
14285,00
1333,00
5555,00
350,00
