





































































































































































































































































































































































































































































































































































































































































































































































































































































































































































































































































































































12535,00
5785,00
6267,00
12535,00
1367,00
3008,00
10745,00
3009,00
3271,00
75249,00
3762,00
12542,00
37628,00
4703,00
18816,00
15054,00
15054,00
6842,00
9409,00
12547,00
37644,00
75292,00
4429,00
9412,00
15060,00
12550,00
7530,00
12550,00
10758,00
25106,00
75321,00
2282,00
10761,00
37666,00
5382,00
9420,00
75366,00
6283,00
18850,00
37709,00
847,00
3017,00
6859,00
2357,00
6287,00
12575,00
3018,00
6859,00
12576,00
589,00
2602,00
3971,00
2156,00
5390,00
10780,00
2515,00
6860,00
9433,00
416,00
1397,00
3593,00
1237,00
4719,00
8391,00
1179,00
3775,00
7552,00
4195,00
6293,00
25174,00
4195,00
15105,00
25175,00
5394,00
9441,00
12592,00
1798,00
5396,00
25185,00
3434,00
6869,00
910,00
4198,00
6296,00
75578,00
1453,00
4200,00
8402,00
3601,00
6305,00
37836,00
3440,00
10813,00
25231,00
5406,00
7569,00
15139,00
10814,00
25233,00
25233,00
9462,00
10814,00
15140,00
2703,00
12617,00
9464,00
7571,00
15145,00
10817,00
6309,00
9463,00
18928,00
2294,00
7571,00
12618,00
5048,00
10818,00
37865,00
5409,00
15146,00
37868,00
476,00
476,00
476,00
1489,00
4219,00
6904,00
1332,00
3998,00
12661,00
272,00
1519,00
3303,00
808,00
3166,00
5846,00
949,00
3166,00
4470,00
156,00
775,00
1900,00
481,00
1768,00
6336,00
475,00
2055,00
3802,00
1408,00
4225,00
6914,00
4003,00
12677,00
7606,00
3804,00
10871,00
12686,00
1409,00
4478,00
7312,00
2812,00
12189,00
73134,00
2812,00
7313,00
18284,00
630,00
1700,00
6094,00
1354,00
3482,00
18284,00
1589,00
4875,00
10448,00
2216,00
8126,00
5626,00
3656,00
10448,00
9142,00
4571,00
14628,00
36572,00
1976,00
9143,00
10449,00
5626,00
14629,00
24381,00
4063,00
12191,00
36573,00
925,00
2925,00
10449,00
2089,00
5224,00
14631,00
2359,00
7315,00
18289,00
821,00
4303,00
3483,00
2709,00
6650,00
5626,00
2285,00
7315,00
9143,00
326,00
1406,00
3850,00
1016,00
3483,00
4877,00
1283,00
2709,00
6096,00
230,00
1002,00
4303,00
614,00
3048,00
12194,00
770,00
2613,00
7317,00
2927,00
12196,00
18294,00
8130,00
14635,00
12196,00
8131,00
12196,00
24393,00
1925,00
3851,00
10454,00
4878,00
4306,00
12201,00
6656,00
12203,00
36615,00
1031,00
2816,00
8136,00
2219,00
3487,00
18307,00
2362,00
6657,00
36614,00
3661,00
12205,00
18307,00
5634,00
10464,00
12209,00
7325,00
12209,00
10465,00
3488,00
7326,00
12210,00
6660,00
18316,00
12211,00
6660,00
3052,00
12211,00
1382,00
4579,00
8141,00
4071,00
9159,00
18320,00
3664,00
12213,00
12213,00
546,00
2220,00
5234,00
1665,00
5637,00
18321,00
2155,00
5637,00
12214,00
398,00
1665,00
3331,00
1704,00
8143,00
36645,00
1593,00
6107,00
12215,00
241,00
1110,00
4311,00
852,00
4071,00
10470,00
852,00
3665,00
7330,00
1559,00
4072,00
14661,00
4887,00
12218,00
24437,00
4887,00
8145,00
73313,00
1666,00
6109,00
14662,00
4312,00
18328,00
1221,00
5236,00
14662,00
24438,00
852,00
2715,00
9164,00
1981,00
3858,00
14663,00
2365,00
5639,00
10474,00
3665,00
10474,00
7331,00
4888,00
24440,00
73321,00
7332,00
18331,00
24441,00
2820,00
12220,00
7332,00
6110,00
24441,00
73325,00
7332,00
18333,00
14667,00
1145,00
4074,00
8148,00
2716,00
6667,00
24446,00
2291,00
5641,00
9168,00
1094,00
14668,00
4584,00
4314,00
12224,00
14669,00
3056,00
12224,00
5642,00
1629,00
8149,00
10478,00
4584,00
18339,00
18340,00
3668,00
10480,00
14672,00
621,00
3189,00
5240,00
1497,00
7336,00
14672,00
1333,00
8151,00
9170,00
4585,00
14673,00
14674,00
7337,00
36687,00
73375,00
8153,00
14676,00
797,00
5241,00
18345,00
24460,00
12230,00
73383,00
36692,00
8154,00
36694,00
36694,00
1528,00
10484,00
12231,00
3669,00
18348,00
36697,00
3495,00
14680,00
14680,00
4587,00
14680,00
6672,00
12233,00
36700,00
73402,00
4893,00
14680,00
3863,00
5243,00
36701,00
18350,00
10486,00
73402,00
24467,00
6673,00
73409,00
14681,00
1561,00
6117,00
10487,00
4894,00
36707,00
24471,00
3863,00
36707,00
24471,00
2823,00
24471,00
36707,00
10487,00
10487,00
14683,00
6117,00
36707,00
24471,00
2159,00
10487,00
9177,00
8157,00
73417,00
24472,00
6674,00
10488,00
14683,00
1019,00
4894,00
6674,00
3192,00
10489,00
24474,00
2823,00
18355,00
18355,00
6119,00
24476,00
36718,00
9179,00
12239,00
24479,00
10491,00
24479,00
24481,00
6676,00
734,00
18362,00
12241,00
73460,00
36730,00
10495,00
36734,00
36734,00
2533,00
18368,00
18368,00
7347,00
73476,00
18369,00
6123,00
36739,00
930,00
5248,00
14696,00
10497,00
10497,00
18372,00
5653,00
10499,00
36749,00
10499,00
7349,00
24500,00
14700,00
36750,00
73501,00
36750,00
24501,00
1500,00
73503,00
3675,00
18375,00
8167,00
9187,00
36751,00
73504,00
9188,00
36752,00
12250,00
1563,00
8167,00
8167,00
7350,00
24502,00
24502,00
3868,00
18376,00
8167,00
2534,00
7351,00
10501,00
6682,00
12251,00
10501,00
5250,00
9189,00
14703,00
674,00
3500,00
1289,00
3063,00
18380,00
24507,00
2297,00
12255,00
8171,00
4326,00
24515,00
10506,00
12257,00
73547,00
18386,00
9193,00
14709,00
14709,00
6686,00
36774,00
14710,00
18388,00
36777,00
36777,00
8174,00
24523,00
18392,00
2299,00
10510,00
12262,00
6688,00
36788,00
18397,00
4906,00
24531,00
18402,00
3875,00
10518,00
7362,00
14725,00
12272,00
7363,00
2832,00
8181,00
663,00
14727,00
14727,00
12273,00
9205,00
18410,00
12273,00
9205,00
14731,00
12276,00
2833,00
8184,00
6697,00
14736,00
36840,00
73682,00
4605,00
24562,00
9210,00
1991,00
12281,00
12281,00
6140,00
14737,00
7368,00
5668,00
24563,00
24564,00
1315,00
6144,00
10533,00
3687,00
12290,00
24580,00
3206,00
9217,00
24581,00
768,00
3352,00
10535,00
1798,00
8194,00
14750,00
1715,00
9220,00
18443,00
8197,00
12296,00
36889,00
7377,00
24593,00
24593,00
10540,00
36892,00
36896,00
4919,00
14759,00
36898,00
12300,00
73803,00
24601,00
10543,00
73809,00
1640,00
2306,00
8201,00
14762,00
2460,00
24609,00
24613,00
4615,00
24617,00
36931,00
4924,00
36934,00
24625,00
6716,00
73883,00
36942,00
9235,00
36942,00
18471,00
3518,00
10555,00
8210,00
9236,00
73894,00
73894,00
12315,00
36948,00
10556,00
2736,00
10556,00
36948,00
6158,00
73897,00
1172,00
8211,00
73901,00
73901,00
3359,00
14780,00
10557,00
9237,00
24637,00
6719,00
9239,00
14784,00
24641,00
1572,00
14785,00
10562,00
4349,00
18485,00
18485,00
5281,00
7394,00
73944,00
1120,00
4108,00
6162,00
3361,00
12325,00
18488,00
3521,00
10565,00
36978,00
8218,00
24656,00
73973,00
18493,00
24655,00
12327,00
24655,00
36987,00
1072,00
8219,00
18494,00
1056,00
12330,00
14797,00
14797,00
24661,00
24661,00
73986,00
3699,00
12333,00
74006,00
9250,00
37003,00
37003,00
10572,00
37003,00
74011,00
4934,00
24674,00
8226,00
5288,00
24682,00
579,00
10578,00
37025,00
2553,00
5696,00
18514,00
9257,00
9258,00
18517,00
8230,00
24690,00
74075,00
6172,00
4938,00
14818,00
24697,00
10584,00
18523,00
37051,00
18526,00
18528,00
74112,00
1684,00
10587,00
12352,00
5701,00
24708,00
12354,00
5295,00
24713,00
74141,00
1577,00
4942,00
9267,00
5295,00
18537,00
18541,00
5705,00
9273,00
18547,00
951,00
4365,00
4639,00
3534,00
18558,00
10605,00
2855,00
12373,00
74238,00
7424,00
18563,00
18564,00
9283,00
24757,00
12378,00
14854,00
12379,00
18570,00
8253,00
14857,00
917,00
12381,00
37144,00
24763,00
24764,00
37147,00
37147,00
3095,00
10614,00
14859,00
6191,00
24766,00
3231,00
9290,00
24775,00
74326,00
6757,00
24776,00
9291,00
12389,00
74334,00
10619,00
24779,00
24779,00
12389,00
7433,00
10621,00
24783,00
24797,00
74395,00
14880,00
12404,00
18606,00
12404,00
3544,00
10633,00
10633,00
12405,00
37217,00
37217,00
9304,00
74442,00
18610,00
783,00
5317,00
8271,00
4379,00
7444,00
24815,00
2757,00
14889,00
6768,00
759,00
2978,00
4136,00
2482,00
8273,00
9308,00
3237,00
8274,00
14894,00
310,00
2482,00
1692,00
1379,00
6772,00
7450,00
980,00
6209,00
2980,00
4139,00
14904,00
12420,00
10646,00
74528,00
37264,00
10647,00
801,00
37265,00
3922,00
8281,00
9316,00
12422,00
37270,00
1202,00
10648,00
24847,00
1307,00
1433,00
6777,00
6777,00
3550,00
9320,00
14912,00
3106,00
12427,00
24856,00
4142,00
18642,00
5327,00
10654,00
74585,00
1130,00
9323,00
74591,00
18649,00
4143,00
37298,00
12433,00
9324,00
74599,00
37299,00
14922,00
18653,00
1036,00
1463,00
8291,00
4389,00
4975,00
24877,00
74634,00
2985,00
14927,00
7463,00
1286,00
7464,00
6221,00
5743,00
9333,00
10668,00
6223,00
24895,00
12448,00
1037,00
4979,00
4668,00
3931,00
14938,00
8299,00
3931,00
14940,00
18675,00
518,00
4150,00
4394,00
2197,00
6226,00
9339,00
1778,00
7471,00
9339,00
8302,00
18682,00
37364,00
37364,00
37364,00
37364,00
18687,00
37375,00
74751,00
5339,00
24920,00
633,00
10681,00
10681,00
12462,00
10682,00
24925,00
18694,00
3115,00
10683,00
14956,00
6231,00
14956,00
74785,00
6232,00
18696,00
74786,00
3561,00
24931,00
12465,00
12467,00
1100,00
12467,00
12467,00
18700,00
18700,00
5343,00
18703,00
10688,00
9353,00
74845,00
37424,00
24951,00
74855,00
37428,00
3939,00
14971,00
12478,00
14976,00
18720,00
24964,00
10699,00
37446,00
24967,00
780,00
6809,00
3942,00
3942,00
37455,00
24970,00
4406,00
24971,00
9364,00
986,00
3746,00
5352,00
4408,00
10706,00
14989,00
4163,00
12491,00
24983,00
394,00
2776,00
1595,00
2026,00
8329,00
7496,00
1414,00
9371,00
3407,00
3123,00
24990,00
14994,00
24991,00
37486,00
37487,00
12495,00
18744,00
24992,00
3946,00
18744,00
14995,00
9372,00
24992,00
74983,00
14996,00
24995,00
24995,00
2205,00
9373,00
7502,00
4689,00
9378,00
15007,00
4690,00
12506,00
37522,00
2588,00
15013,00
5362,00
10724,00
75074,00
18768,00
6256,00
12512,00
6256,00
5775,00
15016,00
15016,00
18771,00
25029,00
25030,00
12515,00
18774,00
10729,00
1029,00
5784,00
1790,00
6835,00
15039,00
8355,00
1880,00
9400,00
361,00
