





































































































































































































































































































































































































































































































































































































































































































































































































































































































































































































































































































































363,00
12500,00
4166,00
1639,00
6666,00
3703,00
781,00
3703,00
1041,00
270,00
6666,00
2702,00
418,00
6666,00
14285,00
9090,00
20000,00
11111,00
5555,00
16666,00
16666,00
8333,00
12500,00
7692,00
5263,00
20000,00
2857,00
1886,00
14285,00
10000,00
3030,00
5555,00
5555,00
1538,00
7142,00
4000,00
1000,00
7692,00
4000,00
1123,00
5555,00
5882,00
2040,00
8333,00
8333,00
1960,00
7142,00
4347,00
1694,00
7142,00
2272,00
909,00
7142,00
2702,00
735,00
4166,00
2380,00
787,00
1785,00
1010,00
208,00
2083,00
934,00
134,00
1388,00
884,00
123,00
12500,00
7692,00
5263,00
5555,00
7692,00
3125,00
16666,00
10000,00
4545,00
9090,00
4761,00
2325,00
12500,00
2564,00
1020,00
11111,00
6250,00
1785,00
6250,00
2564,00
628,00
5000,00
1408,00
257,00
3448,00
1851,00
334,00
14285,00
10000,00
7692,00
10000,00
9090,00
8333,00
20000,00
14285,00
5263,00
14285,00
8333,00
3225,00
14285,00
7142,00
2380,00
14285,00
5555,00
2439,00
6666,00
3333,00
1052,00
6666,00
2702,00
847,00
4761,00
2173,00
641,00
7692,00
11111,00
3225,00
8333,00
12500,00
3703,00
6666,00
8333,00
4000,00
7142,00
9090,00
3225,00
10000,00
8333,00
2500,00
7692,00
7692,00
2439,00
5882,00
4347,00
729,00
4347,00
4166,00
574,00
4545,00
3125,00
645,00
25000,00
16666,00
9090,00
11111,00
8333,00
4545,00
16666,00
7142,00
7142,00
12500,00
20000,00
3846,00
25000,00
9090,00
2857,00
14285,00
12500,00
3333,00
4166,00
3448,00
1388,00
5555,00
6250,00
1176,00
8333,00
4545,00
1265,00
6250,00
9090,00
4545,00
346,00
7142,00
1298,00
5555,00
11111,00
5882,00
16666,00
9090,00
3846,00
7692,00
7692,00
2857,00
14285,00
14285,00
5263,00
8333,00
8333,00
1724,00
3448,00
5555,00
970,00
12500,00
9090,00
1428,00
33333,00
11111,00
4545,00
14285,00
25000,00
2941,00
16666,00
7142,00
3333,00
11111,00
5882,00
2040,00
14285,00
4347,00
917,00
12500,00
2702,00
2000,00
5263,00
3030,00
617,00
3030,00
3225,00
349,00
3703,00
1923,00
448,00
50000,00
14285,00
10000,00
20000,00
6666,00
5000,00
20000,00
14285,00
11111,00
16666,00
9090,00
5882,00
14285,00
4347,00
1315,00
14285,00
7692,00
3703,00
7142,00
5000,00
1612,00
8333,00
4000,00
787,00
9090,00
5000,00
1098,00
20000,00
33333,00
10000,00
8333,00
12500,00
5000,00
16666,00
9090,00
5882,00
8333,00
8333,00
3125,00
11111,00
6250,00
1538,00
25000,00
3571,00
2702,00
9090,00
7692,00
1785,00
10000,00
5882,00
909,00
11111,00
7142,00
1176,00
8333,00
9090,00
2439,00
9090,00
10000,00
1960,00
7692,00
7142,00
1960,00
9090,00
4347,00
1282,00
10000,00
4000,00
1020,00
5882,00
3703,00
1052,00
2500,00
1538,00
289,00
2380,00
1562,00
201,00
1923,00
1020,00
183,00
14285,00
9090,00
6250,00
14285,00
14285,00
4166,00
16666,00
9090,00
5263,00
16666,00
7142,00
2631,00
12500,00
5882,00
1724,00
16666,00
9090,00
2222,00
7692,00
3846,00
900,00
5882,00
3703,00
564,00
5263,00
2127,00
500,00
11111,00
20000,00
4545,00
14285,00
11111,00
3225,00
16666,00
12500,00
6666,00
16666,00
7692,00
3703,00
12500,00
6250,00
2941,00
20000,00
7692,00
2941,00
7142,00
4545,00
1111,00
4166,00
3703,00
729,00
5263,00
2564,00
492,00
1492,00
4000,00
892,00
4347,00
4166,00
1388,00
2702,00
2380,00
925,00
3333,00
1639,00
787,00
3333,00
2272,00
746,00
2000,00
1265,00
510,00
1020,00
662,00
131,00
1063,00
709,00
167,00
735,00
444,00
119,00
6666,00
8333,00
2500,00
9090,00
10000,00
3125,00
7692,00
6250,00
1923,00
5000,00
3030,00
1666,00
6666,00
6250,00
1176,00
5000,00
2857,00
934,00
2000,00
1282,00
427,00
2325,00
1470,00
398,00
1515,00
1086,00
387,00
2325,00
5555,00
1449,00
4761,00
8333,00
2702,00
3846,00
5882,00
2380,00
3571,00
3703,00
1449,00
5882,00
4545,00
1470,00
6666,00
4347,00
1538,00
1851,00
1428,00
361,00
2777,00
1785,00
478,00
2272,00
1351,00
349,00
4347,00
2857,00
1041,00
3703,00
3571,00
1098,00
2857,00
1818,00
694,00
2777,00
1190,00
507,00
2631,00
1369,00
452,00
1587,00
869,00
398,00
833,00
421,00
102,00
724,00
531,00
87,00
571,00
367,00
90,00
5882,00
5555,00
2439,00
6666,00
5882,00
2000,00
6250,00
5000,00
1785,00
4347,00
2380,00
1219,00
5882,00
2173,00
952,00
4000,00
2380,00
854,00
1515,00
990,00
313,00
1923,00
970,00
233,00
1265,00
751,00
276,00
5882,00
5555,00
2439,00
8333,00
7692,00
2040,00
6250,00
5882,00
2000,00
4347,00
2127,00
892,00
6250,00
4000,00
1098,00
5555,00
2631,00
952,00
2380,00
1086,00
325,00
2083,00
1369,00
349,00
1587,00
980,00
353,00
1333,00
1492,00
420,00
2127,00
1470,00
571,00
1538,00
990,00
416,00
1428,00
769,00
309,00
1250,00
826,00
264,00
869,00
534,00
214,00
416,00
281,00
37,00
432,00
278,00
41,00
323,00
206,00
28,00
5882,00
3225,00
1298,00
4347,00
3703,00
1123,00
3571,00
2173,00
862,00
2272,00
1666,00
628,00
2777,00
1639,00
617,00
1754,00
1250,00
490,00
1010,00
617,00
152,00
1030,00
588,00
136,00
729,00
427,00
116,00
3448,00
3448,00
1219,00
5000,00
4000,00
1333,00
3571,00
2941,00
1020,00
3571,00
1923,00
793,00
3846,00
2083,00
751,00
2857,00
1612,00
581,00
1176,00
694,00
159,00
1282,00
735,00
188,00
961,00
546,00
107,00
14285,00
9090,00
4761,00
14285,00
16666,00
3448,00
16666,00
8333,00
3571,00
5882,00
3571,00
1851,00
7692,00
8333,00
2941,00
7142,00
3571,00
1515,00
3448,00
2380,00
689,00
4166,00
2500,00
657,00
2857,00
1587,00
588,00
14285,00
10000,00
5000,00
5882,00
12500,00
3125,00
10000,00
9090,00
4545,00
12500,00
5000,00
3448,00
12500,00
12500,00
3225,00
12500,00
7142,00
2222,00
7142,00
4761,00
1030,00
1388,00
4166,00
884,00
5882,00
3571,00
943,00
5263,00
9090,00
4166,00
7692,00
7692,00
4347,00
12500,00
7692,00
6666,00
5882,00
2325,00
2040,00
16666,00
12500,00
5882,00
14285,00
5882,00
3125,00
9090,00
4166,00
1886,00
7142,00
4761,00
1785,00
8333,00
3571,00
1587,00
11111,00
12500,00
4000,00
9090,00
12500,00
4347,00
10000,00
8333,00
3225,00
10000,00
6250,00
1886,00
7692,00
5555,00
1587,00
9090,00
4000,00
1234,00
3448,00
1694,00
581,00
3125,00
1724,00
431,00
2040,00
1123,00
411,00
20000,00
16666,00
10000,00
20000,00
11111,00
7692,00
20000,00
20000,00
6666,00
16666,00
5263,00
3333,00
11111,00
2631,00
1851,00
14285,00
5555,00
2500,00
9090,00
4761,00
1612,00
8333,00
3703,00
892,00
6666,00
3225,00
917,00
11111,00
20000,00
11111,00
20000,00
12500,00
5882,00
20000,00
16666,00
6666,00
9090,00
4545,00
2941,00
10000,00
7692,00
3125,00
16666,00
7692,00
3030,00
8333,00
4761,00
1587,00
7692,00
4347,00
1428,00
8333,00
4545,00
1298,00
6666,00
7142,00
2500,00
6250,00
6250,00
2173,00
5882,00
4347,00
1449,00
4545,00
2777,00
1030,00
5000,00
3125,00
1052,00
3571,00
2173,00
684,00
1694,00
961,00
268,00
1639,00
1063,00
218,00
1176,00
719,00
175,00
9090,00
11111,00
3846,00
6250,00
10000,00
2564,00
9090,00
11111,00
2941,00
9090,00
5555,00
2631,00
9090,00
6250,00
2083,00
9090,00
5555,00
1724,00
3846,00
2380,00
740,00
3225,00
2325,00
408,00
2500,00
1492,00
446,00
16666,00
11111,00
4761,00
16666,00
12500,00
6250,00
20000,00
11111,00
5000,00
11111,00
5000,00
2272,00
14285,00
6666,00
3333,00
12500,00
7142,00
2173,00
5882,00
2941,00
840,00
5555,00
2941,00
862,00
3846,00
1923,00
574,00
3125,00
9090,00
2564,00
14285,00
12500,00
12500,00
5000,00
12500,00
3571,00
3571,00
7692,00
2500,00
16666,00
8333,00
3448,00
7692,00
7692,00
2500,00
2564,00
3448,00
609,00
5000,00
3571,00
729,00
2857,00
2222,00
413,00
9090,00
11111,00
5555,00
7692,00
14285,00
5000,00
8333,00
16666,00
5555,00
10000,00
7692,00
4545,00
16666,00
14285,00
4166,00
11111,00
11111,00
4166,00
7142,00
4000,00
1538,00
7692,00
6666,00
1234,00
8333,00
5555,00
1351,00
432,00
4000,00
925,00
3333,00
10000,00
3448,00
3125,00
14285,00
3571,00
6666,00
6250,00
3846,00
12500,00
9090,00
5263,00
25000,00
9090,00
4761,00
2857,00
6250,00
724,00
6250,00
7692,00
1075,00
4761,00
5882,00
684,00
20000,00
14285,00
6250,00
20000,00
12500,00
3703,00
11111,00
11111,00
3703,00
5882,00
4761,00
2380,00
12500,00
6666,00
2173,00
7692,00
6666,00
1923,00
4166,00
1818,00
657,00
4000,00
2702,00
561,00
3333,00
1694,00
588,00
8333,00
7692,00
5263,00
11111,00
10000,00
6666,00
11111,00
20000,00
8333,00
11111,00
9090,00
7142,00
20000,00
11111,00
3846,00
16666,00
10000,00
4347,00
7692,00
5555,00
1515,00
9090,00
6250,00
1204,00
7692,00
5000,00
1219,00
14285,00
12500,00
7692,00
20000,00
10000,00
5555,00
25000,00
14285,00
10000,00
6666,00
8333,00
3846,00
20000,00
6250,00
2857,00
16666,00
9090,00
3703,00
9090,00
4347,00
1724,00
14285,00
7142,00
1639,00
10000,00
5555,00
1639,00
2941,00
7142,00
1612,00
11111,00
6666,00
2702,00
5882,00
5882,00
1562,00
7142,00
4000,00
1250,00
4545,00
3571,00
1111,00
4761,00
3030,00
952,00
1960,00
1282,00
240,00
2272,00
1315,00
246,00
1492,00
943,00
127,00
5000,00
11111,00
4545,00
20000,00
12500,00
4166,00
20000,00
16666,00
4761,00
10000,00
11111,00
3448,00
11111,00
10000,00
2702,00
14285,00
6666,00
2222,00
6250,00
3333,00
1010,00
6666,00
3225,00
719,00
4545,00
2272,00
546,00
4347,00
10000,00
2702,00
10000,00
11111,00
7142,00
14285,00
14285,00
3703,00
12500,00
9090,00
3125,00
10000,00
5557,00
2942,00
16675,00
5888,00
2567,00
3709,00
3852,00
603,00
5565,00
3036,00
695,00
3132,00
2045,00
125,00
