




























































































































































































































































































































































































































































































































































































































































































































































































































































































































































































































































































































































































































































































































































































































































































































































9090,00
11111,00
7692,00
5882,00
12500,00
14285,00
16666,00
25000,00
10000,00
10000,00
14285,00
1020,00
2222,00
1639,00
1886,00
2631,00
2500,00
917,00
2173,00
1923,00
5263,00
8333,00
5555,00
11111,00
12500,00
10000,00
6666,00
7142,00
11111,00
5000,00
12500,00
6666,00
14285,00
33333,00
25000,00
7692,00
25000,00
8333,00
3571,00
5263,00
5555,00
5263,00
6250,00
7142,00
4347,00
5263,00
6666,00
14285,00
20000,00
25000,00
20000,00
20000,00
33333,00
14285,00
25000,00
14285,00
12500,00
16666,00
25000,00
20000,00
20000,00
25000,00
12500,00
33333,00
33333,00
6250,00
9090,00
11111,00
8333,00
10000,00
12500,00
5882,00
8333,00
14285,00
20000,00
33333,00
50000,00
33333,00
33333,00
50000,00
33333,00
50000,00
50000,00
25000,00
20000,00
20000,00
100000,00
33333,00
33333,00
33333,00
16666,00
50000,00
6666,00
9090,00
20000,00
12500,00
20000,00
14285,00
8333,00
11111,00
20000,00
14285,00
50000,00
25000,00
100000,00
50000,00
50000,00
33333,00
100000,00
100000,00
25000,00
25000,00
20000,00
100000,00
50000,00
100000,00
33333,00
100000,00
100000,00
3225,00
14285,00
7142,00
10000,00
25000,00
16666,00
4761,00
14285,00
12500,00
25000,00
25000,00
20000,00
16666,00
20000,00
50000,00
14285,00
20000,00
33333,00
9090,00
14285,00
3703,00
20000,00
100000,00
50000,00
16666,00
100000,00
14285,00
10000,00
25000,00
25000,00
16666,00
25000,00
11111,00
11111,00
33333,00
25000,00
25000,00
25000,00
33333,00
33333,00
25000,00
25000,00
25000,00
50000,00
33333,00
25000,00
25000,00
50000,00
100000,00
100000,00
33333,00
16666,00
50000,00
50000,00
12500,00
50000,00
25000,00
25000,00
33333,00
16666,00
7142,00
20000,00
16666,00
33333,00
50000,00
100000,00
100000,00
100000,00
50000,00
50000,00
100000,00
50000,00
16666,00
100000,00
16666,00
100000,00
100000,00
33333,00
50000,00
50000,00
20000,00
1470,00
2173,00
2439,00
1818,00
3030,00
2941,00
1666,00
2380,00
2500,00
4761,00
5882,00
7142,00
6666,00
11111,00
12500,00
6250,00
6250,00
9090,00
6250,00
9090,00
16666,00
7142,00
16666,00
20000,00
9090,00
16666,00
14285,00
2702,00
4000,00
4166,00
2500,00
3703,00
5000,00
2325,00
3333,00
4545,00
8333,00
16666,00
20000,00
12500,00
20000,00
33333,00
14285,00
14285,00
16666,00
16666,00
25000,00
25000,00
4545,00
33333,00
20000,00
20000,00
20000,00
25000,00
2325,00
3703,00
3846,00
2941,00
5555,00
3333,00
2702,00
3225,00
4000,00
7142,00
11111,00
9090,00
25000,00
25000,00
33333,00
16666,00
11111,00
14285,00
16666,00
25000,00
33333,00
12500,00
20000,00
16666,00
25000,00
50000,00
14285,00
5882,00
10000,00
10000,00
8333,00
12500,00
16666,00
8333,00
9090,00
10000,00
33333,00
25000,00
20000,00
16666,00
16666,00
33333,00
33333,00
20000,00
33333,00
50000,00
25000,00
25000,00
50000,00
25000,00
25000,00
100000,00
20000,00
33333,00
10000,00
14285,00
16666,00
12500,00
16666,00
33333,00
16666,00
14285,00
33333,00
50000,00
100000,00
50000,00
12500,00
12500,00
12500,00
100000,00
33333,00
20000,00
50000,00
100000,00
100000,00
100000,00
50000,00
33333,00
50000,00
25000,00
50000,00
14285,00
16666,00
50000,00
20000,00
14285,00
16666,00
16666,00
14285,00
33333,00
25000,00
20000,00
100000,00
20000,00
50000,00
100000,00
33333,00
100000,00
50000,00
50000,00
50000,00
100000,00
100000,00
50000,00
50000,00
100000,00
50000,00
33333,00
16666,00
14285,00
20000,00
16666,00
20000,00
20000,00
33333,00
33333,00
50000,00
33333,00
100000,00
50000,00
50000,00
33333,00
50000,00
25000,00
33333,00
50000,00
100000,00
100000,00
50000,00
33333,00
100000,00
33333,00
33333,00
50000,00
50000,00
11111,00
25000,00
20000,00
14285,00
25000,00
25000,00
20000,00
33333,00
33333,00
33333,00
100000,00
100000,00
50000,00
50000,00
100000,00
25000,00
16666,00
50000,00
50000,00
50000,00
20000,00
25000,00
33333,00
7692,00
100000,00
50000,00
33333,00
33333,00
25000,00
50000,00
50000,00
33333,00
33333,00
20000,00
33333,00
50000,00
100000,00
25000,00
100000,00
100000,00
50000,00
50000,00
33333,00
33333,00
20000,00
50000,00
33333,00
100000,00
100000,00
100000,00
25000,00
100000,00
100000,00
33333,00
1449,00
3333,00
2500,00
2631,00
3703,00
3703,00
1785,00
3571,00
2272,00
7142,00
10000,00
10000,00
12500,00
14285,00
16666,00
7692,00
14285,00
9090,00
8333,00
14285,00
10000,00
11111,00
25000,00
14285,00
6666,00
20000,00
11111,00
3448,00
3448,00
5555,00
4166,00
5263,00
6250,00
3333,00
4761,00
6250,00
14285,00
14285,00
33333,00
33333,00
20000,00
25000,00
14285,00
25000,00
25000,00
33333,00
25000,00
50000,00
20000,00
16666,00
50000,00
20000,00
50000,00
25000,00
2702,00
5000,00
3448,00
5555,00
7692,00
3846,00
2272,00
3703,00
2857,00
10000,00
33333,00
20000,00
50000,00
20000,00
100000,00
33333,00
16666,00
12500,00
11111,00
50000,00
16666,00
33333,00
20000,00
14285,00
12500,00
100000,00
5555,00
8333,00
16666,00
14285,00
16666,00
20000,00
25000,00
16666,00
25000,00
25000,00
20000,00
25000,00
33333,00
50000,00
50000,00
50000,00
50000,00
33333,00
50000,00
25000,00
100000,00
100000,00
50000,00
100000,00
11111,00
33333,00
100000,00
100000,00
12500,00
25000,00
25000,00
20000,00
25000,00
50000,00
12500,00
33333,00
33333,00
20000,00
50000,00
100000,00
50000,00
100000,00
50000,00
50000,00
50000,00
100000,00
50000,00
100000,00
100000,00
100000,00
100000,00
100000,00
100000,00
100000,00
33333,00
9090,00
16666,00
33333,00
33333,00
100000,00
33333,00
33333,00
20000,00
20000,00
11111,00
100000,00
100000,00
100000,00
100000,00
100000,00
100000,00
25000,00
12500,00
50000,00
100000,00
50000,00
100000,00
33333,00
50000,00
50000,00
33333,00
14285,00
5000,00
25000,00
20000,00
20000,00
25000,00
50000,00
9090,00
100000,00
20000,00
20000,00
100000,00
33333,00
100000,00
100000,00
100000,00
100000,00
100000,00
100000,00
12500,00
25000,00
14285,00
33333,00
50000,00
100000,00
12500,00
100000,00
20000,00
7692,00
33333,00
100000,00
50000,00
20000,00
50000,00
20000,00
100000,00
25000,00
20000,00
100000,00
100000,00
100000,00
100000,00
50000,00
50000,00
50000,00
33333,00
33333,00
50000,00
50000,00
33333,00
33333,00
33333,00
33333,00
100000,00
33333,00
10000,00
100000,00
50000,00
20000,00
20000,00
10000,00
7692,00
25000,00
8333,00
25000,00
100000,00
50000,00
100000,00
33333,00
100000,00
50000,00
100000,00
33333,00
16666,00
33333,00
16666,00
14285,00
25000,00
763,00
6250,00
20000,00
833,00
