





































































































































































































































































































































































































































































































































































































































































































































































































































































































































































































































































































































4449,00
1529,00
2039,00
12237,00
4079,00
9790,00
8158,00
4450,00
8160,00
6120,00
5441,00
12242,00
12242,00
235,00
1166,00
1959,00
98,00
494,00
2130,00
112,00
710,00
2042,00
731,00
2882,00
4900,00
363,00
453,00
5446,00
597,00
1114,00
3064,00
1140,00
4085,00
9806,00
1816,00
3269,00
5450,00
1362,00
3773,00
3773,00
1486,00
5450,00
7008,00
1443,00
3270,00
9813,00
1022,00
7010,00
9814,00
4461,00
8179,00
12268,00
6134,00
9815,00
9815,00
3271,00
5453,00
16359,00
4907,00
5453,00
12271,00
8181,00
9817,00
24543,00
8181,00
8182,00
49092,00
711,00
2727,00
4910,00
876,00
2455,00
7015,00
701,00
2338,00
5457,00
1754,00
4911,00
24560,00
1819,00
5457,00
16373,00
2232,00
4913,00
16378,00
3275,00
8189,00
16381,00
4467,00
12287,00
9830,00
4915,00
16383,00
16383,00
235,00
963,00
1536,00
233,00
1092,00
2137,00
170,00
964,00
1966,00
630,00
2341,00
4097,00
945,00
2234,00
4470,00
819,00
2731,00
5463,00
1143,00
9835,00
9837,00
1967,00
4472,00
9838,00
1892,00
8199,00
8200,00
1757,00
5468,00
5470,00
1491,00
4923,00
8206,00
1025,00
2896,00
6157,00
3518,00
12314,00
4104,00
5473,00
12315,00
12316,00
3284,00
5474,00
7039,00
5476,00
8215,00
6162,00
4482,00
7043,00
966,00
4482,00
6163,00
9861,00
1174,00
4483,00
3793,00
1409,00
4483,00
4483,00
948,00
2740,00
5481,00
2741,00
5482,00
7048,00
2902,00
9868,00
12336,00
2467,00
4112,00
12340,00
5484,00
4113,00
9872,00
4936,00
12342,00
16458,00
3086,00
4489,00
8230,00
401,00
1543,00
2147,00
327,00
1453,00
1900,00
243,00
1122,00
1453,00
851,00
3529,00
4941,00
1176,00
7059,00
7060,00
1074,00
1976,00
6179,00
1300,00
7062,00
8240,00
2355,00
8246,00
9897,00
2061,00
4948,00
8247,00
1903,00
12373,00
8249,00
1903,00
5501,00
5501,00
1547,00
8252,00
5501,00
4126,00
5501,00
9903,00
8252,00
9904,00
8254,00
2153,00
4127,00
6190,00
8257,00
7078,00
9909,00
4504,00
16517,00
1270,00
4955,00
8261,00
1377,00
1101,00
4508,00
4959,00
1305,00
3542,00
12400,00
1550,00
3543,00
4960,00
2917,00
4960,00
16535,00
3815,00
4960,00
49611,00
3307,00
4510,00
9922,00
3544,00
24810,00
337,00
5514,00
5514,00
12406,00
8272,00
12408,00
6204,00
393,00
1601,00
1909,00
370,00
1711,00
2481,00
286,00
1034,00
2363,00
800,00
2364,00
4964,00
1241,00
2482,00
4965,00
1079,00
1128,00
4514,00
1551,00
8276,00
3103,00
2613,00
12416,00
7095,00
2159,00
7099,00
3822,00
1775,00
7100,00
12427,00
1841,00
4519,00
9942,00
2071,00
5524,00
16572,00
5524,00
12431,00
12431,00
8287,00
12431,00
16576,00
4144,00
8288,00
12433,00
4974,00
12437,00
6218,00
24874,00
49749,00
24877,00
16584,00
9951,00
8293,00
888,00
3110,00
4147,00
1276,00
4524,00
5529,00
995,00
3318,00
7110,00
2370,00
3828,00
7110,00
3829,00
7111,00
16592,00
3111,00
3829,00
12445,00
4978,00
12445,00
5532,00
4979,00
24896,00
12448,00
6224,00
4149,00
5532,00
334,00
1276,00
2074,00
363,00
1659,00
3320,00
211,00
996,00
1844,00
790,00
2930,00
3831,00
1132,00
3113,00
4981,00
1037,00
2622,00
4529,00
1311,00
12457,00
5536,00
2076,00
9967,00
12459,00
1384,00
3833,00
2931,00
123,00
1084,00
1216,00
234,00
1160,00
2494,00
100,00
631,00
1108,00
1279,00
3118,00
4989,00
1160,00
3838,00
6237,00
767,00
2268,00
4537,00
978,00
4537,00
3565,00
1782,00
4159,00
7132,00
792,00
2627,00
1920,00
191,00
1387,00
1783,00
163,00
925,00
3330,00
112,00
581,00
999,00
819,00
2778,00
3334,00
819,00
1428,00
7144,00
609,00
1724,00
4546,00
1282,00
3335,00
3573,00
1087,00
5558,00
5002,00
1021,00
2501,00
3574,00
35,00
310,00
438,00
37,00
264,00
770,00
16,00
179,00
231,00
318,00
1001,00
1353,00
291,00
910,00
1564,00
181,00
596,00
1138,00
410,00
1788,00
1164,00
650,00
2946,00
2504,00
266,00
1473,00
910,00
451,00
1565,00
2385,00
463,00
1284,00
2178,00
296,00
1318,00
1926,00
1252,00
2637,00
4556,00
2948,00
7159,00
7159,00
1856,00
3580,00
8356,00
2949,00
5571,00
5572,00
3858,00
6269,00
10033,00
1672,00
5018,00
8363,00
328,00
1476,00
2281,00
217,00
651,00
1394,00
182,00
678,00
1045,00
1004,00
2510,00
6276,00
1357,00
2953,00
7174,00
1116,00
3588,00
10047,00
1932,00
10050,00
5025,00
1570,00
12564,00
7179,00
2393,00
10053,00
6283,00
60,00
478,00
985,00
38,00
271,00
513,00
29,00
221,00
444,00
356,00
1070,00
2514,00
392,00
1169,00
2647,00
237,00
867,00
2096,00
774,00
1935,00
3594,00
740,00
2287,00
3145,00
541,00
1935,00
3871,00
276,00
2188,00
1525,00
367,00
2097,00
3146,00
183,00
1398,00
1736,00
1678,00
3872,00
7192,00
1798,00
10070,00
12587,00
1118,00
3596,00
16784,00
1228,00
3596,00
932,00
2397,00
7193,00
12590,00
1259,00
6295,00
2650,00
331,00
1291,00
2798,00
289,00
2015,00
2798,00
205,00
853,00
1679,00
868,00
3359,00
5038,00
1439,00
4199,00
6299,00
933,00
3877,00
6301,00
1938,00
6301,00
4582,00
1738,00
3600,00
7201,00
2016,00
6302,00
7202,00
39,00
403,00
530,00
44,00
416,00
970,00
23,00
238,00
258,00
321,00
1230,00
1740,00
368,00
1442,00
2656,00
240,00
841,00
1402,00
504,00
2103,00
1231,00
701,00
2657,00
3366,00
268,00
1402,00
801,00
1231,00
3885,00
8417,00
1074,00
4592,00
2971,00
485,00
2296,00
3608,00
2806,00
5613,00
16840,00
2296,00
16840,00
25263,00
1742,00
2972,00
25266,00
3368,00
8423,00
12636,00
4596,00
16855,00
16856,00
3371,00
16858,00
50577,00
829,00
2528,00
5057,00
543,00
2199,00
2408,00
500,00
1445,00
3372,00
2199,00
8431,00
10118,00
1806,00
4599,00
16866,00
1632,00
3892,00
12650,00
3163,00
7230,00
8435,00
1054,00
6326,00
6328,00
3375,00
10126,00
8439,00
255,00
1077,00
1687,00
191,00
816,00
1746,00
102,00
531,00
1018,00
638,00
1841,00
2393,00
825,00
3191,00
4352,00
638,00
1408,00
2520,00
1408,00
5323,00
4355,00
1774,00
5990,00
5990,00
998,00
11981,00
4356,00
1295,00
3687,00
9587,00
978,00
2819,00
9587,00
940,00
3196,00
6849,00
3197,00
9594,00
15991,00
3426,00
5997,00
7997,00
3427,00
9596,00
23992,00
5998,00
6855,00
11998,00
7998,00
11998,00
16001,00
4000,00
8000,00
24003,00
905,00
3000,00
6858,00
676,00
1548,00
4800,00
516,00
1920,00
6001,00
2667,00
5334,00
24006,00
1371,00
1200,00
6002,00
2527,00
4001,00
24008,00
3429,00
8003,00
9604,00
6860,00
9604,00
24011,00
5335,00
12006,00
16009,00
242,00
1021,00
1601,00
181,00
828,00
1921,00
121,00
615,00
1455,00
696,00
2089,00
6006,00
658,00
1264,00
3005,00
608,00
1658,00
4371,00
1602,00
5343,00
9617,00
1658,00
5343,00
8016,00
1503,00
5344,00
6012,00
1233,00
3700,00
5345,00
1173,00
4373,00
4009,00
844,00
3436,00
2830,00
2830,00
6015,00
8021,00
3437,00
3437,00
8025,00
2832,00
9632,00
9632,00
4380,00
9637,00
9638,00
6884,00
48190,00
16065,00
4381,00
12049,00
24099,00
634,00
2677,00
3707,00
698,00
2410,00
4382,00
634,00
2410,00
4820,00
1662,00
6887,00
16069,00
2836,00
8036,00
12055,00
2009,00
6028,00
6029,00
2838,00
6892,00
16084,00
3015,00
8042,00
1787,00
2539,00
8043,00
12066,00
209,00
791,00
1340,00
223,00
1072,00
1931,00
128,00
670,00
1379,00
561,00
2099,00
3449,00
791,00
2841,00
5366,00
635,00
1271,00
2415,00
1150,00
4028,00
8056,00
1790,00
8056,00
4834,00
1272,00
3022,00
3719,00
1151,00
6044,00
5373,00
1791,00
6045,00
9672,00
525,00
4397,00
4398,00
4031,00
12095,00
16127,00
4031,00
8063,00
12097,00
2688,00
6049,00
12098,00
3226,00
9678,00
3024,00
6914,00
24199,00
24199,00
2304,00
6914,00
3457,00
1180,00
4400,00
6914,00
1052,00
4034,00
5380,00
780,00
3026,00
3458,00
2690,00
6053,00
6919,00
2849,00
16149,00
16149,00
3027,00
16150,00
8075,00
4845,00
12114,00
6923,00
3029,00
6923,00
16155,00
3231,00
9693,00
12118,00
247,00
1514,00
1310,00
306,00
1671,00
2020,00
101,00
969,00
557,00
865,00
3031,00
3465,00
898,00
3234,00
6930,00
703,00
2426,00
2854,00
1128,00
5392,00
3235,00
2311,00
6067,00
9707,00
795,00
6934,00
2427,00
1798,00
4417,00
9717,00
1799,00
8098,00
4049,00
1157,00
3738,00
9718,00
3471,00
9722,00
24307,00
4419,00
9723,00
12154,00
2430,00
16206,00
12155,00
9724,00
8105,00
6947,00
8106,00
16213,00
8106,00
6948,00
12160,00
16214,00
1186,00
2861,00
5405,00
1081,00
5405,00
6950,00
1131,00
4423,00
4423,00
3041,00
4865,00
9732,00
4866,00
8111,00
24334,00
3744,00
6954,00
9737,00
5409,00
4868,00
4057,00
6955,00
12172,00
12172,00
3746,00
6087,00
12174,00
377,00
1679,00
2435,00
377,00
1571,00
2215,00
194,00
1059,00
1160,00
886,00
3481,00
6091,00
1249,00
4061,00
4873,00
974,00
2320,00
4061,00
1949,00
8123,00
9748,00
2565,00
8123,00
6963,00
1680,00
3749,00
6093,00
886,00
4432,00
2708,00
1572,00
4432,00
12190,00
547,00
2868,00
2566,00
4064,00
5419,00
24388,00
4877,00
9755,00
12195,00
4434,00
6968,00
12195,00
3484,00
16261,00
1742,00
4878,00
16263,00
24396,00
2568,00
12202,00
4067,00
887,00
3487,00
6975,00
1135,00
4438,00
6976,00
800,00
3488,00
6977,00
2220,00
6978,00
16282,00
3757,00
8141,00
16283,00
4441,00
8142,00
6979,00
6979,00
8143,00
6979,00
4885,00
12214,00
9771,00
4886,00
9773,00
16295,00
194,00
1136,00
1086,00
341,00
1527,00
2716,00
77,00
626,00
367,00
752,00
3056,00
3762,00
1063,00
2223,00
6114,00
688,00
1686,00
3261,00
1223,00
3261,00
2446,00
1578,00
4448,00
5437,00
362,00
1687,00
210,00
