





































































































































































































































































































































































































































































































































































































































































































































































































































































































































































































































































































































1342,00
1163,00
1454,00
3172,00
612,00
943,00
2493,00
379,00
554,00
2182,00
919,00
1941,00
2496,00
920,00
2185,00
2913,00
999,00
1665,00
4372,00
1520,00
3887,00
4373,00
546,00
1166,00
4374,00
372,00
593,00
2692,00
1000,00
1591,00
3889,00
321,00
946,00
1945,00
223,00
443,00
1297,00
473,00
1401,00
1843,00
1459,00
2502,00
3893,00
1946,00
2695,00
3504,00
1844,00
3186,00
5008,00
1031,00
3187,00
2922,00
1062,00
2192,00
3897,00
1403,00
2063,00
5012,00
855,00
2063,00
2699,00
731,00
1671,00
2339,00
1032,00
2340,00
5852,00
1132,00
2341,00
5017,00
1350,00
1756,00
2702,00
1301,00
2509,00
3194,00
702,00
1098,00
3904,00
516,00
540,00
2929,00
950,00
1464,00
5023,00
366,00
1004,00
2511,00
308,00
517,00
1406,00
525,00
1172,00
2198,00
495,00
1066,00
2932,00
703,00
1256,00
2199,00
1066,00
2070,00
3199,00
308,00
606,00
1675,00
300,00
676,00
1466,00
800,00
1760,00
3200,00
144,00
359,00
1035,00
150,00
253,00
902,00
320,00
819,00
1468,00
1678,00
5875,00
2711,00
1958,00
2518,00
2074,00
1533,00
2712,00
2351,00
2204,00
3919,00
2519,00
2351,00
7054,00
3920,00
1411,00
3528,00
3529,00
1411,00
2521,00
2076,00
1069,00
3209,00
2942,00
1961,00
2942,00
2942,00
2077,00
2943,00
3211,00
1859,00
3925,00
2078,00
1605,00
2523,00
3533,00
2524,00
8835,00
5890,00
2078,00
5890,00
5049,00
2079,00
5891,00
4418,00
982,00
1860,00
3213,00
822,00
2946,00
2079,00
1309,00
1861,00
3929,00
1684,00
5052,00
2947,00
1219,00
3216,00
3217,00
1474,00
2949,00
2949,00
1415,00
2950,00
2950,00
1361,00
3218,00
2723,00
1221,00
3219,00
4431,00
886,00
1477,00
2727,00
681,00
1688,00
2532,00
788,00
1688,00
1970,00
1542,00
3942,00
933,00
1420,00
2731,00
2731,00
2219,00
4439,00
3551,00
2220,00
2732,00
3552,00
2223,00
3233,00
4449,00
2372,00
1977,00
5934,00
1424,00
2968,00
3958,00
1228,00
3562,00
2969,00
2546,00
3240,00
3961,00
1877,00
3242,00
5095,00
1550,00
1981,00
3242,00
1783,00
3567,00
3243,00
1551,00
3243,00
3964,00
1115,00
1372,00
1784,00
2379,00
2549,00
3965,00
1151,00
2974,00
4463,00
1020,00
1984,00
2101,00
1554,00
2980,00
3251,00
1987,00
3577,00
2981,00
1233,00
1703,00
2385,00
1192,00
2982,00
2105,00
917,00
2556,00
2752,00
1052,00
2105,00
2556,00
1154,00
994,00
1789,00
542,00
2105,00
1704,00
483,00
1234,00
1557,00
688,00
1790,00
2106,00
2238,00
4476,00
7162,00
1884,00
3978,00
3979,00
2754,00
4476,00
11937,00
1492,00
3581,00
2754,00
3257,00
3981,00
5972,00
2239,00
3583,00
3982,00
1327,00
2239,00
1886,00
1086,00
2560,00
2560,00
968,00
2390,00
2987,00
1494,00
3259,00
3586,00
1494,00
2989,00
2562,00
1434,00
3587,00
4484,00
1380,00
3588,00
3987,00
1435,00
2563,00
2990,00
1709,00
2761,00
3590,00
854,00
1889,00
2394,00
704,00
1496,00
2992,00
798,00
1381,00
1795,00
835,00
2394,00
5985,00
1026,00
2565,00
2565,00
1158,00
2565,00
3991,00
855,00
1890,00
2394,00
835,00
1710,00
2245,00
921,00
2113,00
2565,00
239,00
876,00
1088,00
287,00
552,00
1159,00
329,00
898,00
876,00
73,00
921,00
798,00
528,00
1562,00
2567,00
355,00
1633,00
1382,00
276,00
1384,00
1799,00
467,00
1636,00
2400,00
473,00
1500,00
1565,00
56,00
631,00
973,00
245,00
947,00
1162,00
205,00
973,00
878,00
356,00
1441,00
1896,00
563,00
1386,00
2120,00
530,00
1386,00
1802,00
313,00
1030,00
2403,00
439,00
1638,00
2121,00
474,00
1335,00
2003,00
168,00
591,00
924,00
225,00
901,00
1093,00
254,00
707,00
1002,00
186,00
708,00
1062,00
430,00
926,00
1445,00
311,00
976,00
1571,00
190,00
602,00
1338,00
296,00
1129,00
1643,00
311,00
951,00
1807,00
76,00
425,00
669,00
159,00
602,00
904,00
106,00
556,00
646,00
402,00
1723,00
2129,00
524,00
2129,00
2129,00
624,00
2263,00
3017,00
255,00
1034,00
1508,00
436,00
1646,00
2587,00
407,00
1725,00
1812,00
186,00
739,00
1098,00
232,00
1035,00
1035,00
332,00
906,00
1395,00
321,00
1067,00
1649,00
417,00
1209,00
1649,00
483,00
1344,00
1395,00
192,00
1008,00
2016,00
177,00
526,00
2419,00
382,00
1452,00
1910,00
127,00
595,00
1171,00
140,00
558,00
1134,00
228,00
772,00
907,00
200,00
478,00
1346,00
231,00
773,00
1172,00
356,00
1038,00
1652,00
94,00
404,00
983,00
137,00
606,00
1348,00
221,00
1400,00
1255,00
53,00
280,00
479,00
66,00
364,00
792,00
106,00
479,00
759,00
168,00
1302,00
1176,00
387,00
1106,00
1844,00
316,00
1327,00
1229,00
198,00
737,00
1145,00
274,00
851,00
1660,00
357,00
1107,00
1384,00
78,00
369,00
281,00
161,00
535,00
949,00
143,00
692,00
604,00
206,00
707,00
1278,00
346,00
1038,00
1384,00
369,00
1038,00
1662,00
100,00
481,00
1329,00
171,00
651,00
1585,00
216,00
924,00
1447,00
59,00
221,00
462,00
83,00
323,00
665,00
129,00
462,00
628,00
64,00
266,00
336,00
165,00
469,00
757,00
152,00
605,00
595,00
44,00
170,00
529,00
78,00
323,00
813,00
121,00
505,00
855,00
13,00
76,00
122,00
28,00
110,00
260,00
25,00
149,00
162,00
794,00
1391,00
2226,00
1336,00
2570,00
1670,00
1077,00
2227,00
2784,00
879,00
1452,00
4177,00
1285,00
1966,00
3714,00
928,00
1857,00
5573,00
557,00
904,00
2574,00
597,00
1761,00
2391,00
669,00
1456,00
2576,00
1762,00
1674,00
4186,00
957,00
2792,00
1971,00
1241,00
2577,00
3724,00
931,00
1397,00
3354,00
1341,00
1863,00
3050,00
1016,00
2796,00
4194,00
516,00
958,00
3051,00
346,00
1157,00
1766,00
762,00
1398,00
2098,00
658,00
1119,00
4196,00
907,00
1865,00
2238,00
818,00
1865,00
2583,00
685,00
1017,00
1865,00
883,00
1975,00
5598,00
799,00
1600,00
1768,00
365,00
763,00
1527,00
425,00
1084,00
1867,00
430,00
1018,00
2102,00
2402,00
3737,00
4204,00
1601,00
2402,00
3057,00
1681,00
4204,00
3737,00
1770,00
2242,00
3740,00
1246,00
2104,00
5612,00
2245,00
3061,00
6736,00
1122,00
1531,00
3063,00
842,00
1773,00
3744,00
963,00
1873,00
4817,00
1533,00
2410,00
4820,00
1349,00
1874,00
3749,00
1776,00
2812,00
8436,00
937,00
1298,00
5627,00
511,00
718,00
2814,00
1206,00
2251,00
3753,00
649,00
1468,00
1777,00
489,00
1165,00
2599,00
804,00
1877,00
2253,00
866,00
1537,00
3757,00
735,00
1610,00
1989,00
966,00
2416,00
3759,00
412,00
786,00
2417,00
564,00
995,00
1612,00
940,00
1612,00
3387,00
345,00
915,00
1254,00
302,00
752,00
1411,00
376,00
1026,00
1473,00
868,00
2259,00
4236,00
968,00
2607,00
3082,00
1541,00
3390,00
5651,00
664,00
1474,00
2120,00
997,00
1997,00
3087,00
849,00
1997,00
3087,00
693,00
1095,00
1787,00
693,00
1306,00
2613,00
693,00
1699,00
3399,00
809,00
1700,00
3400,00
894,00
2000,00
2834,00
1000,00
1889,00
3779,00
493,00
1260,00
3780,00
708,00
1308,00
2431,00
872,00
1547,00
3403,00
293,00
972,00
1418,00
327,00
740,00
791,00
549,00
1063,00
1621,00
391,00
830,00
1702,00
608,00
1548,00
1548,00
740,00
1623,00
2005,00
273,00
559,00
1422,00
474,00
1066,00
2008,00
517,00
875,00
1707,00
126,00
319,00
599,00
156,00
319,00
923,00
185,00
449,00
834,00
1036,00
3108,00
2011,00
2011,00
3108,00
2630,00
1103,00
4274,00
1486,00
1554,00
3109,00
2631,00
1800,00
2851,00
3802,00
1488,00
4890,00
5705,00
760,00
2282,00
1556,00
1007,00
2633,00
4892,00
728,00
4281,00
2283,00
2446,00
4282,00
2635,00
1713,00
5711,00
4284,00
1490,00
3427,00
3429,00
1371,00
4899,00
4287,00
1905,00
4900,00
3811,00
1372,00
3431,00
2639,00
980,00
1907,00
2145,00
903,00
1907,00
2452,00
903,00
2641,00
2146,00
1320,00
3816,00
1908,00
1226,00
3123,00
2454,00
904,00
3435,00
1808,00
1322,00
2644,00
3437,00
1273,00
2644,00
4297,00
1375,00
2292,00
2865,00
592,00
1432,00
1809,00
537,00
1563,00
2022,00
424,00
1720,00
1147,00
2868,00
4303,00
4303,00
2869,00
3826,00
3130,00
1565,00
4920,00
3826,00
1812,00
3827,00
4920,00
1913,00
4306,00
8612,00
2296,00
4306,00
6890,00
1325,00
3132,00
3132,00
1148,00
2154,00
3447,00
1111,00
2462,00
5746,00
2298,00
3830,00
3134,00
1641,00
3447,00
3134,00
1642,00
2873,00
2299,00
1915,00
3831,00
3831,00
1724,00
2652,00
4311,00
1916,00
3832,00
4927,00
1277,00
2875,00
3136,00
958,00
2156,00
2300,00
985,00
1816,00
2300,00
1189,00
2464,00
4313,00
1045,00
1917,00
3451,00
1150,00
2300,00
2157,00
1078,00
2030,00
2655,00
1380,00
2301,00
2655,00
987,00
2303,00
2468,00
531,00
1382,00
1646,00
486,00
1440,00
1329,00
523,00
1329,00
1280,00
960,00
5762,00
2160,00
2034,00
3143,00
6916,00
1572,00
6917,00
2882,00
1820,00
3459,00
4324,00
1235,00
2661,00
2471,00
2472,00
3845,00
3846,00
653,00
2308,00
1443,00
866,00
1575,00
1925,00
587,00
1733,00
1284,00
1238,00
4337,00
3855,00
1445,00
3858,00
2671,00
1447,00
3158,00
2672,00
1336,00
4343,00
3862,00
1337,00
2674,00
6955,00
1932,00
3478,00
3480,00
669,00
1582,00
2176,00
696,00
1833,00
2322,00
696,00
1451,00
1340,00
683,00
2177,00
1742,00
995,00
2049,00
2178,00
741,00
2050,00
1394,00
757,00
1660,00
1584,00
894,00
2179,00
1937,00
968,00
1516,00
1835,00
164,00
645,00
477,00
311,00
811,00
1057,00
143,00
571,00
122,00
