





































































































































































































































































































































































































































































































































































































































































































































































































































































































































































































































































































































5263,00
1369,00
5555,00
25000,00
1136,00
4761,00
16666,00
892,00
3448,00
9090,00
1818,00
9090,00
7692,00
840,00
6250,00
11111,00
1219,00
8333,00
12500,00
1612,00
12500,00
20000,00
1351,00
9090,00
20000,00
934,00
4166,00
10000,00
1754,00
11111,00
20000,00
1515,00
6666,00
20000,00
1587,00
7142,00
16666,00
1694,00
12500,00
10000,00
145,00
3125,00
6666,00
197,00
2564,00
8333,00
380,00
4347,00
7692,00
277,00
4347,00
6250,00
303,00
4000,00
12500,00
462,00
4761,00
10000,00
390,00
4000,00
8333,00
485,00
4347,00
7142,00
632,00
7142,00
11111,00
609,00
6250,00
14285,00
653,00
5263,00
16666,00
1538,00
8333,00
25000,00
961,00
5555,00
20000,00
671,00
3703,00
14285,00
1666,00
10000,00
33333,00
1123,00
6250,00
20000,00
1030,00
7692,00
16666,00
1333,00
9090,00
2777,00
1190,00
9090,00
20000,00
1470,00
11111,00
14285,00
1886,00
10000,00
14285,00
1666,00
9090,00
25000,00
1388,00
7142,00
20000,00
1190,00
8333,00
1176,00
1369,00
10000,00
20000,00
1449,00
6666,00
14285,00
1449,00
9090,00
1724,00
82,00
1136,00
2500,00
119,00
1538,00
3030,00
196,00
1666,00
3030,00
163,00
1449,00
2564,00
227,00
1562,00
3571,00
274,00
1886,00
3703,00
224,00
1388,00
3030,00
263,00
1785,00
3846,00
317,00
1851,00
3703,00
436,00
2777,00
6250,00
523,00
4761,00
7692,00
671,00
4166,00
9090,00
549,00
4166,00
8333,00
671,00
5263,00
9090,00
724,00
5263,00
14285,00
574,00
3225,00
9090,00
740,00
6666,00
9090,00
925,00
5555,00
11111,00
571,00
3125,00
5882,00
625,00
4000,00
8333,00
699,00
4347,00
11111,00
632,00
4545,00
9090,00
793,00
6666,00
10000,00
826,00
6666,00
14285,00
724,00
5263,00
10000,00
781,00
5555,00
14285,00
909,00
4761,00
12500,00
136,00
2702,00
5882,00
192,00
2702,00
5555,00
308,00
3225,00
6250,00
265,00
2941,00
6250,00
340,00
3125,00
7142,00
460,00
2777,00
6666,00
393,00
2941,00
6666,00
452,00
3571,00
6666,00
578,00
4545,00
7142,00
862,00
5882,00
16666,00
909,00
5555,00
16666,00
1333,00
6250,00
12500,00
1250,00
7142,00
12500,00
934,00
6250,00
12500,00
1538,00
4347,00
12500,00
1149,00
5882,00
14285,00
1265,00
6250,00
11111,00
1694,00
6666,00
11111,00
1075,00
5882,00
14285,00
1123,00
7142,00
20000,00
1219,00
6666,00
14285,00
1190,00
4761,00
8333,00
1315,00
7142,00
12500,00
1162,00
2127,00
12500,00
1333,00
7692,00
11111,00
1515,00
6666,00
11111,00
1639,00
7142,00
20000,00
166,00
2941,00
6250,00
246,00
3703,00
6250,00
320,00
3571,00
6666,00
355,00
4166,00
6666,00
375,00
3571,00
7692,00
526,00
3225,00
7142,00
334,00
3225,00
6666,00
458,00
4000,00
10000,00
591,00
4761,00
8333,00
735,00
4166,00
12500,00
884,00
8333,00
20000,00
1190,00
6666,00
20000,00
1123,00
5882,00
14285,00
1000,00
5000,00
12500,00
1388,00
6250,00
14285,00
1190,00
7142,00
12500,00
1111,00
7142,00
20000,00
1449,00
4545,00
20000,00
1098,00
5263,00
16666,00
1282,00
7692,00
16666,00
1785,00
9090,00
25000,00
1369,00
7692,00
16666,00
1538,00
8333,00
20000,00
1818,00
8333,00
12500,00
1282,00
8333,00
14285,00
1818,00
8333,00
25000,00
1449,00
5882,00
8333,00
13,00
561,00
892,00
33,00
909,00
1851,00
46,00
1030,00
1754,00
51,00
840,00
1818,00
78,00
990,00
2083,00
142,00
1149,00
2127,00
62,00
961,00
2083,00
118,00
1111,00
2325,00
135,00
1176,00
2222,00
174,00
1694,00
3030,00
249,00
2040,00
4761,00
420,00
2439,00
5263,00
297,00
2380,00
5555,00
431,00
2564,00
6250,00
476,00
3333,00
5882,00
380,00
2564,00
5263,00
452,00
3125,00
7142,00
515,00
3703,00
7142,00
233,00
2000,00
3225,00
401,00
2222,00
5555,00
434,00
2439,00
4347,00
381,00
2325,00
4761,00
460,00
2941,00
5882,00
510,00
3333,00
6250,00
396,00
2439,00
4347,00
492,00
3125,00
5555,00
537,00
3846,00
4545,00
39,00
1204,00
1785,00
59,00
1724,00
2777,00
105,00
1754,00
4166,00
89,00
1639,00
3333,00
130,00
2000,00
4347,00
224,00
2083,00
5263,00
125,00
1754,00
4347,00
188,00
1851,00
4761,00
298,00
2325,00
5263,00
358,00
3571,00
8333,00
416,00
5000,00
8333,00
662,00
5000,00
10000,00
552,00
5263,00
11111,00
699,00
5555,00
14285,00
900,00
5263,00
12500,00
571,00
5263,00
12500,00
757,00
6666,00
12500,00
952,00
6250,00
14285,00
454,00
2702,00
7692,00
657,00
3333,00
4166,00
746,00
5263,00
10000,00
699,00
5000,00
10000,00
877,00
7142,00
12500,00
961,00
6250,00
12500,00
729,00
4761,00
9090,00
943,00
5555,00
11111,00
1149,00
7692,00
10000,00
43,00
1298,00
2631,00
88,00
2000,00
3846,00
92,00
2325,00
2857,00
104,00
1724,00
3448,00
172,00
2325,00
4761,00
254,00
2564,00
5263,00
95,00
1562,00
1204,00
209,00
2380,00
4761,00
217,00
2631,00
3333,00
347,00
3571,00
5555,00
505,00
5000,00
9090,00
714,00
5000,00
10000,00
540,00
4761,00
6666,00
819,00
6250,00
12500,00
1010,00
6666,00
12500,00
598,00
6250,00
8333,00
862,00
7142,00
9090,00
1030,00
6666,00
12500,00
438,00
5000,00
7692,00
806,00
5882,00
7692,00
757,00
5263,00
8333,00
819,00
5555,00
9090,00
970,00
6666,00
14285,00
1162,00
7142,00
11111,00
675,00
5263,00
5000,00
961,00
4000,00
5263,00
840,00
5882,00
5882,00
22,00
657,00
1851,00
32,00
1086,00
1515,00
66,00
1250,00
2325,00
50,00
1098,00
2222,00
63,00
1408,00
2325,00
137,00
1408,00
2439,00
80,00
1190,00
2222,00
116,00
1470,00
2380,00
200,00
1562,00
2857,00
177,00
2040,00
5000,00
221,00
2857,00
5000,00
358,00
3571,00
7142,00
290,00
2702,00
6666,00
377,00
2702,00
7692,00
523,00
3703,00
8333,00
337,00
2941,00
7692,00
289,00
3571,00
9090,00
621,00
4545,00
8333,00
324,00
2380,00
5000,00
454,00
2857,00
6666,00
510,00
3571,00
6666,00
469,00
3448,00
4166,00
543,00
3571,00
7692,00
621,00
4166,00
7692,00
480,00
3030,00
6250,00
552,00
3846,00
8333,00
666,00
4347,00
8333,00
37,00
1190,00
3448,00
48,00
1219,00
3571,00
113,00
1886,00
4000,00
73,00
1886,00
4761,00
63,00
1369,00
4166,00
222,00
2702,00
5882,00
121,00
2000,00
4545,00
172,00
2500,00
5555,00
303,00
2777,00
5555,00
286,00
3846,00
12500,00
396,00
3448,00
16666,00
833,00
5882,00
11111,00
332,00
4761,00
14285,00
232,00
1298,00
5882,00
1020,00
5263,00
16666,00
460,00
5882,00
16666,00
666,00
5263,00
10000,00
1041,00
6666,00
14285,00
492,00
5263,00
11111,00
793,00
5882,00
10000,00
980,00
7692,00
14285,00
751,00
6666,00
11111,00
757,00
6666,00
9090,00
1123,00
6666,00
10000,00
714,00
6250,00
14285,00
1052,00
6666,00
9090,00
1176,00
9090,00
14285,00
55,00
1351,00
2941,00
81,00
1666,00
4545,00
128,00
2380,00
4347,00
106,00
2173,00
3448,00
150,00
3333,00
5882,00
248,00
3448,00
5882,00
141,00
2439,00
5000,00
187,00
2702,00
5263,00
299,00
4000,00
6250,00
330,00
4000,00
7142,00
381,00
5882,00
7142,00
769,00
6666,00
12500,00
500,00
5263,00
14285,00
606,00
3846,00
9090,00
1162,00
10000,00
16666,00
628,00
6666,00
9090,00
568,00
4545,00
3030,00
1063,00
10000,00
10000,00
625,00
6250,00
11111,00
869,00
7142,00
14285,00
1149,00
6666,00
16666,00
980,00
7142,00
12500,00
1075,00
7142,00
16666,00
1282,00
5555,00
14285,00
775,00
8333,00
16666,00
833,00
8333,00
12500,00
1298,00
10000,00
14285,00
21,00
719,00
1204,00
41,00
840,00
1754,00
47,00
961,00
1818,00
60,00
840,00
1785,00
83,00
1041,00
2000,00
133,00
1176,00
2173,00
68,00
884,00
1754,00
123,00
1086,00
1923,00
116,00
1234,00
2272,00
217,00
1666,00
3846,00
305,00
2222,00
5000,00
396,00
2380,00
5882,00
326,00
2173,00
5000,00
401,00
2857,00
6250,00
460,00
3571,00
6666,00
348,00
2325,00
5263,00
446,00
3448,00
7142,00
485,00
3846,00
6250,00
283,00
1886,00
2941,00
362,00
2040,00
4545,00
418,00
2564,00
4166,00
369,00
2380,00
4545,00
444,00
3448,00
5555,00
473,00
3703,00
6250,00
352,00
2439,00
5000,00
454,00
3225,00
5882,00
485,00
3571,00
4347,00
49,00
1492,00
2500,00
72,00
1666,00
3225,00
110,00
1754,00
4166,00
101,00
1612,00
2941,00
129,00
2040,00
4761,00
217,00
2173,00
4347,00
132,00
1694,00
3703,00
204,00
1886,00
4545,00
268,00
2173,00
4166,00
386,00
3448,00
5882,00
507,00
4347,00
8333,00
657,00
4761,00
8333,00
512,00
4000,00
6250,00
606,00
3846,00
10000,00
934,00
7142,00
8333,00
598,00
4347,00
9090,00
806,00
4761,00
9090,00
869,00
4761,00
7142,00
552,00
3571,00
6666,00
709,00
5000,00
9090,00
763,00
5000,00
9090,00
662,00
4761,00
7692,00
800,00
6250,00
7142,00
892,00
4761,00
6250,00
724,00
5000,00
10000,00
900,00
6666,00
5882,00
952,00
6666,00
7142,00
42,00
1562,00
2222,00
84,00
1754,00
3846,00
78,00
2127,00
2631,00
113,00
1960,00
3571,00
153,00
2173,00
4761,00
233,00
2380,00
4545,00
92,00
2000,00
2941,00
193,00
2272,00
4545,00
124,00
2631,00
1785,00
363,00
3571,00
8333,00
523,00
4761,00
11111,00
684,00
4347,00
9090,00
552,00
4761,00
11111,00
561,00
3571,00
9090,00
806,00
5882,00
7142,00
518,00
5000,00
10000,00
694,00
4347,00
9090,00
689,00
4347,00
6666,00
418,00
5000,00
7142,00
787,00
6250,00
10000,00
684,00
5000,00
4166,00
793,00
5555,00
9090,00
900,00
4166,00
11111,00
1000,00
5555,00
6250,00
450,00
4545,00
6666,00
746,00
6250,00
7142,00
274,00
2777,00
384,00
