





































































































































































































































































































































































































































































































































































































































































































































































































































































































































































































































































































































1564,00
8304,00
4152,00
6351,00
2768,00
1565,00
1124,00
6752,00
3485,00
2770,00
9826,00
12012,00
4914,00
2350,00
2637,00
1896,00
4324,00
5690,00
3846,00
5555,00
10000,00
5000,00
2857,00
1470,00
1923,00
5263,00
1960,00
3703,00
8333,00
6666,00
7142,00
1960,00
2325,00
1428,00
6666,00
5555,00
2777,00
7142,00
10000,00
4000,00
2857,00
3448,00
1851,00
6666,00
7142,00
4166,00
7692,00
7692,00
5000,00
3846,00
1960,00
2040,00
7692,00
4347,00
5263,00
8333,00
5000,00
5263,00
2777,00
2500,00
1587,00
6250,00
7692,00
4545,00
7692,00
10000,00
5263,00
5555,00
5000,00
3030,00
9090,00
12500,00
5000,00
11111,00
11111,00
6666,00
6250,00
2173,00
3125,00
10000,00
3846,00
6666,00
6666,00
2631,00
9090,00
5000,00
4761,00
2325,00
10000,00
7692,00
4761,00
10000,00
7142,00
10000,00
3448,00
4347,00
2857,00
8333,00
5263,00
5882,00
11111,00
9090,00
7692,00
4761,00
2083,00
3225,00
11111,00
4000,00
4545,00
16666,00
8333,00
6250,00
4347,00
3571,00
2173,00
10000,00
6250,00
5263,00
12500,00
10000,00
7142,00
757,00
892,00
490,00
1851,00
2173,00
1111,00
2173,00
2500,00
1428,00
854,00
961,00
558,00
2127,00
2500,00
1388,00
2439,00
3125,00
1666,00
709,00
800,00
442,00
1694,00
1818,00
1162,00
2272,00
2500,00
1388,00
1176,00
1282,00
826,00
2702,00
3225,00
1886,00
3333,00
3703,00
2631,00
1587,00
1086,00
961,00
4000,00
2777,00
2500,00
4761,00
4545,00
3225,00
1190,00
925,00
787,00
2631,00
2857,00
1785,00
4166,00
4347,00
2500,00
1075,00
952,00
645,00
2500,00
2857,00
1538,00
2777,00
3703,00
1851,00
1333,00
884,00
735,00
3125,00
2500,00
1960,00
4347,00
4166,00
2631,00
1063,00
1052,00
523,00
2564,00
2702,00
1492,00
3846,00
4166,00
2000,00
1612,00
1724,00
1030,00
3703,00
3846,00
2564,00
5000,00
5000,00
3571,00
1818,00
1851,00
1162,00
4347,00
5882,00
3225,00
4761,00
3571,00
3703,00
1612,00
1785,00
961,00
3571,00
4000,00
2272,00
4347,00
5882,00
3333,00
2702,00
2777,00
2000,00
7142,00
7692,00
4545,00
7692,00
6666,00
5882,00
3448,00
2500,00
2083,00
8333,00
5000,00
5263,00
9090,00
6666,00
7142,00
3030,00
3030,00
1785,00
9090,00
5555,00
3846,00
7692,00
10000,00
5555,00
2325,00
2380,00
1515,00
4347,00
4761,00
3571,00
5555,00
6250,00
4545,00
2702,00
1923,00
1851,00
5000,00
4166,00
4000,00
6666,00
1754,00
5555,00
2564,00
2631,00
1562,00
5882,00
5263,00
3333,00
7142,00
10000,00
5000,00
2500,00
2777,00
1562,00
5263,00
5882,00
4545,00
4761,00
8333,00
4347,00
3125,00
3333,00
1818,00
6666,00
5555,00
4761,00
7692,00
6666,00
5555,00
2500,00
2857,00
1449,00
5882,00
7692,00
3846,00
6666,00
9090,00
4761,00
4347,00
4545,00
3030,00
10000,00
14285,00
7142,00
10000,00
14285,00
8333,00
5000,00
4545,00
3333,00
14285,00
7142,00
6666,00
11111,00
9090,00
10000,00
4761,00
5000,00
2941,00
14285,00
9090,00
6666,00
11111,00
11111,00
6250,00
3225,00
4347,00
2325,00
6250,00
9090,00
6250,00
6666,00
11111,00
6666,00
4545,00
2500,00
2777,00
9090,00
4761,00
6250,00
7692,00
7692,00
6666,00
3571,00
3030,00
1408,00
9090,00
6666,00
4761,00
5555,00
4545,00
2777,00
314,00
621,00
236,00
2222,00
2564,00
1492,00
2040,00
2564,00
1470,00
602,00
571,00
311,00
2702,00
2500,00
1666,00
3125,00
3448,00
1408,00
261,00
427,00
128,00
2380,00
2222,00
1369,00
2777,00
2777,00
1030,00
806,00
1010,00
469,00
3846,00
4761,00
2222,00
4166,00
5263,00
2702,00
877,00
662,00
454,00
5263,00
3225,00
2222,00
5263,00
5555,00
3448,00
471,00
529,00
259,00
3125,00
3225,00
1886,00
4545,00
5555,00
2173,00
515,00
793,00
310,00
3225,00
3571,00
1923,00
1886,00
4166,00
1694,00
781,00
746,00
473,00
3703,00
3571,00
2173,00
4000,00
3571,00
2941,00
375,00
438,00
179,00
3571,00
3333,00
1470,00
2631,00
3030,00
1149,00
2272,00
2500,00
1369,00
4166,00
5000,00
3125,00
5555,00
6250,00
3703,00
2439,00
2040,00
1063,00
4761,00
5555,00
3333,00
6666,00
8333,00
2173,00
1754,00
1851,00
735,00
4166,00
5000,00
2777,00
5882,00
6250,00
2000,00
2941,00
4545,00
2040,00
8333,00
10000,00
6250,00
6666,00
11111,00
6666,00
3571,00
3333,00
2325,00
9090,00
10000,00
6666,00
11111,00
14285,00
9090,00
2380,00
3703,00
1818,00
7692,00
9090,00
4761,00
8333,00
14285,00
6666,00
2564,00
3030,00
1923,00
5263,00
7692,00
2857,00
6250,00
10000,00
5263,00
2702,00
2564,00
2439,00
7142,00
8333,00
4761,00
10000,00
11111,00
6666,00
2040,00
2272,00
1086,00
6250,00
8333,00
4545,00
7142,00
12514,00
5565,00
1855,00
3579,00
1728,00
5275,00
8353,00
4359,00
6269,00
8359,00
4777,00
4180,00
2787,00
2091,00
7171,00
5019,00
4563,00
9128,00
12556,00
5022,00
1703,00
1970,00
587,00
6704,00
8381,00
4373,00
4023,00
7186,00
3245,00
4377,00
5923,00
2797,00
14392,00
14394,00
6723,00
10086,00
16811,00
7205,00
5605,00
4586,00
3479,00
12619,00
11219,00
8414,00
7213,00
12624,00
11223,00
4592,00
3742,00
2296,00
9190,00
14442,00
6318,00
6319,00
16854,00
8428,00
3372,00
5620,00
2248,00
6748,00
10123,00
6759,00
2668,00
12678,00
4410,00
6763,00
4832,00
3075,00
12687,00
7810,00
9233,00
10171,00
12719,00
10175,00
2908,00
3635,00
1143,00
10181,00
8485,00
7274,00
4850,00
14551,00
3395,00
1184,00
1395,00
849,00
2754,00
3397,00
1853,00
3640,00
3920,00
2427,00
1435,00
971,00
809,00
2913,00
3922,00
2124,00
3399,00
5100,00
2757,00
1097,00
1186,00
542,00
2685,00
3002,00
1890,00
3293,00
3927,00
2376,00
1825,00
2130,00
1262,00
2840,00
6016,00
2622,00
4870,00
7306,00
3790,00
1550,00
853,00
994,00
5690,00
3304,00
3943,00
4659,00
3942,00
5395,00
1250,00
1251,00
732,00
1236,00
4276,00
2094,00
5703,00
7332,00
3667,00
1533,00
1630,00
960,00
2776,00
4466,00
2336,00
4470,00
6049,00
3024,00
1714,00
1239,00
809,00
4472,00
4899,00
3319,00
4901,00
6862,00
3677,00
1391,00
1584,00
643,00
3552,00
5425,00
2454,00
5728,00
5156,00
2865,00
2398,00
3033,00
1809,00
5158,00
5732,00
4128,00
7372,00
9384,00
5163,00
2951,00
3331,00
2025,00
6076,00
6076,00
3973,00
9392,00
12914,00
5438,00
2870,00
2793,00
1520,00
6080,00
6462,00
4136,00
7956,00
9403,00
4497,00
4497,00
5172,00
2873,00
11500,00
12940,00
6904,00
11508,00
12948,00
6474,00
4316,00
2727,00
2115,00
6099,00
2592,00
4320,00
10372,00
6915,00
7409,00
3842,00
3843,00
2208,00
11532,00
11532,00
5462,00
20763,00
20763,00
6921,00
3845,00
4330,00
2809,00
6929,00
10394,00
6115,00
8665,00
17331,00
8665,00
4333,00
3355,00
3059,00
9455,00
4727,00
5474,00
14860,00
13003,00
10403,00
4335,00
3468,00
1705,00
10406,00
8008,00
6125,00
14876,00
11570,00
7438,00
3719,00
4528,00
2603,00
6128,00
9471,00
4736,00
8016,00
14888,00
6513,00
4169,00
2978,00
2368,00
6949,00
14891,00
7445,00
7445,00
14891,00
8686,00
4169,00
3065,00
2266,00
7446,00
9476,00
6132,00
10425,00
14894,00
8020,00
8020,00
9478,00
4344,00
13035,00
17382,00
7449,00
8692,00
14902,00
10433,00
8695,00
2319,00
3598,00
20876,00
8030,00
9492,00
8702,00
357,00
13058,00
5804,00
5499,00
3073,00
11611,00
8039,00
2090,00
17418,00
8711,00
11615,00
5503,00
6536,00
3735,00
11622,00
13079,00
8048,00
9512,00
17442,00
8721,00
6541,00
4550,00
4186,00
20935,00
13085,00
8052,00
13086,00
9517,00
11632,00
6979,00
5509,00
2492,00
13086,00
13086,00
5234,00
13088,00
13089,00
6159,00
1057,00
1342,00
717,00
2685,00
3491,00
1746,00
2832,00
3615,00
1978,00
1397,00
1379,00
881,00
3745,00
3383,00
2097,00
4033,00
4560,00
2383,00
962,00
1205,00
479,00
2761,00
2998,00
1614,00
3087,00
4039,00
2020,00
2020,00
2144,00
1364,00
4041,00
5531,00
2919,00
4204,00
6182,00
3753,00
2285,00
1844,00
1420,00
5840,00
6184,00
3894,00
6186,00
6572,00
4206,00
1813,00
2023,00
1095,00
3896,00
4383,00
2505,00
5010,00
6190,00
3289,00
1268,00
1784,00
870,00
3097,00
4580,00
2394,00
2290,00
5267,00
2394,00
2341,00
2107,00
1197,00
5270,00
5548,00
2774,00
5550,00
6203,00
3296,00
1286,00
1445,00
488,00
3908,00
4397,00
2294,00
5276,00
5864,00
1702,00
2574,00
3105,00
1955,00
5029,00
7544,00
3772,00
5868,00
8127,00
4593,00
2935,00
3202,00
2156,00
5871,00
8129,00
5032,00
7549,00
9608,00
5563,00
2402,00
2936,00
1602,00
5038,00
8141,00
3649,00
6226,00
8823,00
4813,00
3921,00
4814,00
3114,00
8826,00
10591,00
7565,00
8827,00
10593,00
8148,00
5296,00
5297,00
3417,00
13243,00
7567,00
10595,00
11774,00
11781,00
9639,00
4418,00
4418,00
2356,00
9640,00
10605,00
7070,00
11784,00
11784,00
7575,00
3928,00
4249,00
2659,00
6258,00
8866,00
4836,00
5320,00
8868,00
5912,00
4259,00
5070,00
3045,00
8885,00
10662,00
6272,00
9693,00
8206,00
10670,00
3812,00
4270,00
1503,00
6281,00
11868,00
3685,00
11874,00
11878,00
4111,00
2227,00
4457,00
2183,00
8914,00
10698,00
5096,00
3454,00
10707,00
5635,00
4283,00
4284,00
2820,00
8246,00
5955,00
5360,00
9762,00
21480,00
8261,00
2826,00
3464,00
1791,00
8956,00
10751,00
7169,00
6326,00
8962,00
6326,00
4302,00
6326,00
4136,00
10756,00
21512,00
9778,00
9779,00
13447,00
10758,00
6328,00
5662,00
5380,00
10764,00
6333,00
10767,00
7691,00
7179,00
9790,00
7692,00
6335,00
3714,00
13468,00
17963,00
10777,00
11974,00
5672,00
4899,00
1995,00
4899,00
2506,00
6340,00
15398,00
6736,00
1283,00
17965,00
3849,00
4311,00
3717,00
3717,00
10779,00
5988,00
8293,00
1089,00
7188,00
5134,00
2073,00
2630,00
770,00
8295,00
9803,00
3994,00
2115,00
5396,00
311,00
