





































































































































































































































































































































































































































































































































































































































































































































































































































































































































































































































































































































5322,00
5913,00
8870,00
26613,00
1237,00
4838,00
13307,00
4094,00
17744,00
794,00
7605,00
17745,00
13308,00
339,00
1835,00
3327,00
1210,00
5915,00
10648,00
1972,00
7606,00
10649,00
674,00
2218,00
8874,00
1901,00
3328,00
13312,00
4841,00
8875,00
17750,00
807,00
4097,00
10654,00
2803,00
7610,00
26635,00
3805,00
17757,00
8878,00
397,00
1837,00
3551,00
1401,00
4439,00
17757,00
2316,00
7610,00
53275,00
665,00
4439,00
10655,00
2804,00
5919,00
13319,00
4098,00
17759,00
53280,00
903,00
5920,00
10656,00
3330,00
13321,00
26642,00
3330,00
17761,00
13321,00
362,00
1837,00
4440,00
1480,00
6660,00
17762,00
2664,00
8881,00
53291,00
413,00
1903,00
10658,00
1440,00
2049,00
17764,00
4099,00
10659,00
26649,00
783,00
3807,00
17770,00
2961,00
8886,00
10663,00
6664,00
17773,00
13331,00
216,00
1568,00
2962,00
1066,00
5925,00
10665,00
1777,00
10665,00
17777,00
348,00
1333,00
2806,00
1240,00
2666,00
1523,00
3555,00
17778,00
13333,00
426,00
1616,00
4102,00
1666,00
3137,00
10667,00
2807,00
6667,00
5926,00
555,00
2963,00
4849,00
1569,00
10669,00
6668,00
3556,00
7621,00
17782,00
1240,00
6669,00
5928,00
3335,00
17787,00
26681,00
3811,00
7623,00
13340,00
1334,00
5336,00
8894,00
3811,00
5929,00
17788,00
3557,00
26683,00
26683,00
550,00
2425,00
4447,00
1569,00
10674,00
10674,00
2320,00
8895,00
26685,00
1334,00
5930,00
7624,00
4105,00
8895,00
26687,00
6671,00
13343,00
1111,00
988,00
3335,00
7625,00
2541,00
5931,00
26690,00
5338,00
10677,00
10677,00
407,00
1617,00
4106,00
1334,00
6673,00
17795,00
1977,00
6673,00
17797,00
808,00
5339,00
7628,00
2810,00
10680,00
17801,00
5340,00
13351,00
26702,00
861,00
4450,00
7629,00
4450,00
10681,00
13352,00
7629,00
7629,00
8901,00
667,00
4108,00
4855,00
2670,00
10681,00
26704,00
4450,00
26704,00
13352,00
1335,00
6676,00
8902,00
3815,00
26708,00
17805,00
5341,00
17805,00
10683,00
2054,00
8903,00
7631,00
3142,00
10684,00
17807,00
5936,00
26714,00
26715,00
651,00
4110,00
5937,00
2428,00
10687,00
13359,00
4857,00
10687,00
26718,00
1370,00
4858,00
10687,00
3562,00
3562,00
26719,00
5343,00
13359,00
26720,00
1526,00
10688,00
10688,00
2812,00
7635,00
26723,00
7635,00
862,00
17816,00
449,00
2429,00
4454,00
1370,00
4859,00
6681,00
2970,00
17821,00
17822,00
848,00
4455,00
8911,00
4860,00
17822,00
26733,00
4860,00
2814,00
17823,00
1137,00
4113,00
17824,00
3145,00
13368,00
8912,00
7639,00
10695,00
10695,00
417,00
2970,00
4861,00
1909,00
6684,00
10695,00
3342,00
13369,00
26738,00
891,00
4113,00
7640,00
4114,00
26744,00
26744,00
3565,00
10700,00
26750,00
1114,00
8917,00
5944,00
4115,00
53504,00
17834,00
5350,00
13376,00
53504,00
477,00
2972,00
3821,00
1844,00
10700,00
10700,00
4458,00
13376,00
53506,00
972,00
5350,00
5945,00
3821,00
6688,00
26754,00
8918,00
26754,00
17836,00
1049,00
4116,00
5945,00
2675,00
13377,00
13377,00
8918,00
26756,00
17837,00
280,00
1911,00
3344,00
1621,00
7645,00
7645,00
2327,00
13381,00
17845,00
428,00
1846,00
6692,00
2433,00
10708,00
7649,00
3347,00
13388,00
10711,00
491,00
2328,00
5356,00
2060,00
5356,00
26782,00
3150,00
4120,00
4464,00
266,00
1623,00
2142,00
892,00
5357,00
5952,00
1139,00
5357,00
6696,00
595,00
3826,00
5952,00
1913,00
8929,00
13394,00
3571,00
26789,00
26791,00
695,00
3348,00
3572,00
2435,00
13395,00
26792,00
2820,00
13396,00
8930,00
306,00
1531,00
2551,00
974,00
4871,00
7655,00
1623,00
7655,00
13397,00
637,00
2977,00
5955,00
2436,00
5955,00
17865,00
3349,00
17866,00
26799,00
734,00
4122,00
5955,00
2552,00
17866,00
17866,00
4123,00
26799,00
13399,00
186,00
908,00
1307,00
645,00
3350,00
4873,00
957,00
5956,00
10720,00
466,00
2233,00
3573,00
1340,00
5361,00
8935,00
2680,00
8935,00
17871,00
454,00
2437,00
2821,00
1787,00
10723,00
8937,00
2681,00
8937,00
4468,00
364,00
1675,00
2681,00
1094,00
5958,00
6703,00
1849,00
7661,00
13407,00
825,00
3830,00
7661,00
2681,00
10726,00
26816,00
4125,00
13408,00
10726,00
788,00
3831,00
5959,00
2145,00
13409,00
17879,00
4876,00
26824,00
17882,00
362,00
1730,00
2823,00
1219,00
5365,00
7664,00
1788,00
10730,00
8942,00
801,00
4129,00
6710,00
2982,00
10737,00
26844,00
5965,00
53693,00
910,00
852,00
4474,00
5370,00
2826,00
17902,00
17902,00
4475,00
13426,00
10741,00
252,00
1142,00
2066,00
716,00
3357,00
4883,00
1220,00
8952,00
10744,00
559,00
2238,00
3581,00
1918,00
10744,00
17907,00
2984,00
17908,00
26863,00
584,00
3160,00
3837,00
1733,00
10746,00
10746,00
3837,00
17910,00
17910,00
235,00
1414,00
1580,00
995,00
3838,00
4885,00
1194,00
7676,00
8956,00
726,00
3582,00
2828,00
1580,00
10454,00
13067,00
3484,00
10454,00
17424,00
622,00
3075,00
1413,00
2091,00
13074,00
10459,00
2752,00
17433,00
26150,00
337,00
1634,00
3076,00
986,00
5811,00
7472,00
1743,00
10460,00
13076,00
716,00
3269,00
5231,00
2615,00
10462,00
26155,00
4023,00
26156,00
52312,00
697,00
4024,00
5812,00
2616,00
17440,00
10464,00
4756,00
52323,00
17441,00
187,00
1025,00
1162,00
747,00
3737,00
3737,00
917,00
5814,00
5814,00
451,00
2012,00
2180,00
1586,00
5815,00
13084,00
2379,00
7477,00
52340,00
323,00
2275,00
1688,00
1495,00
10469,00
5816,00
1495,00
8724,00
3739,00
688,00
2908,00
5817,00
2181,00
10470,00
8725,00
3079,00
26176,00
52353,00
1342,00
5235,00
13088,00
4363,00
26178,00
26178,00
4759,00
10471,00
26178,00
1745,00
5235,00
17452,00
4759,00
13090,00
10472,00
8726,00
52360,00
13090,00
758,00
3490,00
5817,00
2181,00
13090,00
13090,00
4027,00
17453,00
26180,00
1496,00
5818,00
17456,00
7481,00
26185,00
1190,00
6546,00
26185,00
26185,00
1939,00
6546,00
13092,00
1939,00
17457,00
13093,00
6546,00
17457,00
13093,00
513,00
2618,00
4761,00
1496,00
5819,00
17459,00
2182,00
17459,00
26189,00
952,00
5820,00
5820,00
3492,00
26190,00
13095,00
5820,00
17461,00
26194,00
1190,00
6549,00
10478,00
3492,00
17465,00
17465,00
7485,00
17465,00
10479,00
903,00
3742,00
8732,00
3274,00
17466,00
13101,00
5240,00
26203,00
17469,00
2183,00
8735,00
17471,00
5823,00
17471,00
17471,00
8736,00
26209,00
17473,00
2184,00
13106,00
17474,00
7489,00
17475,00
936,00
8738,00
17476,00
10486,00
989,00
5243,00
10488,00
3745,00
17481,00
17481,00
5827,00
26226,00
1008,00
1942,00
10491,00
17486,00
4371,00
10492,00
17487,00
13115,00
1220,00
52465,00
2017,00
5829,00
26232,00
6558,00
52465,00
26232,00
8744,00
52465,00
6558,00
624,00
2623,00
5247,00
1943,00
10496,00
17494,00
3087,00
13121,00
17495,00
1543,00
7498,00
13122,00
4374,00
26246,00
13124,00
7499,00
17498,00
10498,00
1458,00
5249,00
17498,00
4772,00
26249,00
13125,00
8750,00
13128,00
13128,00
750,00
2917,00
4774,00
2101,00
10505,00
8755,00
3502,00
10509,00
52547,00
1313,00
5839,00
8758,00
5256,00
26282,00
26282,00
6570,00
10512,00
26287,00
1752,00
5842,00
7511,00
5258,00
26293,00
10517,00
7512,00
26295,00
17531,00
809,00
3506,00
5844,00
2768,00
10521,00
17538,00
4783,00
13154,00
26312,00
1814,00
5262,00
26312,00
7517,00
8770,00
52627,00
13156,00
26314,00
26314,00
1697,00
6578,00
17543,00
4048,00
10526,00
2288,00
13159,00
17545,00
13159,00
531,00
2506,00
5264,00
1504,00
8773,00
10532,00
2774,00
13176,00
10546,00
1076,00
3102,00
8789,00
3296,00
26368,00
13184,00
5859,00
52737,00
52740,00
1014,00
5274,00
6592,00
3516,00
13186,00
7535,00
6593,00
7536,00
7536,00
864,00
4397,00
4059,00
3518,00
10554,00
8795,00
2110,00
26386,00
6596,00
2030,00
8796,00
17594,00
6598,00
17595,00
52787,00
4798,00
8797,00
52787,00
1287,00
10560,00
8800,00
7544,00
17603,00
851,00
3301,00
17607,00
4063,00
996,00
4402,00
8804,00
4063,00
17609,00
52828,00
5283,00
13207,00
52833,00
2113,00
6604,00
10566,00
7548,00
26418,00
1704,00
6605,00
26420,00
812,00
2516,00
5284,00
10569,00
5284,00
10569,00
13211,00
8808,00
714,00
2297,00
644,00
2936,00
4804,00
2402,00
10570,00
8809,00
2517,00
17619,00
13214,00
1601,00
10572,00
13215,00
4805,00
26431,00
1057,00
6608,00
17622,00
13216,00
1057,00
7553,00
8812,00
4807,00
26439,00
26439,00
2203,00
17628,00
813,00
1125,00
5289,00
10579,00
4069,00
17634,00
13225,00
6612,00
10580,00
26459,00
2205,00
13231,00
13231,00
7561,00
52934,00
1393,00
13236,00
13237,00
1126,00
2406,00
13240,00
6620,00
4814,00
52963,00
13242,00
10594,00
13243,00
17658,00
1038,00
5297,00
10595,00
3531,00
52976,00
52976,00
5886,00
10595,00
26488,00
2207,00
10596,00
8830,00
6622,00
52981,00
26490,00
13245,00
13246,00
8831,00
2038,00
8831,00
5887,00
10599,00
10599,00
26498,00
4076,00
17666,00
523,00
841,00
3785,00
7572,00
3533,00
17668,00
17668,00
3786,00
26504,00
736,00
1893,00
8835,00
10602,00
5301,00
53014,00
1205,00
13256,00
13256,00
8838,00
1828,00
8839,00
13259,00
6630,00
17680,00
26520,00
13260,00
13260,00
8840,00
631,00
4080,00
4822,00
4080,00
10609,00
53048,00
3536,00
17683,00
13262,00
1768,00
7578,00
17683,00
6631,00
17685,00
26527,00
5305,00
6632,00
26529,00
1607,00
17687,00
5306,00
6632,00
17688,00
26533,00
4824,00
17689,00
7581,00
982,00
4825,00
8846,00
1608,00
26543,00
26545,00
5309,00
53094,00
17699,00
2123,00
13276,00
13276,00
6638,00
8852,00
53114,00
10623,00
26559,00
10624,00
2414,00
7588,00
8853,00
13280,00
13279,00
26560,00
10624,00
26561,00
4829,00
431,00
3321,00
2416,00
2531,00
17719,00
7594,00
2044,00
26581,00
6645,00
1181,00
6646,00
4089,00
4430,00
26588,00
53202,00
7600,00
794,00
8867,00
470,00
4092,00
2046,00
4837,00
10641,00
10643,00
1108,00
8870,00
345,00
