





































































































































































































































































































































































































































































































































































































































































































































































































































































































































































































































































































































590,00
10965,00
2193,00
1668,00
6396,00
3489,00
1785,00
5905,00
853,00
882,00
5484,00
1785,00
1010,00
6398,00
3338,00
2647,00
6981,00
4266,00
1969,00
7680,00
4518,00
1969,00
2648,00
1506,00
825,00
2477,00
322,00
321,00
3072,00
1097,00
457,00
1324,00
698,00
261,00
1280,00
276,00
136,00
1200,00
378,00
109,00
6986,00
9606,00
9606,00
10979,00
10979,00
8539,00
38428,00
38431,00
10981,00
10981,00
5490,00
5913,00
10982,00
9609,00
6406,00
15375,00
15375,00
4522,00
15378,00
12816,00
5493,00
19226,00
7690,00
4272,00
9613,00
6993,00
2958,00
9616,00
5495,00
10992,00
10994,00
6996,00
6413,00
19242,00
15393,00
5131,00
6415,00
3666,00
3499,00
9624,00
3500,00
2851,00
12834,00
4530,00
3500,00
7001,00
3080,00
2265,00
3348,00
3851,00
1638,00
3349,00
3349,00
1572,00
7004,00
4815,00
2140,00
9631,00
5927,00
2568,00
9632,00
5504,00
1834,00
2486,00
1675,00
1014,00
3503,00
1541,00
917,00
4535,00
1835,00
621,00
1927,00
929,00
370,00
1512,00
803,00
308,00
1455,00
838,00
164,00
7713,00
9642,00
4537,00
7714,00
15429,00
7013,00
12858,00
7715,00
3086,00
7716,00
6430,00
3674,00
8573,00
25721,00
7015,00
5936,00
8574,00
3675,00
5146,00
4825,00
1754,00
6434,00
7721,00
1938,00
3415,00
3775,00
1494,00
8967,00
5124,00
3986,00
10252,00
14354,00
3988,00
11972,00
5131,00
2660,00
8979,00
4789,00
2993,00
10263,00
7184,00
4226,00
10264,00
5987,00
2661,00
3992,00
2480,00
1042,00
5140,00
3129,00
1531,00
3599,00
1894,00
973,00
3789,00
3790,00
1358,00
6001,00
4501,00
1946,00
2881,00
2668,00
1016,00
3280,00
3280,00
890,00
4245,00
4245,00
4517,00
3142,00
2258,00
708,00
1184,00
963,00
310,00
1763,00
1032,00
280,00
1004,00
588,00
155,00
12077,00
12078,00
4831,00
8052,00
14494,00
9059,00
72473,00
72476,00
12082,00
18128,00
6599,00
5584,00
18155,00
10375,00
8070,00
24210,00
5587,00
5587,00
14529,00
8071,00
3823,00
36337,00
8074,00
4037,00
9086,00
7269,00
3634,00
10386,00
8078,00
7270,00
10386,00
12118,00
10388,00
24239,00
9090,00
9090,00
10390,00
7274,00
8083,00
8083,00
5596,00
6063,00
8084,00
9095,00
7276,00
6064,00
6615,00
3032,00
14555,00
4851,00
2911,00
7279,00
4281,00
2799,00
8088,00
6618,00
2348,00
9100,00
10401,00
3033,00
24278,00
12139,00
2697,00
3641,00
2801,00
1234,00
5202,00
3167,00
1583,00
4857,00
1517,00
1121,00
2698,00
1457,00
470,00
4286,00
1457,00
458,00
1735,00
1121,00
305,00
5207,00
6075,00
7293,00
5610,00
12156,00
14588,00
14588,00
12158,00
8105,00
18239,00
6080,00
6080,00
10423,00
18246,00
9122,00
10426,00
18245,00
7298,00
9123,00
12164,00
3475,00
24332,00
18249,00
3842,00
14600,00
5214,00
2212,00
6637,00
6637,00
4563,00
12169,00
6638,00
4564,00
73044,00
12175,00
5619,00
9132,00
5220,00
5622,00
14618,00
10442,00
6645,00
14620,00
8122,00
3323,00
6647,00
5624,00
3323,00
7313,00
8125,00
2813,00
7316,00
3048,00
2360,00
5630,00
8132,00
2523,00
5630,00
7320,00
2815,00
5631,00
8135,00
2218,00
6102,00
3051,00
1979,00
6658,00
6103,00
2441,00
5232,00
4308,00
1220,00
2930,00
1628,00
488,00
2093,00
1665,00
478,00
1332,00
915,00
222,00
449,00
1062,00
294,00
1665,00
1409,00
523,00
823,00
862,00
268,00
862,00
814,00
306,00
1242,00
1201,00
414,00
755,00
672,00
248,00
357,00
396,00
122,00
568,00
509,00
178,00
305,00
310,00
98,00
894,00
806,00
305,00
1078,00
991,00
352,00
661,00
627,00
234,00
649,00
516,00
207,00
853,00
539,00
221,00
569,00
374,00
149,00
329,00
245,00
91,00
384,00
276,00
93,00
245,00
188,00
64,00
311,00
325,00
104,00
489,00
419,00
142,00
272,00
262,00
82,00
303,00
222,00
72,00
345,00
194,00
55,00
236,00
148,00
35,00
99,00
92,00
16,00
131,00
66,00
13,00
64,00
43,00
5,00
2372,00
3676,00
1148,00
3676,00
3677,00
1414,00
2828,00
2298,00
955,00
2626,00
1793,00
875,00
3197,00
3677,00
1021,00
2298,00
1987,00
721,00
1114,00
1225,00
364,00
1501,00
1337,00
484,00
968,00
908,00
315,00
3199,00
2164,00
817,00
3199,00
3199,00
836,00
2452,00
1988,00
657,00
2164,00
1415,00
553,00
2725,00
855,00
557,00
1566,00
1314,00
471,00
886,00
613,00
238,00
1150,00
651,00
200,00
651,00
522,00
162,00
1008,00
968,00
306,00
1248,00
1168,00
289,00
759,00
759,00
223,00
866,00
428,00
135,00
887,00
334,00
98,00
533,00
295,00
70,00
357,00
183,00
43,00
290,00
126,00
25,00
217,00
92,00
17,00
1991,00
3508,00
1228,00
4093,00
5263,00
2167,00
3349,00
2834,00
1052,00
3684,00
2947,00
921,00
4094,00
3878,00
1535,00
2834,00
3204,00
1023,00
1188,00
1390,00
244,00
1889,00
2377,00
580,00
1009,00
1208,00
284,00
4606,00
3071,00
1052,00
3509,00
3685,00
1208,00
2457,00
2303,00
867,00
2949,00
1992,00
722,00
3205,00
2457,00
1038,00
2234,00
2048,00
571,00
1340,00
877,00
304,00
1536,00
1010,00
299,00
877,00
709,00
227,00
970,00
1152,00
243,00
1638,00
1638,00
409,00
810,00
1024,00
182,00
899,00
619,00
166,00
1229,00
652,00
169,00
723,00
416,00
88,00
273,00
258,00
38,00
380,00
236,00
44,00
165,00
147,00
16,00
3074,00
3689,00
1190,00
5270,00
4099,00
1318,00
2838,00
2545,00
934,00
2733,00
1892,00
900,00
3355,00
3076,00
1039,00
2050,00
1538,00
615,00
1070,00
1011,00
362,00
1571,00
1319,00
439,00
923,00
869,00
297,00
2638,00
2111,00
830,00
2737,00
2463,00
869,00
1997,00
1718,00
697,00
2053,00
1573,00
591,00
2385,00
1422,00
591,00
1680,00
1137,00
422,00
840,00
626,00
246,00
582,00
718,00
201,00
654,00
489,00
169,00
986,00
902,00
330,00
1121,00
1042,00
373,00
870,00
740,00
264,00
655,00
471,00
150,00
903,00
413,00
125,00
655,00
322,00
93,00
301,00
193,00
50,00
265,00
131,00
31,00
182,00
92,00
19,00
6737,00
7411,00
2850,00
10588,00
5701,00
3223,00
6739,00
4942,00
2851,00
5296,00
5703,00
2059,00
6742,00
4635,00
2557,00
6743,00
4363,00
1809,00
3225,00
2748,00
951,00
2749,00
3375,00
789,00
2970,00
2970,00
714,00
7428,00
5714,00
2561,00
12382,00
6191,00
3095,00
6192,00
4644,00
2185,00
4954,00
2477,00
1281,00
4371,00
550,00
624,00
4645,00
2477,00
1179,00
2322,00
1728,00
728,00
2859,00
953,00
334,00
2187,00
1239,00
345,00
2253,00
1770,00
885,00
3718,00
2187,00
835,00
2479,00
1549,00
614,00
1907,00
875,00
246,00
1550,00
395,00
151,00
1431,00
586,00
162,00
576,00
308,00
80,00
559,00
166,00
45,00
448,00
164,00
33,00
3722,00
8273,00
3545,00
5727,00
8273,00
5319,00
5728,00
6770,00
4381,00
6206,00
4655,00
2660,00
7448,00
12415,00
3239,00
5731,00
5732,00
2759,00
4139,00
3548,00
1112,00
5323,00
4140,00
1202,00
3726,00
2866,00
737,00
6211,00
3923,00
3549,00
4384,00
6212,00
1961,00
6777,00
4385,00
2868,00
4971,00
2330,00
1553,00
8289,00
3553,00
1776,00
4664,00
2985,00
1820,00
2665,00
1588,00
597,00
2488,00
2262,00
358,00
2871,00
1777,00
436,00
2765,00
2196,00
691,00
3394,00
4148,00
820,00
2263,00
2263,00
574,00
1383,00
811,00
324,00
2873,00
1245,00
326,00
1288,00
725,00
219,00
592,00
452,00
97,00
628,00
406,00
78,00
432,00
261,00
45,00
2670,00
6797,00
1625,00
5752,00
6231,00
2337,00
2991,00
3739,00
1289,00
4155,00
3739,00
1591,00
5753,00
6232,00
1662,00
3252,00
2770,00
1068,00
1626,00
1700,00
508,00
2200,00
2267,00
755,00
1133,00
1206,00
404,00
4157,00
3938,00
1336,00
4990,00
5761,00
1783,00
3121,00
3406,00
1055,00
2997,00
3406,00
1012,00
4409,00
3945,00
1041,00
2998,00
2677,00
720,00
1388,00
1171,00
443,00
1629,00
1363,00
483,00
973,00
789,00
311,00
1270,00
1530,00
426,00
1922,00
1704,00
590,00
1102,00
1137,00
350,00
1212,00
1059,00
325,00
1709,00
1157,00
341,00
1030,00
775,00
211,00
305,00
407,00
68,00
479,00
330,00
78,00
191,00
194,00
31,00
5796,00
10765,00
5024,00
12562,00
25125,00
4715,00
7544,00
5803,00
3592,00
8383,00
7546,00
3144,00
8384,00
12577,00
2902,00
7546,00
5390,00
2906,00
4449,00
3440,00
1403,00
3294,00
4736,00
971,00
3988,00
3988,00
1242,00
9474,00
7579,00
3789,00
8422,00
7590,00
3614,00
12650,00
5839,00
3163,00
4745,00
5841,00
3037,00
6335,00
5851,00
3169,00
5432,00
7606,00
2622,00
3625,00
2625,00
1043,00
4009,00
4009,00
1120,00
3462,00
2457,00
828,00
4762,00
2721,00
1209,00
5863,00
3314,00
1104,00
3314,00
2541,00
837,00
2310,00
1337,00
586,00
3812,00
2006,00
733,00
1906,00
1622,00
440,00
977,00
687,00
158,00
1030,00
635,00
133,00
625,00
451,00
76,00
1138,00
7631,00
1695,00
2631,00
8479,00
4016,00
4770,00
6938,00
2827,00
4771,00
5453,00
3320,00
5094,00
12736,00
3638,00
6947,00
8491,00
3639,00
2247,00
3184,00
992,00
5876,00
7643,00
1865,00
2013,00
3187,00
637,00
3326,00
4501,00
3644,00
6957,00
8504,00
3189,00
15311,00
7656,00
3828,00
4504,00
8508,00
2552,00
6962,00
5891,00
3063,00
6962,00
4786,00
2320,00
4786,00
4030,00
1255,00
5891,00
4255,00
1215,00
3829,00
2945,00
797,00
1629,00
4032,00
547,00
2553,00
3064,00
1064,00
2642,00
2737,00
461,00
3065,00
1703,00
551,00
4258,00
2071,00
598,00
2190,00
1597,00
348,00
482,00
628,00
100,00
881,00
759,00
136,00
314,00
387,00
32,00
