





































































































































































































































































































































































































































































































































































































































































































































































































































































































































































































































































































































229,00
25000,00
8333,00
1666,00
20000,00
20000,00
3703,00
14285,00
12500,00
2564,00
16666,00
16666,00
2631,00
7692,00
5263,00
546,00
14285,00
3703,00
473,00
10000,00
5263,00
961,00
33333,00
11111,00
2380,00
16666,00
3571,00
1234,00
25000,00
10000,00
2702,00
16666,00
20000,00
6250,00
20000,00
7142,00
3846,00
20000,00
12500,00
4000,00
3703,00
2380,00
574,00
6666,00
3846,00
740,00
7142,00
4347,00
1098,00
12500,00
6666,00
2127,00
14285,00
12500,00
1754,00
9090,00
20000,00
2941,00
20000,00
11111,00
4545,00
33333,00
12500,00
5000,00
50000,00
33333,00
11111,00
8333,00
5882,00
1000,00
10000,00
6666,00
800,00
11111,00
6666,00
1886,00
12500,00
25000,00
2631,00
33333,00
12500,00
2272,00
16666,00
16666,00
2941,00
20000,00
14285,00
6666,00
20000,00
14285,00
4347,00
33333,00
16666,00
5882,00
9090,00
5000,00
884,00
14285,00
4761,00
854,00
12500,00
7142,00
1369,00
25000,00
6666,00
2631,00
16666,00
6250,00
2173,00
16666,00
14285,00
3333,00
50000,00
25000,00
6666,00
33333,00
10000,00
3571,00
20000,00
20000,00
3703,00
632,00
411,00
98,00
980,00
689,00
162,00
1162,00
800,00
193,00
2325,00
1612,00
357,00
4166,00
2777,00
606,00
4545,00
3448,00
689,00
5555,00
3448,00
746,00
7142,00
5555,00
1265,00
10000,00
7142,00
1515,00
1428,00
970,00
227,00
2380,00
1694,00
392,00
2857,00
1785,00
442,00
5882,00
4761,00
877,00
10000,00
5882,00
1515,00
11111,00
6250,00
1754,00
11111,00
6250,00
1666,00
7142,00
10000,00
2564,00
20000,00
11111,00
2702,00
1785,00
1315,00
314,00
3225,00
2222,00
458,00
3333,00
2564,00
571,00
6250,00
4761,00
1041,00
14285,00
7692,00
1515,00
12500,00
6666,00
1785,00
14285,00
8333,00
2000,00
25000,00
14285,00
2564,00
25000,00
14285,00
4545,00
1428,00
1000,00
237,00
2564,00
1724,00
393,00
2941,00
1923,00
454,00
7692,00
4166,00
869,00
12500,00
5882,00
1492,00
10000,00
5263,00
1754,00
11111,00
8333,00
1818,00
12500,00
11111,00
2857,00
25000,00
20000,00
3448,00
4166,00
2777,00
561,00
7142,00
3846,00
787,00
6666,00
5000,00
1030,00
14285,00
7692,00
2272,00
11111,00
5000,00
2083,00
12500,00
6666,00
3703,00
25000,00
20000,00
3571,00
11111,00
7142,00
4347,00
11111,00
16666,00
5882,00
4761,00
3125,00
632,00
7692,00
4761,00
714,00
7692,00
3571,00
934,00
14285,00
5882,00
2380,00
25000,00
9090,00
1818,00
16666,00
2222,00
1587,00
25000,00
12500,00
4347,00
33333,00
7692,00
3030,00
16666,00
12500,00
3846,00
2222,00
1538,00
369,00
4166,00
2500,00
561,00
5263,00
3030,00
671,00
12500,00
6666,00
1315,00
20000,00
10000,00
1851,00
12500,00
10000,00
2040,00
20000,00
12500,00
2857,00
25000,00
16666,00
3846,00
25000,00
14285,00
4545,00
6666,00
3571,00
826,00
9090,00
5263,00
1041,00
9090,00
6250,00
1282,00
16666,00
12500,00
2500,00
33333,00
20000,00
2941,00
14285,00
9090,00
3571,00
25000,00
20000,00
4545,00
50000,00
20000,00
5000,00
25000,00
12500,00
4347,00
8333,00
4761,00
826,00
12500,00
5263,00
877,00
11111,00
5882,00
1030,00
20000,00
12500,00
2439,00
50000,00
11111,00
1818,00
20000,00
10000,00
2380,00
33333,00
16666,00
4347,00
33333,00
11111,00
3225,00
12500,00
6666,00
2127,00
1086,00
806,00
114,00
1851,00
1351,00
221,00
1785,00
1351,00
269,00
4545,00
3125,00
719,00
6666,00
5000,00
1086,00
7142,00
5263,00
1282,00
7142,00
5263,00
675,00
14285,00
11111,00
1315,00
8333,00
11111,00
1162,00
2702,00
1818,00
304,00
5555,00
3333,00
406,00
4761,00
3703,00
549,00
9090,00
5882,00
1369,00
20000,00
10000,00
2272,00
16666,00
14285,00
2631,00
11111,00
8333,00
1785,00
20000,00
12500,00
3030,00
11111,00
12500,00
3225,00
3571,00
2439,00
204,00
6250,00
4166,00
373,00
5882,00
5000,00
396,00
8333,00
9090,00
1428,00
25000,00
14285,00
1785,00
14285,00
14285,00
2631,00
6666,00
11111,00
1428,00
33333,00
33333,00
3703,00
11111,00
50000,00
1724,00
3030,00
1818,00
400,00
5000,00
3333,00
502,00
5000,00
3333,00
724,00
12500,00
5555,00
1234,00
14285,00
12500,00
1818,00
14285,00
6666,00
1923,00
12500,00
12500,00
1694,00
14285,00
20000,00
2564,00
20000,00
16666,00
2857,00
6666,00
4761,00
649,00
10000,00
5000,00
952,00
7142,00
6250,00
1515,00
33333,00
16666,00
3448,00
50000,00
12500,00
3846,00
12500,00
11111,00
4761,00
25000,00
33333,00
3846,00
33333,00
11111,00
7692,00
20000,00
25000,00
7692,00
9090,00
4000,00
487,00
7692,00
7142,00
602,00
7142,00
7142,00
862,00
25000,00
11111,00
2040,00
33333,00
14285,00
2380,00
12500,00
12500,00
4166,00
50000,00
14285,00
2857,00
50000,00
33333,00
3703,00
50000,00
25000,00
4347,00
4347,00
3125,00
507,00
6666,00
4166,00
724,00
5882,00
4347,00
800,00
14285,00
10000,00
1851,00
12500,00
12500,00
2439,00
7692,00
7142,00
3571,00
25000,00
8333,00
826,00
16666,00
16666,00
3571,00
7692,00
33333,00
2941,00
10000,00
6250,00
943,00
14285,00
6250,00
1136,00
14285,00
8333,00
1639,00
25000,00
33333,00
3703,00
33333,00
12500,00
4545,00
25000,00
20000,00
7142,00
14285,00
25000,00
4166,00
20000,00
20000,00
6250,00
16666,00
25000,00
6666,00
10000,00
6250,00
568,00
16666,00
6666,00
1000,00
5555,00
7142,00
961,00
50000,00
33333,00
5000,00
33333,00
16666,00
4347,00
16666,00
6666,00
7142,00
9090,00
14285,00
2000,00
33333,00
25000,00
5555,00
11111,00
20000,00
2083,00
1265,00
840,00
202,00
2040,00
1369,00
276,00
2325,00
1515,00
383,00
4347,00
3333,00
746,00
7142,00
5555,00
1265,00
7692,00
5555,00
1315,00
8333,00
5263,00
1315,00
7692,00
7692,00
1818,00
10000,00
12500,00
2173,00
3225,00
1960,00
392,00
5882,00
3571,00
377,00
5555,00
3703,00
735,00
12500,00
7692,00
1724,00
25000,00
7692,00
2083,00
16666,00
11111,00
2777,00
11111,00
14285,00
2941,00
2380,00
20000,00
2222,00
14285,00
12500,00
3571,00
3703,00
2272,00
359,00
6250,00
4000,00
416,00
7142,00
4761,00
680,00
12500,00
7692,00
1639,00
20000,00
9090,00
2040,00
25000,00
10000,00
2500,00
12500,00
12500,00
4000,00
33333,00
14285,00
2857,00
12500,00
25000,00
3703,00
3125,00
1923,00
458,00
5882,00
3030,00
709,00
5882,00
3225,00
917,00
10000,00
6250,00
1886,00
20000,00
7692,00
1587,00
25000,00
7142,00
3333,00
16666,00
9090,00
3571,00
25000,00
14285,00
4000,00
20000,00
20000,00
4761,00
8333,00
4545,00
909,00
10000,00
4545,00
813,00
11111,00
6666,00
1960,00
33333,00
25000,00
5000,00
9090,00
3846,00
1515,00
25000,00
20000,00
5882,00
50000,00
33333,00
7692,00
33333,00
16666,00
4347,00
50000,00
33333,00
4545,00
10000,00
5882,00
806,00
11111,00
5882,00
934,00
12500,00
5555,00
1136,00
20000,00
12500,00
2777,00
16666,00
10000,00
1851,00
20000,00
12500,00
2857,00
33333,00
33333,00
5263,00
16666,00
12500,00
4000,00
50000,00
20000,00
4347,00
4761,00
2941,00
699,00
6250,00
3846,00
854,00
7692,00
5263,00
1250,00
10000,00
9090,00
2564,00
9090,00
14285,00
3030,00
10000,00
11111,00
4347,00
16666,00
14285,00
4000,00
12500,00
16666,00
5000,00
20000,00
11111,00
4545,00
10000,00
5882,00
1333,00
9090,00
5000,00
833,00
10000,00
8333,00
1886,00
20000,00
14285,00
4347,00
20000,00
11111,00
3333,00
10000,00
16666,00
4545,00
12500,00
16666,00
4347,00
16666,00
14285,00
1562,00
20000,00
12500,00
4166,00
9090,00
9090,00
1020,00
25000,00
8333,00
1149,00
5000,00
12500,00
1265,00
20000,00
10000,00
4000,00
33333,00
7692,00
3030,00
14285,00
10000,00
4166,00
16666,00
12500,00
3846,00
20000,00
10000,00
3225,00
680,00
6250,00
1515,00
787,00
543,00
124,00
1265,00
869,00
215,00
1470,00
1052,00
234,00
3125,00
2040,00
456,00
5263,00
3448,00
724,00
6666,00
4761,00
892,00
6666,00
4166,00
925,00
9090,00
7142,00
1587,00
5555,00
10000,00
1754,00
1886,00
1282,00
303,00
3225,00
2173,00
492,00
4166,00
2777,00
568,00
6250,00
5555,00
1041,00
12500,00
9090,00
1923,00
8333,00
11111,00
2127,00
12500,00
10000,00
2222,00
14285,00
16666,00
4166,00
16666,00
16666,00
4166,00
2222,00
1694,00
346,00
4000,00
2857,00
636,00
4000,00
3030,00
492,00
7692,00
6666,00
1428,00
14285,00
9090,00
2083,00
11111,00
10000,00
2702,00
16666,00
10000,00
1960,00
16666,00
14285,00
4545,00
9090,00
16666,00
2325,00
1886,00
1234,00
305,00
3448,00
1960,00
490,00
3846,00
2777,00
571,00
7142,00
4761,00
1086,00
14285,00
8333,00
1851,00
14285,00
11111,00
2222,00
14285,00
7692,00
2222,00
20000,00
11111,00
3571,00
25000,00
25000,00
4761,00
4347,00
3333,00
680,00
8333,00
5555,00
1123,00
8333,00
5555,00
1204,00
8333,00
12500,00
2941,00
14285,00
10000,00
2941,00
11111,00
10000,00
3571,00
16666,00
12500,00
5000,00
20000,00
20000,00
4545,00
20000,00
8333,00
5000,00
5555,00
3448,00
862,00
10000,00
5263,00
1010,00
9090,00
4761,00
1351,00
10000,00
11111,00
2857,00
20000,00
11111,00
2941,00
16666,00
10000,00
2941,00
50000,00
25000,00
5000,00
25000,00
14285,00
5555,00
50000,00
25000,00
3703,00
2702,00
1960,00
427,00
5882,00
3125,00
769,00
6250,00
4166,00
813,00
14285,00
6666,00
1754,00
11111,00
12500,00
2857,00
25000,00
14285,00
3333,00
16666,00
11111,00
3225,00
25000,00
16666,00
5555,00
12500,00
20000,00
2380,00
6250,00
4545,00
1063,00
11111,00
7692,00
1587,00
10000,00
9090,00
1960,00
8333,00
14285,00
4545,00
11111,00
10000,00
4166,00
16666,00
11111,00
5555,00
20000,00
16666,00
5555,00
25000,00
20000,00
7692,00
14285,00
7692,00
3846,00
6250,00
5000,00
537,00
9090,00
5263,00
990,00
4545,00
4545,00
531,00
16666,00
20000,00
3703,00
16666,00
5555,00
2702,00
14285,00
7142,00
2040,00
9090,00
10000,00
2000,00
16666,00
6250,00
3030,00
1298,00
4347,00
243,00
