





































































































































































































































































































































































































































































































































































































































































































































































































































































































































































































































































































































4347,00
2631,00
9090,00
20000,00
1369,00
8333,00
8333,00
1449,00
4761,00
9090,00
2173,00
6250,00
5263,00
1639,00
11111,00
7692,00
2777,00
9090,00
14285,00
2380,00
11111,00
14285,00
1886,00
7142,00
25000,00
2500,00
4347,00
7142,00
3225,00
9090,00
33333,00
2000,00
14285,00
8333,00
2941,00
5882,00
14285,00
2702,00
14285,00
12500,00
934,00
4347,00
8333,00
1250,00
7692,00
8333,00
1204,00
6250,00
12500,00
1010,00
5263,00
7692,00
1000,00
6250,00
4166,00
1492,00
8333,00
16666,00
980,00
5000,00
8333,00
1234,00
11111,00
6250,00
1315,00
6666,00
16666,00
1818,00
10000,00
14285,00
2777,00
6666,00
16666,00
2500,00
11111,00
16666,00
2325,00
9090,00
33333,00
2173,00
5555,00
7692,00
3846,00
10000,00
25000,00
2500,00
12500,00
16666,00
3125,00
10000,00
25000,00
3571,00
16666,00
100000,00
2325,00
11111,00
12500,00
3333,00
12500,00
12500,00
3448,00
14285,00
25000,00
2127,00
8333,00
8333,00
1123,00
3846,00
348,00
4761,00
11111,00
12500,00
2564,00
16666,00
50000,00
3703,00
12500,00
25000,00
3333,00
14285,00
12500,00
44,00
641,00
952,00
91,00
970,00
1333,00
136,00
934,00
1136,00
42,00
617,00
1190,00
65,00
588,00
1265,00
150,00
1075,00
1639,00
36,00
653,00
813,00
70,00
943,00
1149,00
105,00
1149,00
900,00
369,00
1851,00
3703,00
460,00
3030,00
6250,00
485,00
2631,00
5882,00
404,00
2631,00
5000,00
438,00
2127,00
9090,00
581,00
3703,00
8333,00
294,00
1818,00
3225,00
432,00
3333,00
4761,00
552,00
3030,00
4000,00
440,00
2325,00
5555,00
595,00
3333,00
4761,00
584,00
3333,00
3448,00
512,00
3225,00
7692,00
680,00
5882,00
5555,00
714,00
5555,00
8333,00
421,00
3030,00
5263,00
689,00
5000,00
5555,00
625,00
3448,00
3333,00
456,00
2777,00
11111,00
581,00
3448,00
6666,00
588,00
3703,00
6250,00
518,00
3030,00
10000,00
724,00
3333,00
7142,00
751,00
4347,00
11111,00
414,00
3030,00
4761,00
621,00
3571,00
6250,00
657,00
4347,00
6250,00
934,00
7142,00
20000,00
1388,00
8333,00
14285,00
1369,00
6666,00
11111,00
1250,00
7692,00
33333,00
1538,00
3125,00
50000,00
1886,00
9090,00
50000,00
1162,00
6666,00
11111,00
1666,00
8333,00
50000,00
1818,00
7692,00
11111,00
1315,00
9090,00
14285,00
1818,00
11111,00
25000,00
1785,00
12500,00
16666,00
1515,00
7142,00
33333,00
2272,00
9090,00
16666,00
2083,00
3225,00
25000,00
1351,00
10000,00
16666,00
1923,00
9090,00
20000,00
2127,00
12500,00
10000,00
666,00
4000,00
14285,00
869,00
5263,00
11111,00
833,00
5555,00
11111,00
806,00
5000,00
9090,00
1123,00
6666,00
12500,00
1098,00
5263,00
25000,00
653,00
4000,00
11111,00
961,00
5882,00
8333,00
943,00
5555,00
11111,00
1449,00
7692,00
20000,00
2040,00
16666,00
16666,00
1923,00
11111,00
20000,00
1960,00
11111,00
33333,00
2857,00
14285,00
25000,00
2500,00
10000,00
20000,00
1724,00
7142,00
25000,00
2325,00
14285,00
50000,00
2439,00
7142,00
14285,00
1694,00
10000,00
20000,00
2564,00
20000,00
11111,00
2631,00
16666,00
8333,00
2325,00
14285,00
14285,00
3225,00
12500,00
11111,00
3125,00
20000,00
16666,00
1851,00
14285,00
20000,00
2564,00
16666,00
14285,00
2439,00
5000,00
5882,00
40,00
653,00
800,00
134,00
925,00
1785,00
130,00
925,00
1086,00
75,00
781,00
1562,00
126,00
1052,00
2222,00
164,00
1030,00
2127,00
44,00
694,00
833,00
121,00
1052,00
1587,00
121,00
990,00
1136,00
271,00
1470,00
5555,00
342,00
2083,00
3846,00
338,00
1960,00
6250,00
306,00
1886,00
5555,00
429,00
3030,00
9090,00
414,00
2857,00
10000,00
286,00
1369,00
3571,00
381,00
2439,00
5555,00
369,00
2380,00
5882,00
293,00
1818,00
3030,00
427,00
2631,00
5000,00
398,00
2631,00
2857,00
389,00
2222,00
4347,00
505,00
3225,00
9090,00
497,00
3333,00
5555,00
303,00
1886,00
2631,00
469,00
2857,00
3703,00
452,00
3225,00
2777,00
343,00
1923,00
7692,00
418,00
2777,00
5555,00
418,00
2380,00
7692,00
416,00
2439,00
5882,00
543,00
2941,00
9090,00
520,00
3125,00
8333,00
364,00
1886,00
4000,00
462,00
2702,00
6666,00
490,00
2631,00
7692,00
769,00
4545,00
11111,00
1010,00
4761,00
14285,00
1041,00
5000,00
8333,00
909,00
6250,00
16666,00
1315,00
7142,00
11111,00
1315,00
7692,00
16666,00
847,00
5000,00
14285,00
1190,00
5263,00
14285,00
1219,00
7692,00
12500,00
943,00
4761,00
11111,00
1234,00
7692,00
5555,00
1298,00
5555,00
11111,00
1098,00
7692,00
12500,00
1562,00
9090,00
14285,00
1639,00
6250,00
12500,00
1010,00
5555,00
8333,00
1492,00
8333,00
9090,00
1562,00
7142,00
10000,00
448,00
2439,00
2083,00
609,00
3448,00
12500,00
558,00
3571,00
4166,00
625,00
3030,00
7142,00
729,00
4166,00
12500,00
699,00
3571,00
9090,00
450,00
2702,00
934,00
704,00
3448,00
7692,00
632,00
3846,00
6666,00
1075,00
6666,00
14285,00
1492,00
8333,00
8333,00
1470,00
6666,00
9090,00
1204,00
6250,00
20000,00
1666,00
11111,00
33333,00
1724,00
11111,00
14285,00
1298,00
6666,00
14285,00
1639,00
11111,00
9090,00
1639,00
9090,00
20000,00
1030,00
5263,00
6666,00
1754,00
10000,00
9090,00
1470,00
7142,00
3225,00
1562,00
8333,00
16666,00
1851,00
9090,00
12500,00
2040,00
9090,00
8333,00
1298,00
9090,00
4347,00
1785,00
9090,00
10000,00
1408,00
8333,00
2631,00
61,00
877,00
1515,00
137,00
1075,00
1388,00
191,00
1111,00
2000,00
64,00
840,00
1428,00
105,00
1041,00
2272,00
200,00
1149,00
2325,00
50,00
751,00
1162,00
99,00
1075,00
1408,00
143,00
1333,00
1282,00
355,00
1923,00
7692,00
452,00
3125,00
5000,00
476,00
2777,00
10000,00
423,00
2777,00
6666,00
574,00
3225,00
11111,00
595,00
3846,00
9090,00
352,00
1612,00
4761,00
314,00
3448,00
4166,00
531,00
3448,00
7142,00
425,00
2564,00
5000,00
571,00
3571,00
5000,00
574,00
3846,00
5000,00
518,00
3448,00
4347,00
746,00
4761,00
8333,00
709,00
4000,00
5882,00
438,00
2941,00
5000,00
636,00
3846,00
4166,00
666,00
3703,00
4761,00
465,00
2631,00
7142,00
621,00
3225,00
6250,00
613,00
3448,00
11111,00
561,00
4166,00
7692,00
854,00
4545,00
7692,00
800,00
4347,00
11111,00
515,00
3030,00
5000,00
694,00
3846,00
7142,00
709,00
3703,00
10000,00
1111,00
7692,00
14285,00
1666,00
10000,00
16666,00
1562,00
6250,00
16666,00
1449,00
10000,00
33333,00
1492,00
3030,00
11111,00
2272,00
11111,00
25000,00
1315,00
6250,00
20000,00
1639,00
8333,00
12500,00
1785,00
7142,00
14285,00
1265,00
7692,00
11111,00
2000,00
10000,00
11111,00
1851,00
11111,00
10000,00
1515,00
7142,00
14285,00
2325,00
9090,00
10000,00
2380,00
7142,00
10000,00
1449,00
8333,00
9090,00
1960,00
7692,00
11111,00
2000,00
6666,00
11111,00
657,00
3703,00
10000,00
877,00
5555,00
7142,00
833,00
4347,00
11111,00
847,00
5000,00
7142,00
1234,00
8333,00
8333,00
1063,00
6250,00
25000,00
740,00
4761,00
10000,00
1063,00
5263,00
6666,00
1030,00
6666,00
7692,00
1639,00
5882,00
12500,00
2000,00
11111,00
6666,00
2000,00
6250,00
16666,00
2040,00
12500,00
33333,00
2702,00
11111,00
33333,00
2631,00
8333,00
12500,00
1754,00
9090,00
11111,00
2272,00
12500,00
3448,00
2564,00
14285,00
50000,00
1785,00
11111,00
20000,00
2777,00
14285,00
25000,00
2702,00
11111,00
9090,00
2272,00
12500,00
25000,00
3030,00
16666,00
10000,00
3448,00
12500,00
8333,00
2000,00
14285,00
12500,00
2777,00
14285,00
7692,00
2777,00
10000,00
763,00
23,00
452,00
448,00
71,00
641,00
813,00
75,00
740,00
473,00
36,00
456,00
769,00
59,00
523,00
952,00
120,00
793,00
1086,00
21,00
434,00
338,00
58,00
641,00
699,00
54,00
675,00
364,00
261,00
1298,00
4000,00
359,00
2040,00
3030,00
370,00
1785,00
4000,00
301,00
1785,00
3448,00
465,00
2040,00
6250,00
467,00
2439,00
6250,00
226,00
1515,00
2500,00
353,00
2500,00
4000,00
418,00
2439,00
2500,00
233,00
1886,00
1724,00
462,00
2325,00
3225,00
406,00
2702,00
2040,00
390,00
2272,00
3571,00
523,00
3225,00
5882,00
543,00
3333,00
5555,00
200,00
2222,00
1369,00
500,00
3225,00
4347,00
289,00
3125,00
892,00
369,00
1923,00
5555,00
487,00
2439,00
8333,00
487,00
2500,00
5555,00
434,00
2500,00
7692,00
581,00
3225,00
9090,00
591,00
3125,00
12500,00
352,00
2380,00
4000,00
558,00
3030,00
7692,00
534,00
3030,00
4347,00
740,00
4545,00
14285,00
1149,00
6250,00
7692,00
1190,00
7692,00
11111,00
990,00
6666,00
20000,00
1369,00
4347,00
25000,00
1538,00
7692,00
11111,00
869,00
5263,00
8333,00
1162,00
5263,00
14285,00
1282,00
5555,00
5263,00
1030,00
5882,00
20000,00
1449,00
6666,00
14285,00
1492,00
9090,00
12500,00
1265,00
7142,00
20000,00
1754,00
11111,00
20000,00
1639,00
10000,00
7692,00
1098,00
7692,00
9090,00
1562,00
11111,00
20000,00
1587,00
7142,00
5555,00
338,00
2941,00
3333,00
680,00
3703,00
7692,00
653,00
3846,00
4000,00
621,00
3846,00
9090,00
826,00
4000,00
6250,00
869,00
4545,00
16666,00
284,00
2941,00
2702,00
724,00
4000,00
6250,00
526,00
4761,00
1923,00
1136,00
7142,00
11111,00
1612,00
8333,00
20000,00
1538,00
7692,00
14285,00
1470,00
8333,00
20000,00
2000,00
11111,00
25000,00
1886,00
6666,00
11111,00
1298,00
6666,00
8333,00
1694,00
8333,00
11111,00
1818,00
5263,00
5882,00
757,00
8333,00
7142,00
1724,00
9090,00
16666,00
1639,00
9090,00
5263,00
1587,00
5882,00
14285,00
2173,00
5882,00
10000,00
2631,00
11111,00
7142,00
746,00
9090,00
3225,00
1851,00
9090,00
10000,00
645,00
4000,00
334,00
