














































































































































































































































































































































































































































































































































































































































































































































































3611,00
7223,00
5778,00
5778,00
9631,00
89,00
441,00
979,00
1229,00
2311,00
4128,00
2222,00
6421,00
9632,00
157,00
731,00
1699,00
1993,00
3853,00
5780,00
4446,00
9633,00
28901,00
287,00
1070,00
1521,00
1993,00
4446,00
5254,00
2408,00
5254,00
11560,00
62,00
356,00
535,00
903,00
1806,00
2513,00
1344,00
4817,00
3853,00
105,00
696,00
947,00
1521,00
2223,00
5255,00
1651,00
7226,00
6423,00
176,00
649,00
850,00
1298,00
2484,00
4081,00
2380,00
5714,00
7143,00
565,00
1905,00
3361,00
1843,00
2597,00
11430,00
7144,00
14289,00
19052,00
732,00
705,00
4763,00
4082,00
9526,00
6351,00
5196,00
5196,00
8165,00
1078,00
1465,00
4764,00
3362,00
3363,00
8168,00
14294,00
19058,00
28591,00
529,00
1732,00
3573,00
1844,00
4765,00
9531,00
6354,00
28593,00
19062,00
841,00
1270,00
4085,00
3364,00
3364,00
19064,00
14298,00
7149,00
57197,00
1300,00
2860,00
5720,00
6356,00
9534,00
11440,00
19070,00
11443,00
28610,00
394,00
1395,00
2119,00
2600,00
3814,00
5722,00
7153,00
8174,00
19074,00
480,00
986,00
3366,00
3366,00
7153,00
14307,00
3815,00
7153,00
11446,00
867,00
2043,00
3366,00
4088,00
7154,00
11447,00
8176,00
11447,00
11447,00
817,00
2601,00
3577,00
3815,00
14309,00
9539,00
6359,00
8177,00
8177,00
1547,00
2289,00
3367,00
4770,00
11448,00
14310,00
5724,00
11448,00
8177,00
1431,00
3367,00
4403,00
4403,00
8178,00
14311,00
9541,00
11450,00
8178,00
1100,00
2862,00
3013,00
5204,00
9542,00
5725,00
4771,00
4404,00
19085,00
2120,00
1847,00
2044,00
7157,00
3013,00
3181,00
14315,00
8180,00
9543,00
1789,00
3013,00
4090,00
5726,00
11453,00
11453,00
11453,00
14316,00
11453,00
665,00
1735,00
2202,00
3368,00
11453,00
6363,00
5726,00
5726,00
5726,00
1507,00
2603,00
5726,00
6363,00
8181,00
7159,00
19092,00
6364,00
7159,00
1789,00
3818,00
3182,00
14319,00
11455,00
11455,00
9546,00
14319,00
7160,00
116,00
556,00
881,00
1193,00
2603,00
4406,00
2387,00
5730,00
5730,00
185,00
868,00
1736,00
1736,00
5210,00
9553,00
3017,00
7165,00
7165,00
322,00
1005,00
1102,00
2123,00
3822,00
7167,00
3822,00
11468,00
14335,00
78,00
409,00
796,00
1194,00
2206,00
4097,00
2206,00
6373,00
8194,00
70,00
252,00
1042,00
1062,00
1195,00
5736,00
4780,00
7171,00
11474,00
286,00
808,00
1399,00
1912,00
4098,00
5737,00
4413,00
7172,00
11475,00
70,00
306,00
466,00
652,00
1551,00
1913,00
1334,00
3188,00
3826,00
91,00
512,00
869,00
1221,00
2495,00
4100,00
2870,00
8200,00
8201,00
174,00
503,00
700,00
1083,00
2208,00
2870,00
1852,00
4416,00
5741,00
604,00
2297,00
3378,00
4785,00
5743,00
19143,00
11486,00
28715,00
19143,00
844,00
1641,00
7179,00
3829,00
4786,00
19146,00
14360,00
19146,00
9573,00
1641,00
2872,00
6382,00
5744,00
14361,00
19148,00
9574,00
14361,00
11490,00
495,00
1689,00
4103,00
2611,00
4419,00
8207,00
6383,00
19151,00
9575,00
320,00
448,00
3023,00
941,00
167,00
6383,00
19151,00
5223,00
9575,00
1126,00
2052,00
4788,00
5745,00
5745,00
11491,00
11491,00
14364,00
11491,00
390,00
1149,00
1915,00
2611,00
4104,00
7182,00
7183,00
11493,00
14366,00
527,00
1553,00
4104,00
2873,00
2394,00
7184,00
8210,00
6386,00
11494,00
884,00
2210,00
3193,00
4106,00
7185,00
9580,00
9580,00
14371,00
14371,00
1336,00
2612,00
5226,00
6387,00
11497,00
19162,00
19162,00
11497,00
28744,00
2874,00
2299,00
8212,00
6388,00
11498,00
57493,00
8214,00
6388,00
11499,00
1742,00
3382,00
8214,00
14375,00
8214,00
19167,00
9583,00
19167,00
11500,00
1513,00
3194,00
3833,00
4423,00
8214,00
9584,00
28752,00
11501,00
11501,00
2129,00
4107,00
3382,00
14376,00
57505,00
14376,00
9584,00
19169,00
14376,00
2211,00
4423,00
4423,00
19170,00
11502,00
28755,00
14377,00
14377,00
7188,00
898,00
2396,00
2738,00
5751,00
19170,00
14378,00
7189,00
11502,00
11502,00
1597,00
2614,00
5228,00
8216,00
6390,00
8216,00
11503,00
28759,00
14379,00
1983,00
4108,00
5751,00
8217,00
5752,00
14382,00
14382,00
11505,00
14382,00
78,00
309,00
426,00
605,00
1369,00
1917,00
1198,00
2301,00
4109,00
127,00
509,00
693,00
975,00
2877,00
3384,00
1598,00
5231,00
5754,00
178,00
439,00
605,00
975,00
2301,00
2877,00
1744,00
3837,00
5232,00
61,00
254,00
386,00
564,00
1174,00
1555,00
1151,00
2502,00
3386,00
82,00
446,00
767,00
1151,00
2398,00
4112,00
2399,00
5757,00
8226,00
153,00
371,00
599,00
822,00
2214,00
2399,00
1693,00
4799,00
6398,00
41,00
145,00
219,00
312,00
846,00
1175,00
606,00
1515,00
1919,00
59,00
248,00
408,00
548,00
1556,00
2133,00
1151,00
2742,00
3840,00
85,00
222,00
301,00
496,00
1309,00
1600,00
960,00
2133,00
2504,00
450,00
1280,00
1694,00
2505,00
5762,00
5238,00
6402,00
11524,00
19206,00
619,00
1108,00
3389,00
5762,00
6402,00
6402,00
9604,00
4802,00
8232,00
873,00
1694,00
2305,00
2881,00
8232,00
5762,00
6403,00
11525,00
11525,00
397,00
1152,00
1695,00
1987,00
4433,00
5763,00
5763,00
14408,00
19211,00
476,00
1047,00
4116,00
3842,00
3202,00
11527,00
5763,00
9606,00
11528,00
800,00
1646,00
2882,00
2620,00
11530,00
7207,00
7207,00
28830,00
9610,00
259,00
588,00
930,00
1153,00
2621,00
3844,00
2402,00
8237,00
11532,00
320,00
711,00
1802,00
2402,00
3203,00
9611,00
4119,00
2136,00
14419,00
409,00
915,00
1311,00
1602,00
2884,00
5244,00
4120,00
11538,00
8241,00
824,00
2508,00
2884,00
4807,00
11539,00
28848,00
9616,00
8242,00
8242,00
1202,00
2622,00
2884,00
5770,00
5770,00
14425,00
8242,00
28850,00
19233,00
1341,00
2885,00
2508,00
9617,00
8243,00
7213,00
9617,00
9617,00
6412,00
749,00
2404,00
3037,00
5246,00
11542,00
8245,00
8245,00
14429,00
28858,00
1202,00
4123,00
2886,00
14431,00
11544,00
7215,00
8246,00
28862,00
14431,00
1603,00
4123,00
4440,00
5772,00
11545,00
11545,00
11545,00
19242,00
7216,00
447,00
1154,00
1603,00
2510,00
7216,00
7216,00
3038,00
8247,00
7216,00
721,00
2220,00
3396,00
3848,00
5248,00
8247,00
9622,00
11546,00
8247,00
704,00
2138,00
2624,00
3608,00
8247,00
6415,00
7216,00
7216,00
3608,00
16,00
174,00
208,00
317,00
1069,00
1749,00
454,00
2749,00
1804,00
42,00
290,00
365,00
601,00
2220,00
2749,00
837,00
3850,00
3850,00
49,00
358,00
328,00
813,00
2511,00
3397,00
1013,00
4125,00
2062,00
24,00
158,00
291,00
377,00
1050,00
1444,00
614,00
2062,00
2888,00
38,00
256,00
493,00
722,00
2310,00
3209,00
1203,00














































































































































































































































































































































































































































































































































































































































































































