





































































































































































































































































































































































































































































































































































































































































































































































































































































































































































































































































































































4000,00
12500,00
5882,00
5882,00
4761,00
4347,00
7142,00
11111,00
14285,00
25000,00
14285,00
12500,00
12500,00
1515,00
1724,00
2500,00
5882,00
10000,00
11111,00
7692,00
8333,00
7142,00
3571,00
3571,00
7142,00
8333,00
6250,00
10000,00
12500,00
6666,00
16666,00
8333,00
7142,00
14285,00
50000,00
11111,00
20000,00
25000,00
50000,00
20000,00
537,00
763,00
884,00
1923,00
3225,00
3125,00
2702,00
4166,00
5263,00
1666,00
2083,00
2941,00
7142,00
7692,00
12500,00
11111,00
20000,00
20000,00
2941,00
3703,00
6250,00
11111,00
16666,00
14285,00
12500,00
25000,00
50000,00
1219,00
1388,00
1960,00
4545,00
4000,00
9090,00
6666,00
6250,00
11111,00
2564,00
3333,00
6250,00
10000,00
9090,00
16666,00
16666,00
16666,00
25000,00
5263,00
6666,00
6250,00
11111,00
12500,00
14285,00
25000,00
16666,00
33333,00
1428,00
2000,00
2272,00
6666,00
5882,00
8333,00
10000,00
20000,00
12500,00
5555,00
4347,00
4000,00
12500,00
12500,00
6666,00
50000,00
25000,00
14285,00
8333,00
7692,00
5882,00
11111,00
8333,00
16666,00
33333,00
12500,00
25000,00
680,00
900,00
1020,00
2272,00
3448,00
4166,00
3030,00
3846,00
7142,00
1923,00
2564,00
2857,00
7142,00
14285,00
14285,00
7692,00
20000,00
14285,00
2941,00
4166,00
4545,00
12500,00
16666,00
16666,00
25000,00
20000,00
12500,00
1250,00
1886,00
1886,00
5000,00
7692,00
6250,00
4545,00
8333,00
9090,00
4545,00
5000,00
7692,00
20000,00
11111,00
50000,00
25000,00
33333,00
50000,00
5555,00
3703,00
7692,00
16666,00
25000,00
25000,00
50000,00
20000,00
33333,00
1785,00
2325,00
2702,00
6250,00
11111,00
11111,00
5263,00
9090,00
16666,00
5555,00
5263,00
8333,00
20000,00
25000,00
20000,00
12500,00
20000,00
16666,00
5555,00
12500,00
8333,00
16666,00
33333,00
33333,00
33333,00
14285,00
14285,00
1010,00
1612,00
1666,00
4166,00
7692,00
9090,00
6250,00
9090,00
8333,00
3846,00
4347,00
5555,00
7142,00
25000,00
25000,00
16666,00
8333,00
14285,00
5555,00
7142,00
6666,00
11111,00
9090,00
12500,00
16666,00
12500,00
14285,00
2439,00
2941,00
3125,00
12500,00
9090,00
10000,00
10000,00
20000,00
25000,00
8333,00
5000,00
14285,00
12500,00
9090,00
25000,00
16666,00
12500,00
50000,00
7142,00
11111,00
12500,00
25000,00
16666,00
12500,00
20000,00
25000,00
50000,00
2325,00
2631,00
4545,00
8333,00
16666,00
20000,00
7692,00
12500,00
9090,00
4166,00
5000,00
6250,00
25000,00
14285,00
33333,00
8333,00
3030,00
9090,00
5555,00
11111,00
5000,00
100000,00
9090,00
12500,00
14285,00
8333,00
1265,00
900,00
1492,00
1515,00
3571,00
6666,00
9090,00
6666,00
10000,00
10000,00
3030,00
4545,00
5882,00
14285,00
20000,00
33333,00
20000,00
16666,00
33333,00
5263,00
6666,00
8333,00
33333,00
50000,00
33333,00
33333,00
33333,00
50000,00
2040,00
3225,00
4166,00
9090,00
8333,00
11111,00
12500,00
14285,00
14285,00
7142,00
9090,00
9090,00
50000,00
25000,00
25000,00
100000,00
16666,00
16666,00
9090,00
7142,00
14285,00
25000,00
25000,00
20000,00
50000,00
9090,00
25000,00
3030,00
3571,00
3333,00
12500,00
14285,00
33333,00
16666,00
11111,00
12500,00
8333,00
11111,00
10000,00
33333,00
33333,00
50000,00
100000,00
25000,00
20000,00
5882,00
7142,00
4761,00
25000,00
12500,00
8333,00
8333,00
10000,00
775,00
7,00
16,00
24,00
82,00
101,00
163,00
99,00
172,00
143,00
91,00
148,00
232,00
584,00
740,00
909,00
769,00
1149,00
1265,00
158,00
363,00
337,00
833,00
1388,00
1388,00
1010,00
1886,00
1785,00
27,00
35,00
64,00
180,00
198,00
340,00
288,00
326,00
485,00
207,00
270,00
458,00
1282,00
1075,00
1851,00
1785,00
2222,00
2325,00
418,00
724,00
961,00
1818,00
2564,00
3333,00
2272,00
3448,00
4545,00
45,00
81,00
81,00
359,00
425,00
645,00
333,00
574,00
480,00
343,00
546,00
578,00
1515,00
2272,00
2857,00
2173,00
3125,00
3703,00
398,00
1041,00
934,00
2173,00
3571,00
4347,00
2040,00
4166,00
2777,00
26,00
34,00
64,00
201,00
235,00
378,00
304,00
375,00
546,00
186,00
229,00
371,00
884,00
1282,00
1492,00
1234,00
1923,00
2040,00
420,00
581,00
581,00
1369,00
2325,00
2380,00
2127,00
2439,00
3333,00
52,00
58,00
129,00
389,00
303,00
680,00
641,00
657,00
1041,00
336,00
383,00
826,00
2083,00
1176,00
2857,00
2500,00
4545,00
4545,00
869,00
1176,00
1351,00
3125,00
3846,00
5555,00
4166,00
5000,00
6250,00
98,00
136,00
193,00
645,00
806,00
1020,00
833,00
1063,00
1282,00
505,00
571,00
1075,00
2272,00
3703,00
4545,00
3225,00
4166,00
7692,00
1162,00
1250,00
1724,00
4761,00
6250,00
8333,00
4347,00
7692,00
8333,00
46,00
79,00
85,00
263,00
390,00
434,00
333,00
534,00
456,00
239,00
337,00
354,00
892,00
1250,00
1515,00
1176,00
1818,00
2127,00
346,00
537,00
377,00
1515,00
2000,00
2272,00
1666,00
2564,00
2000,00
120,00
159,00
239,00
613,00
854,00
970,00
833,00
1219,00
1408,00
487,00
714,00
813,00
2040,00
2857,00
3030,00
2777,00
3846,00
4545,00
793,00
1190,00
1282,00
3333,00
5555,00
6250,00
3703,00
8333,00
6250,00
109,00
217,00
182,00
781,00
1098,00
1265,00
800,00
1149,00
714,00
675,00
1030,00
1162,00
2272,00
3571,00
4347,00
3703,00
6250,00
6250,00
649,00
1538,00
751,00
4761,00
6250,00
5882,00
3225,00
5882,00
1724,00
142,00
218,00
343,00
746,00
970,00
1219,00
1123,00
1449,00
1612,00
454,00
714,00
1052,00
1639,00
3225,00
4166,00
2500,00
4347,00
5000,00
1020,00
1388,00
1470,00
3703,00
7142,00
9090,00
5882,00
11111,00
7692,00
250,00
361,00
546,00
952,00
1562,00
1724,00
1515,00
1960,00
3030,00
1030,00
1351,00
2083,00
3333,00
5000,00
5000,00
7142,00
11111,00
9090,00
1818,00
2500,00
3846,00
1315,00
8333,00
10000,00
9090,00
25000,00
14285,00
427,00
689,00
877,00
1351,00
2083,00
3333,00
2000,00
2564,00
3846,00
1176,00
1851,00
1694,00
7692,00
9090,00
14285,00
11111,00
9090,00
14285,00
2439,00
4347,00
5882,00
6666,00
11111,00
20000,00
14285,00
12500,00
33333,00
334,00
510,00
609,00
1282,00
1818,00
2000,00
1724,00
2564,00
3030,00
1030,00
1492,00
1785,00
3030,00
4000,00
5882,00
5000,00
6250,00
9090,00
1818,00
2702,00
2777,00
8333,00
10000,00
11111,00
7142,00
12500,00
7692,00
531,00
657,00
1219,00
2631,00
2272,00
5000,00
3846,00
4545,00
5000,00
1562,00
1315,00
3703,00
3571,00
1785,00
4347,00
11111,00
11111,00
10000,00
3846,00
6250,00
7142,00
12500,00
16666,00
25000,00
11111,00
25000,00
20000,00
781,00
1136,00
1562,00
3030,00
5882,00
4166,00
5000,00
8333,00
9090,00
2564,00
2702,00
5555,00
5882,00
11111,00
5000,00
8333,00
7142,00
8333,00
5000,00
3571,00
10000,00
16666,00
11111,00
20000,00
16666,00
25000,00
50000,00
358,00
485,00
571,00
1250,00
2000,00
2000,00
1886,00
2439,00
2857,00
1063,00
1428,00
1785,00
4166,00
6666,00
9090,00
6666,00
7692,00
14285,00
1724,00
2500,00
2564,00
7692,00
10000,00
11111,00
6666,00
16666,00
12500,00
763,00
1052,00
1219,00
2500,00
4166,00
3571,00
4166,00
4000,00
7692,00
2222,00
2941,00
4761,00
6250,00
5882,00
6250,00
11111,00
16666,00
9090,00
3703,00
5263,00
5263,00
5263,00
10000,00
2857,00
20000,00
20000,00
16666,00
970,00
1408,00
1388,00
4000,00
5555,00
4545,00
6666,00
7692,00
4761,00
2857,00
3448,00
3703,00
7692,00
6250,00
6250,00
14285,00
7142,00
8333,00
5555,00
7692,00
5882,00
11111,00
11111,00
11111,00
20000,00
16666,00
14285,00
283,00
526,00
632,00
1562,00
2127,00
2777,00
1298,00
3030,00
2380,00
1123,00
1694,00
1886,00
4761,00
7692,00
10000,00
3846,00
9090,00
12500,00
952,00
2439,00
2439,00
6666,00
12500,00
14285,00
3030,00
12500,00
5555,00
684,00
1250,00
1428,00
2941,00
4761,00
5555,00
3333,00
5882,00
8333,00
2702,00
5263,00
4761,00
11111,00
11111,00
25000,00
12500,00
33333,00
25000,00
3225,00
4761,00
4545,00
7692,00
16666,00
50000,00
12500,00
16666,00
20000,00
617,00
1538,00
1149,00
4000,00
7692,00
5882,00
2325,00
8333,00
6666,00
3333,00
4761,00
7142,00
16666,00
50000,00
16666,00
20000,00
25000,00
50000,00
1851,00
4761,00
3333,00
9090,00
25000,00
33333,00
12500,00
16666,00
6666,00
724,00
1086,00
1176,00
2564,00
3571,00
5263,00
3225,00
5555,00
5882,00
2325,00
3333,00
4000,00
9090,00
20000,00
16666,00
7142,00
14285,00
20000,00
3571,00
3703,00
6666,00
12500,00
20000,00
12500,00
10000,00
14285,00
25000,00
1492,00
2127,00
2222,00
7692,00
6666,00
11111,00
7142,00
11111,00
12500,00
4166,00
10000,00
9090,00
12500,00
33333,00
33333,00
12500,00
50000,00
11111,00
8333,00
5882,00
10000,00
16666,00
25000,00
25000,00
50000,00
16666,00
33333,00
1515,00
2272,00
3125,00
8333,00
8333,00
14285,00
9090,00
11111,00
20000,00
4761,00
7692,00
7692,00
25000,00
50000,00
25000,00
25000,00
16666,00
9090,00
7692,00
12500,00
12500,00
100000,00
33333,00
25000,00
16666,00
20000,00
16666,00
588,00
970,00
1075,00
2702,00
3703,00
5263,00
3333,00
7142,00
3703,00
1923,00
3030,00
3448,00
8333,00
14285,00
25000,00
12500,00
25000,00
20000,00
2040,00
4761,00
3703,00
12500,00
25000,00
25000,00
6250,00
14285,00
5000,00
1388,00
1923,00
2272,00
8333,00
9090,00
9090,00
10000,00
7692,00
10000,00
5263,00
10000,00
8333,00
12500,00
14285,00
25000,00
25000,00
20000,00
11111,00
7142,00
9090,00
7142,00
9090,00
25000,00
20000,00
33333,00
16666,00
16666,00
980,00
2777,00
1515,00
6666,00
9090,00
16666,00
5555,00
10000,00
2702,00
7142,00
10000,00
12500,00
20000,00
10000,00
25000,00
100000,00
20000,00
9090,00
1694,00
4761,00
1265,00
11111,00
12500,00
5555,00
3846,00
8333,00
401,00
