





































































































































































































































































































































































































































































































































































































































































































































































































































































































































































































































































































































1318,00
1743,00
1201,00
1864,00
3604,00
2457,00
2845,00
2845,00
2574,00
2845,00
2845,00
3861,00
1864,00
380,00
443,00
730,00
303,00
218,00
482,00
195,00
267,00
286,00
1126,00
1039,00
1931,00
750,00
233,00
807,00
750,00
614,00
651,00
1351,00
1638,00
2350,00
1590,00
1744,00
1864,00
1150,00
1422,00
740,00
1590,00
2253,00
2575,00
1802,00
2575,00
3004,00
1201,00
1802,00
1423,00
3862,00
3862,00
4506,00
2846,00
3004,00
4916,00
2575,00
3181,00
3605,00
3605,00
6009,00
4160,00
3863,00
5408,00
6760,00
3380,00
5409,00
4507,00
949,00
1502,00
1591,00
901,00
807,00
1082,00
751,00
819,00
807,00
3181,00
2575,00
2846,00
2253,00
1461,00
3380,00
2080,00
1744,00
2253,00
4161,00
4918,00
3864,00
3182,00
4161,00
2705,00
3005,00
2847,00
3005,00
273,00
440,00
501,00
299,00
407,00
536,00
154,00
249,00
165,00
1203,00
1203,00
1463,00
967,00
622,00
950,00
694,00
660,00
353,00
1321,00
1805,00
2006,00
1354,00
1593,00
1747,00
1041,00
1177,00
426,00
1003,00
2257,00
2851,00
1022,00
1805,00
2355,00
712,00
1389,00
1505,00
2257,00
4168,00
3870,00
2463,00
6775,00
5420,00
1464,00
3011,00
3011,00
2258,00
4927,00
4516,00
3188,00
5420,00
4517,00
2168,00
3387,00
3387,00
686,00
1465,00
1869,00
669,00
1594,00
1505,00
426,00
732,00
1062,00
2258,00
3614,00
3614,00
1936,00
3614,00
3873,00
1004,00
2259,00
2464,00
2464,00
3873,00
4519,00
2008,00
4930,00
3190,00
1808,00
3616,00
3013,00
324,00
645,00
764,00
291,00
548,00
638,00
178,00
371,00
299,00
822,00
1644,00
1695,00
704,00
1262,00
1871,00
467,00
822,00
935,00
1005,00
2261,00
2171,00
935,00
2261,00
2261,00
810,00
1262,00
786,00
1751,00
3015,00
4935,00
1391,00
3619,00
3193,00
1024,00
2171,00
2714,00
4176,00
2857,00
3619,00
2857,00
4524,00
3393,00
2468,00
2714,00
6033,00
4524,00
4176,00
6787,00
4524,00
6033,00
6033,00
2360,00
4936,00
6033,00
1131,00
1939,00
2468,00
952,00
1597,00
2088,00
705,00
1508,00
1696,00
3194,00
3878,00
6033,00
2262,00
2011,00
5431,00
1751,00
2858,00
3620,00
4937,00
4937,00
6788,00
4177,00
4937,00
6035,00
3017,00
4178,00
3195,00
527,00
775,00
1044,00
362,00
603,00
678,00
268,00
464,00
424,00
1065,00
1552,00
2859,00
1006,00
1180,00
1552,00
754,00
597,00
970,00
1873,00
2716,00
2716,00
1509,00
1811,00
1646,00
987,00
1646,00
936,00
1509,00
2173,00
2470,00
1873,00
3196,00
2587,00
988,00
1940,00
1753,00
4180,00
4529,00
7764,00
3197,00
6794,00
6039,00
2264,00
3197,00
3397,00
4529,00
4941,00
4941,00
5435,00
5435,00
4941,00
3397,00
6039,00
2174,00
1181,00
1811,00
2174,00
905,00
1598,00
2174,00
696,00
1132,00
1181,00
2860,00
4181,00
4181,00
2588,00
4181,00
6794,00
1941,00
2860,00
2588,00
4530,00
6040,00
6795,00
3883,00
5436,00
4530,00
2588,00
3197,00
3197,00
335,00
715,00
624,00
418,00
566,00
671,00
191,00
367,00
183,00
1208,00
1812,00
1553,00
1045,00
1510,00
1510,00
639,00
953,00
489,00
1394,00
1754,00
1874,00
1754,00
2175,00
1431,00
734,00
1007,00
339,00
365,00
1510,00
863,00
706,00
1510,00
1599,00
408,00
906,00
584,00
1942,00
4184,00
3885,00
1648,00
3399,00
3626,00
937,00
2092,00
2092,00
1394,00
3626,00
1942,00
2014,00
4533,00
3885,00
1236,00
3626,00
1208,00
508,00
1066,00
1209,00
518,00
906,00
1157,00
351,00
618,00
716,00
1554,00
2864,00
3023,00
1133,00
2366,00
2473,00
766,00
1327,00
1649,00
2267,00
2591,00
2864,00
1600,00
2721,00
3888,00
1046,00
2016,00
2016,00
126,00
388,00
229,00
208,00
400,00
338,00
83,00
223,00
112,00
549,00
1067,00
1328,00
528,00
907,00
1047,00
342,00
656,00
504,00
656,00
1266,00
864,00
640,00
1701,00
1471,00
453,00
990,00
355,00
892,00
2269,00
1878,00
1089,00
2094,00
2368,00
672,00
1396,00
1702,00
2368,00
2867,00
3891,00
2867,00
4952,00
4540,00
1472,00
3204,00
1757,00
2476,00
3632,00
2724,00
3405,00
5449,00
5449,00
2095,00
4541,00
4191,00
767,00
1159,00
1879,00
717,00
425,00
1329,00
519,00
939,00
851,00
2096,00
4193,00
3894,00
1817,00
2478,00
4544,00
1185,00
2478,00
2478,00
3208,00
4957,00
3635,00
2870,00
4195,00
3895,00
1558,00
3208,00
2870,00
218,00
410,00
422,00
245,00
250,00
326,00
138,00
240,00
218,00
682,00
1113,00
1091,00
814,00
1186,00
1299,00
524,00
827,00
718,00
1091,00
1299,00
1654,00
1049,00
2099,00
1882,00
737,00
1187,00
803,00
420,00
1030,00
748,00
1011,00
1706,00
1476,00
430,00
1187,00
535,00
2601,00
2875,00
1883,00
2101,00
2875,00
2601,00
1300,00
3035,00
1884,00
1561,00
2483,00
467,00
2732,00
3642,00
2483,00
1071,00
3903,00
1011,00
475,00
719,00
748,00
666,00
483,00
728,00
420,00
709,00
487,00
1518,00
2876,00
2732,00
1656,00
3215,00
4204,00
840,00
2024,00
1561,00
1885,00
3215,00
2024,00
2733,00
5466,00
2877,00
1477,00
2877,00
1763,00
86,00
198,00
153,00
182,00
176,00
222,00
59,00
152,00
60,00
530,00
710,00
621,00
719,00
1051,00
781,00
399,00
581,00
312,00
479,00
911,00
552,00
959,00
1657,00
1215,00
323,00
749,00
171,00
1272,00
2378,00
2279,00
1116,00
2378,00
2734,00
739,00
1519,00
1657,00
3038,00
3907,00
4973,00
2104,00
5470,00
5470,00
1609,00
4208,00
3039,00
4208,00
6079,00
5471,00
2879,00
4974,00
7817,00
3039,00
6079,00
5471,00
841,00
1887,00
1765,00
781,00
1563,00
1303,00
594,00
960,00
1216,00
2104,00
3219,00
3420,00
2189,00
4560,00
3909,00
1563,00
2736,00
2736,00
3041,00
5473,00
6082,00
1032,00
4976,00
3041,00
1887,00
3649,00
3649,00
399,00
770,00
912,00
355,00
608,00
729,00
255,00
476,00
396,00
912,00
1521,00
1369,00
829,00
1825,00
1956,00
564,00
1074,00
1033,00
1611,00
2608,00
3222,00
1304,00
2738,00
2883,00
883,00
1521,00
1033,00
1767,00
3651,00
3222,00
2028,00
3912,00
2381,00
1074,00
2282,00
2884,00
4981,00
5480,00
4981,00
4981,00
4566,00
3914,00
3044,00
5480,00
4566,00
6089,00
4566,00
3425,00
5480,00
5480,00
7829,00
4982,00
6851,00
7829,00
1274,00
2884,00
3654,00
1245,00
2108,00
2885,00
884,00
1274,00
1768,00
3426,00
4984,00
4568,00
2611,00
2030,00
3427,00
2284,00
3655,00
3655,00
6093,00
6093,00
10968,00
4985,00
6855,00
4218,00
3427,00
4218,00
4570,00
517,00
1192,00
1406,00
503,00
870,00
1034,00
380,00
596,00
512,00
1443,00
2193,00
2742,00
1166,00
1662,00
2109,00
870,00
1246,00
1054,00
2493,00
3917,00
5484,00
1714,00
3428,00
3226,00
1246,00
2194,00
1246,00
1523,00
2887,00
2493,00
1482,00
2743,00
1891,00
1055,00
2194,00
1524,00
3657,00
4988,00
4572,00
3227,00
7838,00
3919,00
1959,00
4572,00
3658,00
4220,00
18290,00
3919,00
2888,00
10975,00
6859,00
3429,00
4988,00
3429,00
1143,00
1892,00
2495,00
1143,00
1829,00
1444,00
857,00
1483,00
1120,00
2888,00
4222,00
4222,00
2613,00
3659,00
2889,00
2195,00
3049,00
2613,00
4222,00
9149,00
5489,00
3229,00
3430,00
1167,00
3430,00
4574,00
2744,00
446,00
583,00
513,00
527,00
751,00
686,00
269,00
422,00
214,00
1307,00
2033,00
1484,00
1220,00
2196,00
1830,00
704,00
1664,00
499,00
1771,00
2496,00
1525,00
1830,00
2112,00
1893,00
963,00
1525,00
538,00
742,00
2034,00
1373,00
871,00
1961,00
2615,00
572,00
1307,00
1120,00
2615,00
3661,00
4993,00
2288,00
6102,00
4224,00
1408,00
2747,00
3434,00
1169,00
6869,00
1831,00
3053,00
5495,00
4996,00
1077,00
4227,00
1446,00
723,00
1526,00
1665,00
610,00
1278,00
1485,00
458,00
796,00
1017,00
2114,00
4228,00
3664,00
1832,00
3233,00
3664,00
981,00
2390,00
2390,00
2893,00
4997,00
3436,00
2748,00
4228,00
3436,00
1665,00
3926,00
2618,00
283,00
639,00
504,00
294,00
539,00
617,00
161,00
352,00
217,00
774,00
1896,00
1486,00
696,00
1410,00
1528,00
486,00
1000,00
821,00
797,00
1965,00
1146,00
982,00
2038,00
1897,00
611,00
1100,00
447,00
1448,00
3237,00
2620,00
1897,00
3668,00
3237,00
1000,00
2038,00
2038,00
786,00
604,00
4586,00
3057,00
5003,00
4586,00
2116,00
3931,00
2751,00
3237,00
1146,00
3669,00
4234,00
6880,00
9173,00
3057,00
5003,00
5004,00
965,00
1835,00
2752,00
1038,00
2117,00
2202,00
647,00
1280,00
1448,00
3059,00
3239,00
5006,00
2294,00
5006,00
5506,00
1776,00
3442,00
2294,00
4589,00
5007,00
5507,00
4589,00
6884,00
5507,00
2203,00
3239,00
3059,00
505,00
966,00
902,00
417,00
847,00
822,00
291,00
618,00
444,00
1124,00
1967,00
2395,00
1039,00
1721,00
1836,00
765,00
1311,00
934,00
1777,00
3061,00
2755,00
1574,00
3444,00
2296,00
934,00
1777,00
966,00
715,00
2505,00
1621,00
1531,00
2624,00
3674,00
861,00
2041,00
874,00
3444,00
3936,00
6889,00
3242,00
5511,00
4239,00
2396,00
4240,00
2296,00
2624,00
3937,00
1621,00
4593,00
9186,00
5011,00
1837,00
4240,00
1172,00
1125,00
2205,00
1968,00
934,00
1968,00
2506,00
745,00
1282,00
1253,00
2397,00
5514,00
4595,00
2902,00
3939,00
5013,00
1622,00
2757,00
3063,00
3244,00
5997,00
3855,00
4151,00
6746,00
5997,00
2346,00
2998,00
2159,00
232,00
606,00
357,00
408,00
658,00
545,00
135,00
396,00
94,00
1255,00
1799,00
1226,00
947,00
1080,00
1200,00
580,00
931,00
327,00
831,00
1589,00
720,00
1689,00
2162,00
1318,00
466,00
806,00
82,00
