





































































































































































































































































































































































































































































































































































































































































































































































































































































































































































































































































































































6336,00
7920,00
10560,00
31685,00
1022,00
2263,00
3168,00
7922,00
4527,00
7922,00
15852,00
31706,00
10565,00
1174,00
4530,00
3963,00
10570,00
5289,00
473,00
31742,00
1058,00
15878,00
1380,00
2886,00
5292,00
10586,00
2886,00
6350,00
31754,00
15877,00
10585,00
599,00
1671,00
2268,00
4537,00
6352,00
7940,00
4537,00
31763,00
15881,00
1764,00
7941,00
3971,00
10588,00
538,00
529,00
10589,00
992,00
10589,00
2888,00
7942,00
3530,00
10591,00
15886,00
15886,00
10591,00
7943,00
5295,00
1765,00
3531,00
4541,00
7948,00
15897,00
15897,00
6359,00
775,00
15904,00
1272,00
10603,00
5301,00
15906,00
10604,00
15906,00
15911,00
1060,00
31825,00
2652,00
6365,00
7958,00
7958,00
5305,00
15918,00
15918,00
31837,00
624,00
3184,00
3980,00
4548,00
324,00
7962,00
31851,00
10617,00
10617,00
5308,00
3539,00
4550,00
6371,00
10619,00
6372,00
796,00
31869,00
31869,00
31870,00
2655,00
10624,00
7968,00
15938,00
15939,00
15941,00
759,00
966,00
15945,00
1328,00
3987,00
6379,00
7974,00
7974,00
31897,00
31905,00
15951,00
678,00
185,00
462,00
379,00
1773,00
4559,00
1877,00
2660,00
4560,00
2660,00
184,00
591,00
437,00
1774,00
3549,00
3548,00
4564,00
6390,00
4564,00
91,00
290,00
339,00
819,00
2282,00
3994,00
1278,00
3995,00
6393,00
233,00
444,00
652,00
1776,00
4568,00
3198,00
3997,00
3998,00
4570,00
203,00
571,00
780,00
1999,00
6398,00
7998,00
2908,00
7999,00
5333,00
90,00
262,00
376,00
820,00
2286,00
2667,00
1600,00
4001,00
8002,00
124,00
313,00
410,00
914,00
2286,00
2462,00
2286,00
4576,00
3559,00
119,00
330,00
421,00
942,00
3560,00
4005,00
2002,00
4577,00
8010,00
50,00
140,00
186,00
410,00
1144,00
1526,00
866,00
3206,00
3206,00
1603,00
3563,00
2467,00
6414,00
6414,00
8018,00
16036,00
8018,00
10691,00
1336,00
2004,00
2916,00
10694,00
32084,00
10694,00
32085,00
5347,00
8021,00
891,00
3208,00
2673,00
4583,00
32086,00
10696,00
16044,00
32088,00
10696,00
2139,00
3208,00
5349,00
377,00
553,00
16047,00
10698,00
16057,00
32116,00
1690,00
4014,00
4588,00
16060,00
16061,00
10707,00
6424,00
4589,00
8032,00
973,00
4016,00
2921,00
8034,00
10712,00
8034,00
8034,00
10712,00
10712,00
1190,00
2921,00
4017,00
6427,00
6427,00
4591,00
6428,00
32144,00
10714,00
1236,00
3214,00
3572,00
6430,00
8037,00
8037,00
32151,00
3573,00
8040,00
574,00
1786,00
2297,00
3216,00
4594,00
8040,00
8040,00
518,00
32164,00
2680,00
5361,00
4595,00
8043,00
10724,00
32173,00
10725,00
32175,00
32179,00
1787,00
6436,00
10727,00
8046,00
16093,00
16093,00
8048,00
785,00
32195,00
1463,00
5366,00
6439,00
10732,00
16098,00
16098,00
16099,00
1287,00
32199,00
1788,00
4600,00
8050,00
16101,00
32202,00
32203,00
32204,00
32204,00
10735,00
3578,00
5368,00
4602,00
32217,00
32220,00
16110,00
16110,00
10740,00
16110,00
2478,00
4603,00
8058,00
16117,00
6447,00
32243,00
32243,00
732,00
32244,00
2149,00
6449,00
8061,00
6449,00
32257,00
608,00
32258,00
1008,00
16129,00
2482,00
6455,00
8069,00
32278,00
16139,00
10759,00
32278,00
10759,00
16139,00
1195,00
2689,00
5379,00
6455,00
10760,00
16140,00
32280,00
10760,00
4611,00
11,00
83,00
51,00
322,00
587,00
566,00
512,00
2017,00
789,00
19,00
113,00
112,00
557,00
1116,00
2312,00
1044,00
2159,00
6477,00
10,00
100,00
68,00
456,00
1079,00
1472,00
611,00
2700,00
1117,00
29,00
129,00
105,00
483,00
1472,00
875,00
1200,00
2025,00
1543,00
24,00
132,00
177,00
900,00
1409,00
2701,00
1800,00
3241,00
3241,00
19,00
114,00
142,00
456,00
1246,00
2026,00
1013,00
3602,00
2162,00
27,00
142,00
88,00
636,00
1158,00
1081,00
690,00
2495,00
1297,00
37,00
167,00
199,00
559,00
1475,00
2028,00
1118,00
3245,00
2496,00
15,00
90,00
103,00
240,00
737,00
791,00
477,00
1475,00
1298,00
223,00
690,00
954,00
579,00
2704,00
5410,00
2164,00
10821,00
8115,00
300,00
877,00
1623,00
1014,00
5411,00
8117,00
2497,00
10823,00
10826,00
215,00
706,00
1015,00
1476,00
3609,00
6497,00
2320,00
6498,00
6498,00
325,00
955,00
1120,00
1120,00
3611,00
8125,00
3611,00
32502,00
8125,00
500,00
1477,00
2321,00
2031,00
3250,00
32508,00
6501,00
32511,00
16255,00
349,00
1413,00
1477,00
3612,00
6503,00
6503,00
2956,00
458,00
6505,00
492,00
1301,00
1121,00
2323,00
4647,00
2168,00
3253,00
10843,00
8132,00
396,00
1479,00
1549,00
2503,00
2712,00
8136,00
4650,00
6510,00
32554,00
310,00
879,00
1205,00
1713,00
4070,00
6512,00
4070,00
16284,00
10856,00
241,00
1085,00
1052,00
932,00
3624,00
3625,00
1254,00
32627,00
3263,00
362,00
2331,00
1360,00
1632,00
5441,00
16325,00
6530,00
8163,00
32654,00
174,00
1555,00
466,00
1484,00
10887,00
4082,00
1633,00
32662,00
3629,00
526,00
2177,00
3267,00
1815,00
4084,00
3632,00
3269,00
4670,00
10899,00
554,00
4087,00
3270,00
4088,00
10902,00
32707,00
4672,00
32712,00
16356,00
460,00
2045,00
1722,00
2727,00
16362,00
6549,00
4679,00
16379,00
10919,00
414,00
1927,00
1365,00
3640,00
10920,00
2978,00
2520,00
4680,00
2730,00
744,00
4680,00
3640,00
5461,00
10923,00
8192,00
16385,00
585,00
8193,00
341,00
2048,00
993,00
5462,00
10924,00
32772,00
2731,00
16386,00
3641,00
22,00
98,00
75,00
512,00
1365,00
745,00
1214,00
2980,00
1821,00
20,00
101,00
110,00
886,00
1092,00
1928,00
1214,00
2342,00
2981,00
17,00
114,00
96,00
504,00
1491,00
2050,00
1215,00
3645,00
1930,00
29,00
112,00
107,00
547,00
1367,00
746,00
1492,00
2345,00
1727,00
19,00
71,00
143,00
670,00
729,00
1931,00
1931,00
4104,00
2189,00
18,00
100,00
132,00
321,00
1368,00
1824,00
1263,00
3284,00
2053,00
41,00
148,00
122,00
597,00
1729,00
1564,00
1217,00
3651,00
2528,00
40,00
135,00
182,00
597,00
1494,00
1730,00
1217,00
2988,00
4696,00
24,00
103,00
123,00
278,00
783,00
1061,00
598,00
2193,00
2531,00
342,00
1316,00
1097,00
2531,00
8229,00
8229,00
3292,00
10973,00
10973,00
374,00
1176,00
1372,00
2195,00
4706,00
4706,00
10983,00
10983,00
10983,00
358,00
1497,00
1734,00
2534,00
4119,00
5492,00
5492,00
16481,00
10987,00
499,00
1569,00
1648,00
3662,00
16483,00
6593,00
6593,00
8241,00
8241,00
302,00
484,00
2355,00
1433,00
749,00
10992,00
16491,00
16491,00
10996,00
392,00
1832,00
2537,00
3665,00
6598,00
10997,00
8247,00
16495,00
4713,00
559,00
1833,00
2062,00
2999,00
8250,00
6600,00
16501,00
33004,00
16502,00
785,00
1650,00
1833,00
4715,00
33011,00
4126,00
6602,00
16509,00
5503,00
402,00
1031,00
1375,00
2540,00
4717,00
3668,00
5503,00
33021,00
33021,00
674,00
1572,00
1942,00
3670,00
4718,00
2540,00
8258,00
3670,00
16516,00
524,00
1501,00
1572,00
2540,00
4129,00
8258,00
5505,00
11012,00
8260,00
458,00
1739,00
2203,00
2203,00
11017,00
8263,00
33055,00
33055,00
11019,00
648,00
2203,00
2361,00
3673,00
6611,00
4132,00
4722,00
8264,00
16529,00
674,00
1574,00
2755,00
3306,00
8265,00
5510,00
11021,00
8265,00
16531,00
870,00
1653,00
3306,00
4133,00
6613,00
3006,00
6614,00
33070,00
11023,00
1033,00
2756,00
3006,00
5512,00
16538,00
8269,00
6616,00
8271,00
11028,00
1067,00
2363,00
2757,00
5514,00
16544,00
6617,00
16544,00
6617,00
6618,00
787,00
2545,00
3309,00
4136,00
16546,00
11031,00
16546,00
11032,00
11033,00
27,00
156,00
83,00
807,00
1273,00
1103,00
919,00
1947,00
919,00
39,00
182,00
151,00
807,00
1226,00
1839,00
1324,00
3679,00
3010,00
22,00
175,00
106,00
561,00
1380,00
2209,00
849,00
2761,00
1841,00
50,00
193,00
174,00
872,00
1951,00
1382,00
1746,00
4741,00
2212,00
50,00
222,00
235,00
897,00
3018,00
3018,00
2372,00
4745,00
2768,00
34,00
186,00
208,00
519,00
1582,00
1845,00
1038,00
3021,00
2374,00
41,00
181,00
112,00
692,00
2217,00
1330,00
853,00
3024,00
1663,00
58,00
213,00
221,00
723,00
1848,00
3024,00
1279,00
2772,00
3697,00
25,00
106,00
116,00
289,00
792,00
951,00
545,00
2560,00
811,00
391,00
1189,00
1189,00
1664,00
2378,00
4162,00
5550,00
16653,00
6662,00
497,00
1009,00
1851,00
3703,00
3703,00
6666,00
16669,00
8335,00
33343,00
358,00
1515,00
1667,00
1961,00
4169,00
4169,00
4765,00
33358,00
5560,00
529,00
1853,00
1854,00
4767,00
6674,00
16686,00
8343,00
16687,00
11125,00
641,00
2225,00
3709,00
5564,00
4173,00
6678,00
16699,00
16700,00
11133,00
412,00
2226,00
2226,00
4175,00
5567,00
4772,00
33415,00
16707,00
6684,00
586,00
2388,00
2229,00
3715,00
5573,00
4777,00
11150,00
33451,00
8363,00
743,00
1858,00
2090,00
4779,00
11151,00
11152,00
4779,00
6691,00
6691,00
348,00
984,00
1394,00
2091,00
4183,00
4780,00
5577,00
16735,00
11157,00
380,00
1969,00
1455,00
4782,00
8370,00
11160,00
3043,00
16740,00
3721,00
429,00
2790,00
2790,00
3721,00
5582,00
16747,00
4186,00
33495,00
6699,00
221,00
2233,00
1240,00
3045,00
16748,00
6699,00
5584,00
712,00
11168,00
500,00
4786,00
6701,00
3046,00
16755,00
11171,00
5585,00
11173,00
16759,00
817,00
5587,00
2578,00
4190,00
11175,00
8382,00
6705,00
728,00
8384,00
713,00
1597,00
2795,00
4193,00
8387,00
6709,00
11182,00
11183,00
3355,00
550,00
5591,00
1864,00
2237,00
16779,00
6712,00
3357,00
33570,00
3357,00
1291,00
3357,00
4197,00
4197,00
11193,00
6715,00
8396,00
8396,00
3053,00
258,00
2099,00
550,00
2239,00
16793,00
3731,00
1243,00
150,00
228,00
