





































































































































































































































































































































































































































































































































































































































































































































































































































































































































































































































































































































2564,00
1587,00
2564,00
4761,00
4761,00
11111,00
8333,00
3333,00
4166,00
1886,00
3125,00
9090,00
5000,00
1315,00
2857,00
4545,00
1098,00
1818,00
3333,00
1000,00
2500,00
2857,00
2439,00
4347,00
7692,00
2222,00
3703,00
6666,00
1515,00
3703,00
6250,00
3333,00
9090,00
10000,00
3448,00
4761,00
8333,00
2222,00
8333,00
7692,00
826,00
2173,00
2439,00
588,00
1282,00
2173,00
671,00
1818,00
2173,00
1562,00
4761,00
6250,00
1408,00
4347,00
4166,00
1219,00
4000,00
5263,00
2272,00
6666,00
7142,00
2272,00
5555,00
7692,00
1612,00
5263,00
5000,00
1282,00
2439,00
4000,00
564,00
1086,00
1538,00
1098,00
2325,00
3125,00
3030,00
5555,00
9090,00
2272,00
2564,00
4545,00
2222,00
4545,00
7692,00
4166,00
11111,00
7692,00
2127,00
3225,00
581,00
3448,00
9090,00
5555,00
1315,00
3333,00
4166,00
1351,00
2127,00
3333,00
1123,00
2127,00
2564,00
2564,00
5000,00
5882,00
2380,00
2857,00
4761,00
1923,00
3846,00
5555,00
4347,00
10000,00
7692,00
3703,00
4545,00
6250,00
2325,00
5882,00
5263,00
69,00
268,00
395,00
47,00
152,00
295,00
65,00
244,00
353,00
434,00
1250,00
1515,00
400,00
1162,00
1754,00
358,00
1030,00
1315,00
800,00
1886,00
2564,00
746,00
2222,00
2564,00
598,00
1639,00
2000,00
154,00
487,00
787,00
80,00
225,00
526,00
117,00
427,00
781,00
806,00
1960,00
2439,00
400,00
724,00
1923,00
531,00
1587,00
2173,00
1265,00
2439,00
4545,00
934,00
2564,00
3703,00
1020,00
2564,00
3333,00
243,00
781,00
1041,00
183,00
571,00
862,00
191,00
666,00
909,00
699,00
1785,00
2439,00
675,00
1694,00
2500,00
450,00
1333,00
2173,00
1136,00
2500,00
3703,00
1098,00
3333,00
5000,00
813,00
2272,00
2941,00
364,00
1020,00
1408,00
234,00
561,00
781,00
284,00
854,00
877,00
847,00
2272,00
2941,00
781,00
2222,00
3125,00
617,00
1612,00
2222,00
1234,00
4347,00
5000,00
1298,00
3846,00
4761,00
1020,00
2777,00
3846,00
671,00
1754,00
2173,00
315,00
609,00
1333,00
510,00
1333,00
2173,00
1639,00
4000,00
6666,00
1020,00
1176,00
4000,00
1111,00
2564,00
5882,00
2222,00
7142,00
11111,00
2272,00
2941,00
5555,00
1818,00
5263,00
7142,00
800,00
2000,00
2083,00
584,00
1694,00
1818,00
588,00
1639,00
2127,00
1234,00
3125,00
4166,00
1315,00
3225,00
3846,00
952,00
1315,00
3703,00
1923,00
5263,00
7692,00
1923,00
5555,00
5882,00
1449,00
5555,00
5263,00
442,00
1333,00
1515,00
350,00
961,00
1162,00
398,00
1111,00
1123,00
869,00
2631,00
3448,00
925,00
3030,00
3703,00
689,00
2000,00
2325,00
1333,00
5263,00
6250,00
1492,00
4545,00
5555,00
1030,00
2857,00
4347,00
917,00
1666,00
2000,00
476,00
1010,00
1639,00
649,00
1754,00
2439,00
1492,00
4545,00
4000,00
1265,00
2083,00
3846,00
1250,00
4000,00
4000,00
2631,00
7692,00
10000,00
2439,00
3846,00
5000,00
2040,00
4761,00
5555,00
833,00
2127,00
2325,00
671,00
2380,00
1818,00
578,00
1562,00
1666,00
1492,00
3846,00
5555,00
1408,00
2941,00
4166,00
1098,00
3333,00
4166,00
2083,00
7692,00
7692,00
2272,00
6666,00
6666,00
1612,00
3846,00
3448,00
40,00
223,00
212,00
38,00
124,00
234,00
41,00
218,00
189,00
348,00
970,00
1298,00
303,00
961,00
1492,00
275,00
724,00
934,00
602,00
1639,00
1694,00
657,00
1538,00
2040,00
471,00
1219,00
1470,00
127,00
500,00
649,00
80,00
276,00
467,00
111,00
418,00
625,00
591,00
1666,00
1886,00
395,00
1020,00
2173,00
427,00
1190,00
1492,00
925,00
2222,00
3030,00
806,00
2564,00
3125,00
735,00
1818,00
2325,00
137,00
671,00
558,00
141,00
500,00
641,00
127,00
625,00
507,00
523,00
1388,00
1785,00
520,00
1515,00
2000,00
398,00
1162,00
1388,00
757,00
2439,00
2631,00
840,00
2040,00
2941,00
571,00
1639,00
1960,00
284,00
925,00
943,00
212,00
694,00
787,00
210,00
787,00
800,00
581,00
1612,00
2380,00
598,00
1612,00
2272,00
454,00
1333,00
1666,00
1020,00
2777,00
3448,00
1030,00
2777,00
4000,00
729,00
2127,00
2564,00
571,00
1562,00
2127,00
413,00
1086,00
1612,00
448,00
1351,00
1724,00
1098,00
3225,00
4761,00
1098,00
2777,00
4000,00
819,00
2702,00
3030,00
1694,00
4545,00
6666,00
1694,00
4761,00
6250,00
1282,00
4166,00
5882,00
549,00
1587,00
1960,00
500,00
1428,00
1388,00
414,00
1204,00
1515,00
961,00
2564,00
3333,00
980,00
3030,00
4347,00
746,00
2222,00
2857,00
1388,00
5263,00
5555,00
1408,00
4545,00
5000,00
1162,00
5000,00
4166,00
303,00
1149,00
735,00
264,00
877,00
1020,00
236,00
862,00
595,00
694,00
1724,00
2272,00
671,00
1754,00
2564,00
520,00
1428,00
1818,00
1041,00
2702,00
699,00
1149,00
3225,00
4347,00
793,00
2222,00
2500,00
689,00
1724,00
1694,00
505,00
1265,00
1538,00
555,00
1538,00
2000,00
1282,00
5000,00
3846,00
1250,00
2941,00
5882,00
900,00
2941,00
4000,00
1960,00
4761,00
4347,00
1923,00
5000,00
4000,00
1428,00
3703,00
6250,00
632,00
1851,00
1219,00
636,00
1818,00
1851,00
442,00
1219,00
1162,00
1176,00
2777,00
3448,00
1075,00
3225,00
4347,00
900,00
2380,00
2941,00
1666,00
5555,00
2325,00
1724,00
5263,00
6666,00
1190,00
4000,00
2083,00
59,00
211,00
296,00
38,00
124,00
212,00
52,00
194,00
280,00
320,00
813,00
1098,00
284,00
909,00
1111,00
238,00
653,00
847,00
537,00
1315,00
1851,00
552,00
1428,00
2040,00
411,00
1111,00
1369,00
113,00
369,00
632,00
59,00
169,00
350,00
99,00
330,00
523,00
552,00
1694,00
1886,00
340,00
740,00
1666,00
383,00
1234,00
1470,00
854,00
2380,00
3030,00
440,00
2941,00
2127,00
632,00
1785,00
2439,00
181,00
602,00
735,00
139,00
448,00
552,00
149,00
510,00
617,00
471,00
1282,00
1428,00
483,00
1369,00
1785,00
352,00
990,00
1265,00
709,00
1818,00
2564,00
751,00
2040,00
2564,00
534,00
1408,00
1785,00
255,00
800,00
1204,00
186,00
423,00
775,00
200,00
671,00
813,00
546,00
1639,00
1923,00
561,00
1562,00
1818,00
431,00
1162,00
1612,00
934,00
2272,00
2941,00
793,00
2500,00
2941,00
671,00
2083,00
2380,00
502,00
1250,00
1724,00
268,00
427,00
1176,00
373,00
917,00
1315,00
1010,00
2325,00
4166,00
719,00
826,00
2272,00
800,00
2040,00
2439,00
1369,00
5000,00
6666,00
1666,00
4347,00
5263,00
1063,00
3703,00
4347,00
497,00
1449,00
1754,00
526,00
1315,00
1408,00
350,00
1086,00
1219,00
943,00
2500,00
3333,00
980,00
2777,00
4000,00
714,00
2127,00
2631,00
1351,00
4166,00
6250,00
1351,00
3846,00
5263,00
1111,00
3225,00
4761,00
377,00
1075,00
1388,00
309,00
751,00
1041,00
275,00
746,00
943,00
617,00
1785,00
2222,00
609,00
1818,00
2222,00
490,00
1315,00
1754,00
1000,00
2564,00
4166,00
980,00
2777,00
4000,00
699,00
1923,00
2500,00
628,00
1587,00
1818,00
375,00
813,00
877,00
485,00
1204,00
1694,00
1123,00
3448,00
5000,00
1265,00
2564,00
3225,00
934,00
2777,00
3333,00
1694,00
6666,00
5882,00
1562,00
5263,00
1265,00
1369,00
4166,00
5263,00
574,00
1449,00
1754,00
606,00
1369,00
1587,00
438,00
1075,00
1234,00
980,00
3030,00
4545,00
952,00
2325,00
3225,00
775,00
2083,00
2380,00
1492,00
5882,00
5882,00
1754,00
5000,00
5263,00
1250,00
4545,00
3125,00
20,00
104,00
95,00
16,00
63,00
101,00
16,00
96,00
75,00
201,00
518,00
671,00
178,00
476,00
740,00
150,00
411,00
564,00
352,00
925,00
1086,00
314,00
826,00
1204,00
242,00
763,00
854,00
64,00
231,00
304,00
38,00
111,00
222,00
54,00
202,00
253,00
321,00
934,00
1204,00
219,00
500,00
1162,00
233,00
724,00
900,00
531,00
1515,00
1818,00
558,00
1388,00
2040,00
432,00
1176,00
1492,00
70,00
315,00
240,00
72,00
253,00
296,00
58,00
272,00
172,00
292,00
806,00
1020,00
290,00
769,00
1052,00
222,00
641,00
847,00
432,00
1333,00
1265,00
460,00
1388,00
1785,00
291,00
1020,00
751,00
134,00
425,00
483,00
98,00
246,00
330,00
108,00
363,00
395,00
344,00
1010,00
1190,00
347,00
980,00
1234,00
261,00
735,00
980,00
595,00
1639,00
2083,00
584,00
1639,00
2272,00
450,00
1250,00
1666,00
294,00
819,00
1010,00
181,00
375,00
714,00
246,00
662,00
719,00
621,00
1923,00
2500,00
625,00
934,00
2222,00
492,00
1369,00
1538,00
1000,00
2777,00
5263,00
1020,00
2941,00
4166,00
819,00
2222,00
2777,00
311,00
961,00
934,00
310,00
840,00
917,00
249,00
724,00
787,00
555,00
1666,00
2040,00
602,00
1754,00
2272,00
440,00
1162,00
1492,00
925,00
2702,00
3448,00
952,00
2777,00
2702,00
719,00
2083,00
1851,00
128,00
526,00
304,00
140,00
403,00
403,00
116,00
440,00
226,00
411,00
1111,00
1492,00
408,00
1123,00
1515,00
333,00
869,00
1086,00
628,00
1694,00
2173,00
621,00
1754,00
2222,00
476,00
1282,00
1449,00
357,00
990,00
990,00
227,00
595,00
724,00
295,00
847,00
775,00
689,00
1851,00
2564,00
645,00
1075,00
1724,00
534,00
1351,00
1754,00
1075,00
2631,00
4761,00
1086,00
2941,00
3333,00
813,00
2127,00
2631,00
273,00
826,00
487,00
309,00
847,00
719,00
202,00
709,00
296,00
657,00
1639,00
2083,00
564,00
1470,00
2272,00
485,00
1408,00
1587,00
961,00
2702,00
1851,00
925,00
2564,00
3125,00
555,00
1724,00
216,00
