





































































































































































































































































































































































































































































































































































































































































































































































































































































































































































































































































































































2678,00
17413,00
8706,00
34827,00
829,00
1055,00
2048,00
5805,00
2488,00
11611,00
11611,00
5806,00
11613,00
536,00
1088,00
1244,00
8711,00
8712,00
17423,00
6969,00
8712,00
17427,00
850,00
1202,00
2490,00
3873,00
2905,00
4358,00
11621,00
17432,00
17433,00
645,00
1394,00
1516,00
5812,00
3487,00
8718,00
6974,00
11625,00
8720,00
917,00
2683,00
2180,00
8720,00
4360,00
8721,00
11629,00
34895,00
11632,00
1395,00
2326,00
3490,00
8727,00
8729,00
11644,00
6987,00
6987,00
6990,00
1248,00
1839,00
1941,00
4369,00
8739,00
11653,00
6992,00
8740,00
5826,00
672,00
1398,00
1344,00
4995,00
6993,00
4995,00
8742,00
8745,00
34985,00
1749,00
1590,00
2187,00
11666,00
11667,00
11669,00
35008,00
8753,00
11670,00
946,00
2059,00
2500,00
7002,00
7003,00
8753,00
35016,00
11672,00
11672,00
530,00
1000,00
1250,00
4377,00
11672,00
17508,00
8755,00
11674,00
8756,00
854,00
1592,00
1946,00
5839,00
5005,00
8759,00
8759,00
5839,00
11679,00
761,00
1523,00
1460,00
5007,00
11683,00
8762,00
17527,00
35060,00
8767,00
649,00
1402,00
1594,00
3897,00
4385,00
3898,00
5847,00
5847,00
7020,00
1404,00
2064,00
3192,00
7023,00
5852,00
3511,00
5853,00
11707,00
8780,00
1211,00
1463,00
1951,00
3512,00
11708,00
8783,00
5019,00
35137,00
3514,00
390,00
798,00
732,00
2510,00
5857,00
3515,00
3905,00
7031,00
5022,00
837,00
2068,00
1598,00
3196,00
7033,00
5023,00
4396,00
11723,00
7034,00
617,00
1134,00
1465,00
3198,00
8794,00
8796,00
5026,00
8797,00
5864,00
370,00
733,00
765,00
2708,00
4402,00
4402,00
3913,00
17611,00
5032,00
677,00
1677,00
1601,00
5032,00
5871,00
5870,00
4403,00
11742,00
5871,00
568,00
1304,00
927,00
2709,00
5872,00
4404,00
2710,00
7047,00
3523,00
839,00
1957,00
1532,00
7048,00
11748,00
17624,00
11750,00
8812,00
5876,00
1678,00
4407,00
2518,00
17629,00
35258,00
11755,00
8816,00
5877,00
8817,00
1856,00
2351,00
2351,00
5880,00
17642,00
17643,00
11762,00
17643,00
8824,00
490,00
1008,00
928,00
3530,00
8825,00
5884,00
4412,00
11767,00
7061,00
929,00
1858,00
1858,00
11771,00
11776,00
17665,00
8832,00
8833,00
5888,00
841,00
1682,00
1766,00
7067,00
11779,00
11780,00
8836,00
5891,00
11800,00
478,00
1072,00
909,00
5910,00
7093,00
5911,00
5911,00
11822,00
7094,00
886,00
1542,00
1970,00
11827,00
7096,00
5913,00
8872,00
2087,00
8872,00
695,00
1543,00
1223,00
8873,00
17748,00
17753,00
7101,00
11837,00
5073,00
696,00
1614,00
1776,00
3946,00
11842,00
5921,00
5921,00
11843,00
11843,00
1776,00
3948,00
5922,00
17770,00
646,00
17771,00
5924,00
11849,00
17774,00
1269,00
1615,00
2091,00
4445,00
11853,00
8890,00
7112,00
11853,00
8890,00
555,00
1076,00
987,00
3948,00
8883,00
5076,00
8883,00
17768,00
17768,00
1225,00
2961,00
2539,00
11854,00
17781,00
8892,00
17785,00
17788,00
8895,00
790,00
1779,00
1547,00
7119,00
11869,00
5934,00
11870,00
7122,00
11870,00
531,00
1047,00
962,00
3562,00
7125,00
4454,00
5939,00
8908,00
8910,00
938,00
2546,00
3241,00
8914,00
5943,00
17833,00
11889,00
8917,00
8917,00
604,00
1784,00
1274,00
5947,00
5947,00
5098,00
5948,00
5948,00
4461,00
575,00
1427,00
1151,00
8923,00
8923,00
8924,00
4462,00
4462,00
3245,00
1983,00
2746,00
2746,00
7140,00
11901,00
35705,00
5950,00
7141,00
3967,00
469,00
1050,00
661,00
1880,00
17865,00
8933,00
2552,00
3248,00
2552,00
558,00
1051,00
1276,00
7147,00
8934,00
11912,00
5956,00
7147,00
17870,00
1429,00
2102,00
2102,00
5957,00
5107,00
17875,00
35750,00
8937,00
11922,00
550,00
1430,00
1233,00
5109,00
7153,00
7153,00
2751,00
8945,00
3975,00
365,00
967,00
577,00
3977,00
4474,00
3580,00
3978,00
5967,00
3254,00
675,00
1790,00
1377,00
2557,00
8952,00
8953,00
3581,00
17906,00
17911,00
180,00
731,00
437,00
1991,00
3982,00
5120,00
1792,00
3259,00
1887,00
1280,00
2241,00
1793,00
8968,00
35877,00
5125,00
4485,00
8971,00
17944,00
2111,00
3589,00
1994,00
35903,00
35910,00
7182,00
3592,00
5986,00
5131,00
1197,00
1330,00
1996,00
2995,00
17977,00
11985,00
5993,00
8990,00
11987,00
817,00
1893,00
1798,00
5139,00
7195,00
8994,00
2998,00
8995,00
11996,00
1714,00
4499,00
3053,00
11196,00
16794,00
8397,00
8397,00
8397,00
11197,00
907,00
1599,00
2099,00
6719,00
11198,00
8399,00
4199,00
11199,00
16801,00
634,00
1200,00
1084,00
3733,00
6720,00
3054,00
4201,00
8409,00
6728,00
1401,00
2588,00
2243,00
11218,00
8413,00
8414,00
4207,00
6731,00
16830,00
405,00
765,00
635,00
3740,00
5610,00
8415,00
3740,00
3740,00
8418,00
962,00
1870,00
1161,00
6736,00
16842,00
11228,00
3742,00
16842,00
3368,00
2105,00
2591,00
2105,00
6738,00
33707,00
11236,00
3065,00
16858,00
5620,00
526,00
1348,00
488,00
3748,00
6747,00
8433,00
3373,00
5622,00
4217,00
784,00
1874,00
1534,00
3374,00
6749,00
4821,00
5625,00
6750,00
5625,00
1985,00
3068,00
3375,00
11251,00
6751,00
16882,00
16882,00
553,00
16882,00
675,00
1298,00
1534,00
4221,00
16889,00
5629,00
3378,00
5630,00
8445,00
592,00
1407,00
844,00
5630,00
6757,00
4223,00
2599,00
8447,00
3379,00
1056,00
1351,00
1469,00
6758,00
33795,00
8448,00
2599,00
33798,00
11266,00
286,00
824,00
512,00
1988,00
4224,00
4829,00
2414,00
3756,00
1536,00
1252,00
2818,00
3074,00
8454,00
33829,00
5638,00
11276,00
16915,00
476,00
2819,00
11279,00
6767,00
8459,00
8459,00
11279,00
4835,00
4835,00
8462,00
1991,00
5642,00
3077,00
6771,00
6771,00
33859,00
11286,00
520,00
6774,00
846,00
2258,00
2117,00
4839,00
11291,00
8468,00
5646,00
16939,00
16939,00
1992,00
2419,00
3764,00
11295,00
11295,00
11295,00
11295,00
11295,00
753,00
1027,00
2259,00
2824,00
1993,00
8473,00
8473,00
11299,00
33893,00
8473,00
706,00
1784,00
1255,00
4842,00
4842,00
11299,00
8474,00
16949,00
11299,00
1784,00
2824,00
2607,00
8475,00
5650,00
11301,00
33904,00
16952,00
11301,00
847,00
2260,00
2120,00
5653,00
11307,00
16965,00
8485,00
16970,00
5657,00
1616,00
4849,00
3771,00
33944,00
11314,00
8486,00
33945,00
33945,00
16972,00
3771,00
2828,00
3394,00
8487,00
33949,00
16976,00
6791,00
399,00
1095,00
2264,00
5660,00
6792,00
11320,00
16980,00
16980,00
606,00
33961,00
11320,00
1029,00
2264,00
3087,00
8492,00
11323,00
16986,00
8493,00
33976,00
33976,00
3088,00
5662,00
4853,00
11325,00
6795,00
16988,00
16988,00
33978,00
16989,00
1887,00
2832,00
4856,00
8500,00
17000,00
34005,00
34005,00
34020,00
895,00
1001,00
2618,00
2269,00
8509,00
8509,00
8510,00
8510,00
17020,00
34041,00
2128,00
3405,00
6811,00
11352,00
6811,00
4865,00
11353,00
17030,00
8515,00
1481,00
3097,00
3097,00
5678,00
17036,00
17036,00
17037,00
587,00
34074,00
1262,00
2621,00
3098,00
5681,00
17043,00
11364,00
4870,00
34096,00
34097,00
3099,00
3410,00
6820,00
11368,00
17054,00
17058,00
5686,00
3412,00
17060,00
1796,00
2437,00
4265,00
5687,00
8531,00
34129,00
34129,00
34129,00
17067,00
1101,00
3793,00
2008,00
4267,00
34139,00
8534,00
6828,00
17075,00
34152,00
2439,00
3795,00
5692,00
17080,00
17080,00
8541,00
17086,00
17089,00
712,00
1553,00
3797,00
3418,00
6836,00
34189,00
2849,00
8549,00
683,00
11399,00
834,00
2137,00
2012,00
11403,00
17106,00
11404,00
8553,00
11404,00
34212,00
1900,00
3421,00
4888,00
34219,00
11407,00
34221,00
8555,00
34222,00
34222,00
1069,00
2444,00
1629,00
4889,00
11407,00
17111,00
11407,00
8557,00
8557,00
1037,00
2282,00
1902,00
5706,00
8559,00
34239,00
17121,00
17121,00
4281,00
2854,00
3425,00
8565,00
8565,00
5710,00
6852,00
11424,00
17136,00
11424,00
1224,00
1632,00
1490,00
4284,00
17138,00
11425,00
3116,00
34278,00
4897,00
612,00
1558,00
1142,00
3428,00
6858,00
6858,00
4899,00
17147,00
8580,00
1806,00
2451,00
2862,00
17173,00
5725,00
11452,00
6871,00
34361,00
11454,00
818,00
2454,00
1808,00
5729,00
8594,00
8594,00
4912,00
34386,00
11464,00
583,00
1075,00
882,00
4303,00
6886,00
11477,00
6887,00
11479,00
3444,00
1111,00
2460,00
2649,00
6890,00
8613,00
6891,00
8614,00
626,00
34460,00
514,00
1325,00
861,00
4308,00
8617,00
11490,00
4309,00
11492,00
2463,00
1499,00
3831,00
3135,00
8621,00
11495,00
6897,00
34491,00
34491,00
17250,00
3450,00
8625,00
4312,00
17252,00
750,00
34514,00
34514,00
3835,00
17259,00
2301,00
3452,00
2655,00
11508,00
34529,00
17264,00
479,00
34536,00
677,00
677,00
1918,00
1644,00
4317,00
6908,00
11515,00
6909,00
17273,00
5757,00
2159,00
3454,00
3838,00
11516,00
8637,00
11517,00
8637,00
1727,00
1502,00
1502,00
3839,00
2159,00
8638,00
17278,00
17278,00
11519,00
11519,00
17281,00
677,00
1819,00
1382,00
5762,00
17286,00
6914,00
4939,00
11525,00
17287,00
1819,00
3458,00
4323,00
8648,00
17299,00
6919,00
11533,00
17301,00
17301,00
1116,00
2163,00
1573,00
8652,00
34611,00
8653,00
11541,00
11542,00
34628,00
936,00
2164,00
1194,00
3148,00
8660,00
8660,00
3149,00
17322,00
3849,00
3149,00
5775,00
5775,00
17326,00
11551,00
11552,00
8665,00
533,00
5777,00
1507,00
3466,00
1333,00
8669,00
34680,00
34680,00
3153,00
34683,00
8670,00
754,00
2477,00
1651,00
5781,00
8672,00
5781,00
5781,00
11563,00
5781,00
1826,00
3855,00
4337,00
17349,00
8674,00
17350,00
34700,00
11566,00
2168,00
1084,00
2478,00
1927,00
8675,00
17350,00
17351,00
8676,00
34708,00
4338,00
598,00
2042,00
1021,00
6944,00
8681,00
4961,00
8683,00
11578,00
4341,00
1929,00
2316,00
3158,00
17374,00
11586,00
34758,00
6954,00
34775,00
11591,00
526,00
1159,00
621,00
4349,00
6959,00
4972,00
4352,00
11606,00
292,00
