





































































































































































































































































































































































































































































































































































































































































































































































































































































































































































































































































































































3846,00
9090,00
943,00
7692,00
2702,00
3846,00
3846,00
7142,00
7142,00
10000,00
11111,00
33333,00
10000,00
1538,00
1851,00
2631,00
5263,00
3703,00
6666,00
6250,00
8333,00
9090,00
2702,00
1960,00
3448,00
4000,00
2941,00
8333,00
10000,00
8333,00
12500,00
2439,00
3225,00
3333,00
6250,00
5882,00
7142,00
12500,00
20000,00
7692,00
2564,00
3571,00
5263,00
4347,00
8333,00
9090,00
7142,00
12500,00
16666,00
3846,00
3846,00
7692,00
7142,00
9090,00
12500,00
14285,00
14285,00
33333,00
3333,00
3846,00
5882,00
7692,00
6250,00
10000,00
8333,00
25000,00
12500,00
2702,00
4347,00
4347,00
10000,00
6666,00
11111,00
12500,00
12500,00
14285,00
3571,00
2325,00
7142,00
8333,00
6666,00
11111,00
7142,00
740,00
10000,00
3571,00
4761,00
6250,00
8333,00
6250,00
12500,00
20000,00
12500,00
20000,00
1886,00
2702,00
3030,00
6666,00
9090,00
6250,00
9090,00
16666,00
16666,00
3225,00
3571,00
4347,00
7692,00
7692,00
5555,00
14285,00
11111,00
14285,00
2500,00
5263,00
3846,00
5555,00
5263,00
9090,00
12500,00
20000,00
11111,00
194,00
485,00
552,00
917,00
2222,00
1818,00
1492,00
2380,00
3030,00
358,00
694,00
943,00
1204,00
2702,00
2564,00
1785,00
3448,00
4545,00
367,00
806,00
877,00
1315,00
2439,00
3125,00
2325,00
3846,00
3846,00
278,00
448,00
751,00
1234,00
2325,00
2272,00
2000,00
3703,00
3333,00
335,00
440,00
990,00
1388,00
1562,00
3448,00
2083,00
3703,00
6666,00
440,00
813,00
943,00
1428,00
3225,00
4347,00
2631,00
7142,00
4347,00
256,00
478,00
495,00
1020,00
1724,00
1666,00
1538,00
2777,00
2564,00
395,00
709,00
746,00
1639,00
2857,00
2777,00
2325,00
4347,00
4000,00
364,00
729,00
609,00
1639,00
2702,00
2222,00
2272,00
3846,00
2325,00
662,00
1639,00
1724,00
2083,00
4166,00
4761,00
4347,00
7692,00
9090,00
1098,00
1515,00
2000,00
3225,00
3225,00
3333,00
9090,00
3846,00
7692,00
1149,00
1639,00
2222,00
4000,00
5555,00
5263,00
5263,00
11111,00
10000,00
869,00
1265,00
1724,00
3030,00
2857,00
4347,00
4761,00
6666,00
7692,00
1052,00
740,00
2272,00
2222,00
806,00
3571,00
8333,00
3448,00
14285,00
1162,00
2000,00
2127,00
4761,00
4761,00
5555,00
5555,00
6666,00
6250,00
671,00
1149,00
1020,00
2564,00
3225,00
3030,00
3225,00
5263,00
6666,00
1234,00
1190,00
1886,00
3125,00
2702,00
3333,00
7142,00
2325,00
7142,00
1075,00
1298,00
1408,00
3571,00
2857,00
2439,00
5882,00
5000,00
5000,00
1162,00
2040,00
1923,00
3030,00
7692,00
6666,00
4761,00
9090,00
8333,00
2272,00
2777,00
3125,00
4761,00
11111,00
7142,00
6666,00
12500,00
9090,00
1492,00
3846,00
4166,00
6666,00
14285,00
12500,00
7142,00
8333,00
14285,00
1562,00
2272,00
2500,00
4000,00
5882,00
5555,00
5263,00
11111,00
9090,00
2173,00
2564,00
4347,00
7692,00
10000,00
7692,00
9090,00
6250,00
10000,00
2222,00
3030,00
3030,00
4347,00
7692,00
5555,00
5555,00
9090,00
11111,00
1176,00
1492,00
1298,00
3448,00
4347,00
3448,00
4166,00
7142,00
4545,00
1818,00
2222,00
2083,00
6250,00
9090,00
4000,00
9090,00
8333,00
5000,00
1351,00
2500,00
1851,00
4761,00
5555,00
4545,00
4347,00
5263,00
2857,00
434,00
1250,00
763,00
2439,00
4545,00
3225,00
2222,00
3846,00
2325,00
1176,00
2127,00
2040,00
4347,00
7142,00
6250,00
4166,00
7692,00
11111,00
869,00
1639,00
1333,00
2941,00
5000,00
5263,00
3125,00
8333,00
4761,00
781,00
1219,00
1219,00
2272,00
4545,00
4347,00
3225,00
4166,00
5000,00
1136,00
1754,00
2173,00
3571,00
5882,00
7142,00
4347,00
6666,00
7142,00
1052,00
1818,00
2040,00
3125,00
7142,00
6666,00
5000,00
10000,00
8333,00
510,00
970,00
800,00
2173,00
3448,00
3225,00
2083,00
3571,00
2857,00
961,00
1666,00
1694,00
2631,00
5882,00
5263,00
4000,00
5882,00
5263,00
719,00
1818,00
1176,00
3030,00
4545,00
5000,00
2439,00
5555,00
2631,00
1754,00
3333,00
2857,00
5000,00
10000,00
6250,00
4761,00
10000,00
6666,00
2941,00
4000,00
4347,00
7142,00
12500,00
8333,00
16666,00
14285,00
6250,00
2702,00
4166,00
4000,00
5263,00
7142,00
7692,00
12500,00
16666,00
16666,00
2127,00
3333,00
4166,00
9090,00
7692,00
10000,00
10000,00
12500,00
7142,00
3703,00
3448,00
5882,00
14285,00
7142,00
11111,00
14285,00
10000,00
7142,00
2941,00
5555,00
4347,00
9090,00
10000,00
6666,00
12500,00
14285,00
11111,00
1587,00
2000,00
1960,00
4000,00
5555,00
3448,00
5555,00
9090,00
5882,00
2272,00
3703,00
3448,00
7692,00
12500,00
11111,00
11111,00
9090,00
14285,00
2325,00
5263,00
3030,00
5882,00
7142,00
7692,00
11111,00
11111,00
6250,00
1010,00
3225,00
1639,00
5882,00
7692,00
5263,00
3703,00
11111,00
2564,00
2857,00
3846,00
4545,00
14285,00
9090,00
6250,00
9090,00
12500,00
7692,00
2127,00
3333,00
909,00
11111,00
12500,00
11111,00
6666,00
14285,00
3846,00
2941,00
2702,00
3571,00
5882,00
7142,00
7142,00
7692,00
9090,00
6250,00
3703,00
3846,00
5263,00
10000,00
8333,00
11111,00
6250,00
6250,00
6250,00
3448,00
5000,00
3846,00
6666,00
12500,00
7142,00
7692,00
12500,00
6666,00
1204,00
2325,00
1219,00
5882,00
9090,00
4545,00
2380,00
7692,00
2777,00
3703,00
4761,00
3571,00
10000,00
10000,00
9090,00
7142,00
7142,00
6250,00
1538,00
4761,00
1470,00
5000,00
6666,00
4545,00
3333,00
11111,00
869,00
649,00
1612,00
1470,00
2380,00
4166,00
2777,00
3571,00
4347,00
5263,00
1315,00
2272,00
2083,00
3448,00
5882,00
6666,00
4545,00
8333,00
9090,00
961,00
1562,00
1562,00
2272,00
4347,00
5555,00
5263,00
7142,00
9090,00
1020,00
1538,00
1538,00
2777,00
4761,00
4761,00
5000,00
6666,00
7692,00
1250,00
2040,00
2500,00
4347,00
10000,00
8333,00
5882,00
7692,00
9090,00
1149,00
1724,00
1587,00
1587,00
7142,00
4761,00
5882,00
7692,00
8333,00
666,00
1123,00
1041,00
2702,00
3333,00
3333,00
2777,00
4545,00
4761,00
1098,00
1639,00
1562,00
3225,00
9090,00
5000,00
5555,00
8333,00
7142,00
1030,00
1515,00
1351,00
3703,00
5000,00
5882,00
4545,00
5882,00
5263,00
2222,00
4166,00
2941,00
5882,00
6250,00
7142,00
7142,00
8333,00
9090,00
3571,00
5555,00
4761,00
6666,00
11111,00
7142,00
16666,00
12500,00
16666,00
2564,00
4000,00
3846,00
7142,00
11111,00
9090,00
12500,00
20000,00
20000,00
2222,00
2702,00
3846,00
11111,00
6666,00
12500,00
9090,00
12500,00
25000,00
3333,00
3225,00
5263,00
7142,00
4347,00
6666,00
10000,00
8333,00
14285,00
4166,00
4545,00
4545,00
12500,00
12500,00
9090,00
16666,00
16666,00
16666,00
1666,00
2777,00
2380,00
4166,00
6666,00
6666,00
5555,00
11111,00
16666,00
2222,00
3703,00
4000,00
6666,00
6666,00
4545,00
7142,00
8333,00
16666,00
2702,00
5000,00
3703,00
7142,00
6666,00
6250,00
11111,00
12500,00
12500,00
1785,00
3703,00
3030,00
5000,00
9090,00
5263,00
7692,00
8333,00
5555,00
3333,00
5882,00
6666,00
9090,00
12500,00
14285,00
9090,00
25000,00
16666,00
3846,00
4347,00
5000,00
8333,00
9090,00
3448,00
14285,00
14285,00
10000,00
2631,00
4761,00
3571,00
5882,00
10000,00
6666,00
12500,00
12500,00
12500,00
4000,00
6666,00
5882,00
8333,00
9090,00
10000,00
10000,00
9090,00
33333,00
3030,00
4761,00
4761,00
5555,00
9090,00
2325,00
14285,00
20000,00
10000,00
1470,00
2439,00
1923,00
4761,00
8333,00
4761,00
5882,00
12500,00
8333,00
3125,00
4166,00
3846,00
7692,00
20000,00
8333,00
6666,00
11111,00
10000,00
2325,00
3846,00
3448,00
6250,00
9090,00
8333,00
9090,00
14285,00
5555,00
248,00
675,00
485,00
1204,00
2272,00
2083,00
1470,00
3333,00
2380,00
578,00
943,00
1204,00
1851,00
2941,00
4166,00
2439,00
3846,00
3571,00
411,00
943,00
699,00
1587,00
3225,00
3125,00
1639,00
4166,00
3030,00
408,00
729,00
751,00
1265,00
2777,00
2500,00
1923,00
4166,00
2857,00
666,00
1123,00
1176,00
2000,00
3571,00
4347,00
2777,00
3571,00
4545,00
564,00
1176,00
1075,00
1639,00
4347,00
3846,00
3030,00
5000,00
4347,00
293,00
649,00
406,00
1136,00
2325,00
1587,00
1111,00
2325,00
1333,00
591,00
1111,00
1098,00
1886,00
4000,00
2941,00
2564,00
4347,00
4000,00
387,00
917,00
497,00
1818,00
2439,00
2083,00
1428,00
2857,00
1265,00
819,00
1886,00
1818,00
3225,00
7692,00
6250,00
4545,00
8333,00
6666,00
1694,00
2325,00
3333,00
5000,00
9090,00
5882,00
6666,00
12500,00
8333,00
1388,00
2325,00
2631,00
4761,00
9090,00
5555,00
7692,00
9090,00
9090,00
1052,00
1639,00
1785,00
3448,00
7142,00
7692,00
3846,00
9090,00
8333,00
1851,00
2857,00
3225,00
6250,00
3571,00
6666,00
5263,00
7142,00
10000,00
1587,00
2272,00
2380,00
4761,00
4761,00
4347,00
5882,00
7692,00
4000,00
781,00
1204,00
1020,00
2272,00
4347,00
4347,00
3030,00
5555,00
5555,00
1612,00
1724,00
1960,00
4545,00
4545,00
5882,00
5000,00
10000,00
8333,00
1075,00
1754,00
1333,00
3225,00
4166,00
2941,00
4761,00
6666,00
3448,00
729,00
2325,00
1515,00
3225,00
6666,00
5263,00
3571,00
6666,00
3333,00
2325,00
3703,00
3333,00
5263,00
8333,00
8333,00
5555,00
10000,00
11111,00
1639,00
3448,00
1754,00
5555,00
10000,00
5263,00
4166,00
7142,00
3571,00
1234,00
1754,00
1694,00
3703,00
5263,00
4166,00
4545,00
6666,00
8333,00
2564,00
2941,00
3571,00
6250,00
7692,00
10000,00
6666,00
9090,00
8333,00
2000,00
2857,00
2702,00
4761,00
5555,00
5000,00
5882,00
8333,00
6666,00
571,00
1333,00
746,00
2631,00
4347,00
4545,00
2500,00
4545,00
2040,00
1666,00
2000,00
1818,00
3703,00
5000,00
4166,00
5882,00
7692,00
5882,00
719,00
1666,00
680,00
3333,00
5000,00
3030,00
2777,00
4761,00
395,00
