





































































































































































































































































































































































































































































































































































































































































































































































































































































































































































































































































































































4806,00
6180,00
4807,00
8653,00
6181,00
8654,00
8654,00
14427,00
7214,00
21643,00
8657,00
10821,00
8657,00
2546,00
4810,00
3937,00
2279,00
2888,00
6188,00
849,00
2280,00
2888,00
7222,00
7222,00
8667,00
14447,00
5419,00
10839,00
8672,00
4817,00
7227,00
10841,00
8674,00
14458,00
21687,00
4819,00
8676,00
8678,00
14463,00
10849,00
628,00
1356,00
1973,00
429,00
943,00
1608,00
173,00
371,00
586,00
2171,00
4826,00
10860,00
3949,00
7240,00
4344,00
1241,00
3103,00
5431,00
7241,00
3343,00
7245,00
4830,00
10869,00
14494,00
3623,00
8697,00
10872,00
1279,00
4350,00
6214,00
1208,00
2174,00
2900,00
472,00
945,00
1318,00
2417,00
4835,00
21762,00
2901,00
2902,00
8707,00
2721,00
3110,00
7257,00
7257,00
7257,00
726,00
10895,00
8721,00
10905,00
8725,00
8727,00
21818,00
2297,00
3118,00
6238,00
1505,00
2911,00
5458,00
693,00
1506,00
1680,00
4854,00
5461,00
6242,00
4855,00
3972,00
4856,00
3973,00
4371,00
7286,00
10933,00
508,00
43736,00
21869,00
10935,00
7290,00
8748,00
21872,00
21874,00
1093,00
2573,00
4861,00
754,00
2083,00
2735,00
282,00
653,00
931,00
5472,00
10947,00
7300,00
8761,00
43809,00
10954,00
1826,00
4870,00
6262,00
7306,00
7308,00
10962,00
14616,00
21924,00
14616,00
4872,00
21925,00
21927,00
2436,00
5482,00
5482,00
1827,00
5483,00
7310,00
696,00
1994,00
2437,00
10970,00
21940,00
10970,00
10970,00
21942,00
21943,00
4876,00
10971,00
43889,00
8778,00
7315,00
21948,00
7316,00
21949,00
14633,00
6271,00
21951,00
10976,00
4390,00
5488,00
14635,00
2744,00
6272,00
7318,00
1071,00
3136,00
4880,00
10981,00
10984,00
8787,00
14647,00
43943,00
8788,00
8788,00
14648,00
43945,00
43945,00
21973,00
14649,00
21973,00
43952,00
21979,00
14652,00
43958,00
43962,00
1332,00
2442,00
3664,00
1072,00
2199,00
2935,00
363,00
1001,00
1259,00
14714,00
4414,00
7357,00
11036,00
22103,00
22103,00
2327,00
4020,00
8858,00
7390,00
7390,00
11086,00
22172,00
14798,00
11098,00
6342,00
22222,00
14815,00
4944,00
5562,00
7417,00
2969,00
4454,00
4454,00
990,00
2229,00
3715,00
7435,00
11153,00
22324,00
22324,00
11163,00
8938,00
8940,00
7450,00
22367,00
14912,00
44743,00
44744,00
8950,00
44751,00
11205,00
22411,00
14962,00
955,00
4987,00
7492,00
7493,00
3747,00
9000,00
15000,00
1407,00
4095,00
7510,00
11277,00
15037,00
22576,00
22576,00
15051,00
45159,00
9036,00
2510,00
22594,00
15070,00
5651,00
434,00
45232,00
11308,00
9049,00
9051,00
45256,00
45277,00
1029,00
3235,00
3235,00
871,00
2266,00
3486,00
246,00
731,00
906,00
7557,00
6478,00
9073,00
6481,00
15127,00
45381,00
2063,00
6486,00
7567,00
15135,00
11354,00
5677,00
45418,00
45432,00
15147,00
5051,00
3788,00
15159,00
2842,00
6496,00
5689,00
2167,00
5059,00
3794,00
700,00
2070,00
2530,00
5694,00
11393,00
7595,00
45590,00
15198,00
45609,00
5701,00
22807,00
22810,00
9125,00
735,00
45650,00
9130,00
22832,00
9133,00
9133,00
15223,00
15223,00
2537,00
7613,00
9140,00
3264,00
6529,00
15234,00
1142,00
2539,00
3515,00
22853,00
11427,00
22855,00
9148,00
714,00
11436,00
7628,00
22888,00
15259,00
45799,00
22899,00
22906,00
22911,00
45829,00
45837,00
15280,00
22923,00
4167,00
182,00
588,00
728,00
134,00
330,00
463,00
44,00
113,00
155,00
1311,00
3827,00
3828,00
977,00
2188,00
4178,00
359,00
901,00
1277,00
1769,00
4600,00
3285,00
2300,00
6572,00
6574,00
885,00
2557,00
2707,00
561,00
1485,00
1771,00
357,00
885,00
1071,00
124,00
301,00
407,00
2425,00
7681,00
11528,00
2712,00
6589,00
7687,00
981,00
2562,00
3549,00
5126,00
5128,00
9231,00
5769,00
9233,00
6595,00
2564,00
5773,00
5132,00
699,00
2008,00
1650,00
513,00
1155,00
1594,00
177,00
436,00
577,00
3557,00
5781,00
7708,00
4205,00
7710,00
15421,00
1446,00
4207,00
5142,00
3086,00
6613,00
4208,00
7716,00
23150,00
23154,00
2572,00
7718,00
6618,00
304,00
735,00
1053,00
184,00
482,00
610,00
65,00
159,00
227,00
2016,00
3865,00
3568,00
1364,00
3866,00
6628,00
488,00
1160,00
1546,00
2900,00
7737,00
6632,00
3316,00
7743,00
23229,00
1191,00
2904,00
4646,00
749,00
1659,00
2582,00
510,00
1081,00
1603,00
175,00
426,00
574,00
5812,00
9302,00
6644,00
4228,00
6645,00
7753,00
1224,00
3103,00
4655,00
7758,00
23278,00
23279,00
4656,00
11640,00
9315,00
3105,00
9317,00
9317,00
862,00
2588,00
2911,00
675,00
1726,00
1503,00
251,00
629,00
896,00
3329,00
5827,00
4238,00
4662,00
9325,00
9327,00
1665,00
5182,00
6663,00
5182,00
9328,00
5830,00
11661,00
23324,00
46648,00
4664,00
11662,00
15550,00
206,00
562,00
696,00
135,00
340,00
466,00
46,00
122,00
162,00
1229,00
3336,00
2594,00
953,00
2458,00
3113,00
376,00
898,00
1262,00
1167,00
3336,00
953,00
2335,00
5840,00
9344,00
881,00
1946,00
2748,00
591,00
1460,00
1869,00
359,00
898,00
1230,00
132,00
320,00
462,00
3896,00
9350,00
6679,00
2226,00
5846,00
9354,00
974,00
2227,00
2924,00
4679,00
11697,00
5199,00
5199,00
23401,00
6686,00
1950,00
5853,00
4682,00
632,00
2129,00
1266,00
487,00
1142,00
1673,00
178,00
478,00
585,00
4686,00
15622,00
15623,00
3124,00
11717,00
11717,00
1420,00
2929,00
5208,00
2604,00
6696,00
4688,00
7813,00
46887,00
7814,00
1803,00
9378,00
1953,00
601,00
1563,00
2039,00
375,00
938,00
1234,00
135,00
332,00
460,00
3129,00
5215,00
6705,00
2933,00
5867,00
11735,00
998,00
2235,00
3611,00
4695,00
15650,00
9390,00
4696,00
23481,00
15654,00
2471,00
6709,00
11741,00
1619,00
3914,00
5218,00
999,00
2763,00
2763,00
364,00
886,00
1236,00
4698,00
11747,00
11748,00
7832,00
9398,00
7833,00
2611,00
6715,00
11751,00
23503,00
15669,00
11752,00
1880,00
47011,00
11755,00
7837,00
23512,00
47026,00
2351,00
6719,00
5879,00
1343,00
3920,00
5226,00
516,00
1344,00
1809,00
3921,00
23527,00
5228,00
9412,00
47069,00
47075,00
3923,00
6725,00
7847,00
23541,00
7848,00
9418,00
23546,00
47093,00
47098,00
11775,00
47109,00
47109,00
826,00
1964,00
2946,00
574,00
1274,00
1886,00
189,00
444,00
637,00
5240,00
15721,00
23583,00
4716,00
9433,00
11792,00
1429,00
2948,00
5897,00
9436,00
23590,00
15729,00
9437,00
47188,00
23596,00
3630,00
9439,00
11799,00
2145,00
5900,00
9440,00
1573,00
3147,00
4720,00
530,00
1211,00
1816,00
7873,00
23622,00
47244,00
7874,00
5905,00
6749,00
4295,00
11814,00
15758,00
15759,00
11820,00
47282,00
11823,00
23647,00
23647,00
11825,00
23651,00
15767,00
3638,00
9461,00
15768,00
1971,00
5915,00
7887,00
728,00
1820,00
2491,00
23667,00
15778,00
23668,00
15780,00
11836,00
6763,00
5260,00
15784,00
9470,00
11840,00
23681,00
15788,00
23682,00
15788,00
23683,00
15788,00
47366,00
15807,00
578,00
1530,00
2062,00
392,00
1054,00
1317,00
139,00
322,00
489,00
3953,00
15817,00
7909,00
2791,00
9493,00
9494,00
912,00
2373,00
3956,00
5277,00
23747,00
11873,00
7917,00
23751,00
15835,00
2794,00
6787,00
11882,00
1584,00
5280,00
4752,00
1105,00
2970,00
3395,00
399,00
932,00
1320,00
9510,00
11888,00
9510,00
5944,00
11889,00
11890,00
2797,00
4324,00
11892,00
11894,00
23788,00
9516,00
9518,00
23795,00
2379,00
7932,00
11898,00
23801,00
2505,00
5950,00
6801,00
1322,00
3662,00
5290,00
595,00
1360,00
1983,00
9523,00
643,00
23808,00
11904,00
15872,00
9523,00
4762,00
7937,00
7938,00
23820,00
15881,00
47645,00
15881,00
23822,00
5294,00
11914,00
23830,00
11915,00
882,00
2166,00
2979,00
567,00
1489,00
2270,00
205,00
476,00
711,00
7946,00
6811,00
6811,00
4768,00
11922,00
9538,00
1490,00
3974,00
5299,00
5299,00
7948,00
3974,00
11923,00
11923,00
23848,00
2805,00
11926,00
9541,00
2806,00
6815,00
7951,00
1445,00
3976,00
6816,00
542,00
1446,00
1988,00
15908,00
15908,00
15908,00
9545,00
23864,00
11933,00
3977,00
11933,00
15912,00
6819,00
9547,00
11934,00
11934,00
23868,00
23869,00
11934,00
47738,00
23869,00
3978,00
9548,00
3978,00
2512,00
6820,00
11936,00
809,00
2075,00
2808,00
15915,00
7958,00
11937,00
9550,00
23876,00
23876,00
5969,00
15919,00
23879,00
11939,00
11939,00
2274,00
23879,00
15919,00
23881,00
9552,00
47765,00
4776,00
1137,00
3411,00
4776,00
853,00
2171,00
2810,00
302,00
758,00
995,00
6827,00
23896,00
11948,00
5974,00
15930,00
15930,00
2172,00
5310,00
6828,00
6828,00
47797,00
47799,00
15933,00
47799,00
15933,00
5975,00
15933,00
15933,00
3676,00
7966,00
7966,00
2276,00
5311,00
6828,00
758,00
1770,00
2515,00
23902,00
1111,00
23903,00
15935,00
23904,00
9561,00
6829,00
9562,00
9562,00
664,00
23911,00
47829,00
15943,00
23914,00
23916,00
11958,00
23917,00
885,00
4783,00
23918,00
11959,00
2989,00
5980,00
5980,00
1166,00
3189,00
4349,00
47843,00
23922,00
23924,00
47858,00
47868,00
23934,00
9573,00
23934,00
11967,00
11967,00
47870,00
2393,00
9574,00
9574,00
6839,00
23937,00
23937,00
209,00
854,00
2393,00
3419,00
664,00
1450,00
2279,00
217,00
520,00
736,00
7982,00
15966,00
23950,00
5322,00
11975,00
11975,00
1596,00
3991,00
5988,00
4790,00
15969,00
9581,00
15969,00
47913,00
15971,00
4356,00
3686,00
6845,00
2396,00
6845,00
7986,00
1711,00
3993,00
5325,00
606,00
1409,00
1917,00
5326,00
785,00
23970,00
9588,00
9588,00
15980,00
4358,00
6849,00
7990,00
11986,00
23972,00
15984,00
23977,00
7992,00
11990,00
11990,00
23981,00
9592,00
2180,00
11991,00
11992,00
2284,00
6853,00
9594,00
813,00
1998,00
1410,00
47973,00
23986,00
15991,00
23986,00
7995,00
47975,00
5997,00
11994,00
9596,00
4798,00
23992,00
4798,00
11996,00
47986,00
842,00
3199,00
15998,00
303,00
