














































































































































































































































































































































































































































































































































































































































































































































































925,00
132,00
2380,00
990,00
128,00
3703,00
6250,00
2127,00
4761,00
7692,00
3333,00
8333,00
7692,00
2702,00
5882,00
3225,00
1408,00
7692,00
3448,00
1666,00
6666,00
4000,00
1369,00
4000,00
1923,00
374,00
3571,00
2127,00
355,00
5000,00
1754,00
423,00
3448,00
7142,00
2380,00
3703,00
10000,00
2380,00
6250,00
7692,00
2631,00
3571,00
3448,00
1612,00
5882,00
3448,00
1428,00
5555,00
4166,00
2222,00
2941,00
2083,00
534,00
2702,00
1923,00
512,00
3846,00
2222,00
595,00
3125,00
4545,00
1030,00
2040,00
4000,00
1086,00
3703,00
4347,00
1098,00
2000,00
793,00
294,00
1818,00
819,00
216,00
2631,00
1333,00
342,00
980,00
510,00
68,00
787,00
358,00
42,00
1136,00
613,00
56,00
10000,00
7692,00
3448,00
5555,00
4545,00
2040,00
7692,00
7692,00
3333,00
5263,00
2222,00
952,00
3333,00
699,00
321,00
5555,00
2500,00
952,00
2857,00
990,00
177,00
1666,00
483,00
98,00
2500,00
1162,00
164,00
10000,00
8333,00
3571,00
5555,00
10000,00
2222,00
7142,00
5555,00
3703,00
5263,00
1960,00
1098,00
6666,00
2857,00
775,00
7142,00
3846,00
1265,00
3571,00
1724,00
344,00
2127,00
1612,00
232,00
4166,00
1886,00
348,00
1351,00
2173,00
581,00
1351,00
2702,00
657,00
1612,00
2777,00
540,00
1785,00
961,00
221,00
1369,00
854,00
172,00
1587,00
1010,00
221,00
507,00
244,00
34,00
423,00
237,00
23,00
529,00
342,00
25,00
5263,00
4000,00
1785,00
5000,00
5555,00
1388,00
8333,00
3225,00
1694,00
5000,00
1694,00
510,00
3125,00
1234,00
378,00
4000,00
1754,00
613,00
1612,00
680,00
107,00
1333,00
523,00
68,00
1818,00
819,00
83,00
9090,00
5882,00
2380,00
4545,00
4166,00
1818,00
10000,00
5000,00
2439,00
6666,00
2222,00
892,00
5000,00
2380,00
819,00
5263,00
2500,00
847,00
2500,00
1282,00
196,00
1886,00
1612,00
150,00
2222,00
1176,00
141,00
7142,00
9090,00
3333,00
14285,00
12500,00
5263,00
14285,00
9090,00
3333,00
10000,00
4347,00
2380,00
20000,00
7692,00
2564,00
12500,00
8333,00
2380,00
8333,00
3703,00
735,00
10000,00
3571,00
680,00
5555,00
2500,00
578,00
11111,00
11111,00
5263,00
4000,00
8333,00
4761,00
33333,00
25000,00
9090,00
11111,00
4166,00
3125,00
25000,00
6250,00
3225,00
20000,00
8333,00
2777,00
11111,00
5882,00
1562,00
11111,00
3846,00
1315,00
8333,00
7142,00
1298,00
10000,00
20000,00
12500,00
9090,00
20000,00
14285,00
16666,00
20000,00
5263,00
11111,00
11111,00
4000,00
16666,00
5263,00
5882,00
16666,00
10000,00
5263,00
20000,00
6250,00
2500,00
14285,00
8333,00
1923,00
14285,00
6666,00
2272,00
16666,00
12500,00
3571,00
12500,00
16666,00
4000,00
20000,00
16666,00
2631,00
11111,00
6250,00
1694,00
8333,00
1818,00
813,00
8333,00
4545,00
1562,00
8333,00
3030,00
483,00
4000,00
1562,00
277,00
4761,00
2000,00
335,00
16666,00
25000,00
7142,00
14285,00
11111,00
5263,00
12500,00
14285,00
7692,00
9090,00
5263,00
3030,00
6250,00
250,00
490,00
12500,00
5263,00
2083,00
11111,00
4545,00
1086,00
4761,00
1351,00
336,00
8333,00
3030,00
558,00
9090,00
25000,00
12500,00
20000,00
20000,00
8333,00
25000,00
16666,00
11111,00
14285,00
10000,00
6666,00
25000,00
3448,00
2439,00
14285,00
11111,00
3846,00
9090,00
6666,00
2000,00
11111,00
5263,00
1282,00
11111,00
4761,00
1470,00
6666,00
7142,00
3030,00
10000,00
10000,00
2631,00
10000,00
5882,00
2173,00
11111,00
3030,00
1204,00
10000,00
3846,00
1010,00
7142,00
3225,00
1351,00
2173,00
1250,00
260,00
2500,00
1234,00
166,00
1515,00
1030,00
154,00
25000,00
10000,00
8333,00
6666,00
11111,00
3846,00
25000,00
14285,00
5882,00
11111,00
5882,00
2941,00
14285,00
3125,00
1369,00
11111,00
6250,00
2222,00
7692,00
3225,00
806,00
5882,00
1754,00
330,00
3571,00
2127,00
440,00
16666,00
12500,00
8333,00
12500,00
12500,00
11111,00
25000,00
25000,00
7692,00
16666,00
12500,00
3846,00
16666,00
9090,00
3125,00
16666,00
6666,00
2941,00
7692,00
4545,00
1351,00
9090,00
3703,00
1052,00
6666,00
2777,00
813,00
9090,00
12500,00
4000,00
9090,00
12500,00
4545,00
6666,00
9090,00
5555,00
9090,00
10000,00
3703,00
11111,00
9090,00
3448,00
7692,00
11111,00
3571,00
9090,00
5263,00
925,00
5882,00
5000,00
735,00
5882,00
3703,00
826,00
33333,00
33333,00
12500,00
12500,00
9090,00
5263,00
25000,00
10000,00
10000,00
16666,00
25000,00
5263,00
25000,00
10000,00
4545,00
20000,00
20000,00
5263,00
6250,00
4545,00
1639,00
6666,00
9090,00
1538,00
10000,00
5263,00
1724,00
10000,00
10000,00
6250,00
409,00
7692,00
1587,00
5882,00
12500,00
7692,00
33333,00
14285,00
5555,00
11111,00
11111,00
3571,00
16666,00
25000,00
7692,00
11111,00
9090,00
2000,00
4545,00
6666,00
1219,00
12500,00
12500,00
1724,00
50000,00
20000,00
5555,00
16666,00
25000,00
3571,00
20000,00
7692,00
3571,00
12500,00
7142,00
2564,00
14285,00
4545,00
1219,00
14285,00
3030,00
2564,00
5882,00
4000,00
787,00
3846,00
3846,00
454,00
4761,00
2500,00
568,00
50000,00
25000,00
14285,00
20000,00
7692,00
6250,00
20000,00
20000,00
14285,00
25000,00
14285,00
7142,00
20000,00
5555,00
1851,00
16666,00
10000,00
5882,00
10000,00
6250,00
2000,00
9090,00
4545,00
1030,00
12500,00
5555,00
1388,00
33333,00
33333,00
14285,00
11111,00
12500,00
5555,00
25000,00
11111,00
7692,00
10000,00
11111,00
4347,00
14285,00
6666,00
1886,00
25000,00
3846,00
4545,00
12500,00
12500,00
2500,00
12500,00
6250,00
1136,00
14285,00
9090,00
1470,00
12500,00
12500,00
3225,00
12500,00
12500,00
2857,00
11111,00
9090,00
2702,00
11111,00
5882,00
1754,00
11111,00
5555,00
1315,00
6666,00
5000,00
1408,00
3125,00
2000,00
354,00
3333,00
1960,00
246,00
2272,00
1298,00
230,00
25000,00
14285,00
8333,00
16666,00
20000,00
5263,00
25000,00
11111,00
5882,00
20000,00
8333,00
3448,00
16666,00
7142,00
2380,00
16666,00
10000,00
3125,00
10000,00
5263,00
1136,00
7692,00
5263,00
746,00
5882,00
2941,00
609,00
16666,00
33333,00
6666,00
16666,00
14285,00
4166,00
25000,00
20000,00
10000,00
20000,00
10000,00
4545,00
14285,00
7142,00
4000,00
20000,00
9090,00
3846,00
9090,00
5882,00
1492,00
5263,00
5263,00
980,00
6666,00
3125,00
632,00
1666,00
5000,00
1041,00
4761,00
5000,00
1666,00
2857,00
3448,00
1190,00
3846,00
2222,00
961,00
4166,00
2631,00
884,00
2380,00
1562,00
645,00
1234,00
826,00
160,00
1282,00
869,00
204,00
943,00
578,00
142,00
7142,00
9090,00
2777,00
11111,00
11111,00
4000,00
9090,00
6666,00
2439,00
5555,00
3448,00
2040,00
8333,00
8333,00
1562,00
5263,00














































































































































































































































































































































































































































































































































































































































































































