





































































































































































































































































































































































































































































































































































































































































































































































































































































































































































































































































































































4000,00
1149,00
5000,00
20000,00
961,00
4000,00
14285,00
819,00
3125,00
7692,00
1666,00
7692,00
6666,00
769,00
6250,00
11111,00
1086,00
6666,00
11111,00
1449,00
10000,00
16666,00
1149,00
8333,00
20000,00
800,00
3846,00
9090,00
1612,00
11111,00
16666,00
1408,00
5882,00
20000,00
1470,00
7142,00
14285,00
1538,00
12500,00
9090,00
135,00
2941,00
5882,00
184,00
2439,00
7142,00
344,00
4347,00
7692,00
248,00
3703,00
5000,00
267,00
3125,00
9090,00
408,00
3571,00
7692,00
342,00
3846,00
7142,00
423,00
3333,00
6250,00
552,00
5882,00
7692,00
543,00
6250,00
14285,00
578,00
5000,00
10000,00
1250,00
7692,00
20000,00
800,00
5263,00
16666,00
602,00
3333,00
10000,00
1369,00
7142,00
12500,00
943,00
5555,00
14285,00
869,00
5555,00
10000,00
1052,00
6666,00
1785,00
1098,00
8333,00
20000,00
1265,00
11111,00
11111,00
1754,00
10000,00
14285,00
1449,00
8333,00
20000,00
1204,00
6250,00
14285,00
1098,00
7692,00
1123,00
1282,00
9090,00
20000,00
1298,00
5555,00
12500,00
1408,00
8333,00
1666,00
76,00
1086,00
2439,00
109,00
1428,00
3030,00
179,00
1562,00
2857,00
148,00
1388,00
2564,00
198,00
1470,00
3448,00
248,00
1785,00
3571,00
202,00
1351,00
2941,00
238,00
1724,00
3703,00
290,00
1785,00
3448,00
392,00
2631,00
6250,00
467,00
4166,00
7142,00
606,00
3703,00
8333,00
497,00
4166,00
8333,00
606,00
5000,00
9090,00
666,00
5000,00
14285,00
520,00
3125,00
9090,00
666,00
6250,00
9090,00
884,00
4761,00
11111,00
520,00
3030,00
5263,00
564,00
3571,00
8333,00
662,00
3571,00
10000,00
588,00
4166,00
7692,00
714,00
5555,00
10000,00
757,00
5882,00
14285,00
684,00
5000,00
9090,00
719,00
5555,00
14285,00
877,00
4761,00
12500,00
125,00
2500,00
5882,00
173,00
2500,00
5000,00
280,00
3030,00
5882,00
237,00
2564,00
6250,00
302,00
2857,00
6666,00
420,00
2272,00
6250,00
347,00
2777,00
6666,00
389,00
3333,00
6250,00
502,00
4545,00
6666,00
757,00
5000,00
14285,00
806,00
5000,00
16666,00
1190,00
5882,00
12500,00
1098,00
7142,00
12500,00
854,00
5263,00
12500,00
1408,00
4000,00
12500,00
1010,00
5882,00
12500,00
1123,00
5555,00
11111,00
1515,00
6250,00
8333,00
943,00
5263,00
12500,00
1010,00
5555,00
12500,00
1098,00
5882,00
11111,00
1063,00
4545,00
8333,00
1098,00
6250,00
12500,00
1041,00
2083,00
11111,00
1176,00
5263,00
9090,00
1333,00
6250,00
11111,00
1492,00
6666,00
16666,00
151,00
2857,00
6250,00
226,00
3333,00
5263,00
290,00
3448,00
6250,00
309,00
3846,00
6250,00
330,00
3125,00
7142,00
473,00
3225,00
7142,00
297,00
3225,00
6666,00
404,00
3703,00
10000,00
510,00
4761,00
7692,00
632,00
3703,00
11111,00
769,00
6666,00
16666,00
1030,00
6250,00
16666,00
943,00
5555,00
12500,00
884,00
4545,00
12500,00
1265,00
5882,00
14285,00
1010,00
7142,00
11111,00
1020,00
7142,00
20000,00
1265,00
3846,00
10000,00
980,00
5000,00
14285,00
1176,00
6250,00
12500,00
1587,00
7692,00
20000,00
1234,00
6666,00
14285,00
1250,00
7142,00
20000,00
1666,00
7692,00
11111,00
1149,00
7692,00
12500,00
1612,00
8333,00
25000,00
1265,00
5000,00
6250,00
12,00
505,00
787,00
30,00
819,00
1587,00
42,00
869,00
1515,00
46,00
806,00
1639,00
70,00
934,00
2083,00
128,00
1075,00
1886,00
57,00
934,00
1754,00
107,00
1063,00
2222,00
120,00
1111,00
2127,00
158,00
1538,00
2941,00
228,00
1960,00
4761,00
377,00
2222,00
4545,00
271,00
2127,00
5000,00
383,00
2439,00
5882,00
446,00
3030,00
5000,00
344,00
2380,00
4761,00
418,00
3030,00
6666,00
492,00
3571,00
7142,00
203,00
1851,00
2702,00
358,00
2127,00
5000,00
381,00
2173,00
3703,00
348,00
2083,00
4166,00
423,00
2857,00
5882,00
471,00
3030,00
4347,00
357,00
2325,00
3846,00
454,00
3030,00
5555,00
495,00
3703,00
4545,00
36,00
1098,00
1612,00
54,00
1587,00
2702,00
97,00
1562,00
3571,00
81,00
1492,00
3030,00
115,00
1785,00
4000,00
203,00
1960,00
4545,00
115,00
1639,00
3571,00
168,00
1612,00
4347,00
270,00
2222,00
4545,00
326,00
3030,00
7692,00
371,00
4545,00
7692,00
602,00
4166,00
9090,00
495,00
5000,00
10000,00
606,00
5000,00
12500,00
840,00
4545,00
9090,00
520,00
5263,00
11111,00
666,00
5882,00
11111,00
877,00
5882,00
12500,00
406,00
2564,00
6666,00
581,00
2941,00
4166,00
694,00
4761,00
8333,00
645,00
4761,00
8333,00
787,00
7142,00
11111,00
900,00
5882,00
11111,00
653,00
4347,00
8333,00
862,00
5263,00
11111,00
1086,00
7692,00
10000,00
39,00
1190,00
2127,00
81,00
1754,00
3703,00
84,00
2040,00
2702,00
96,00
1639,00
2941,00
154,00
2127,00
4347,00
229,00
2325,00
4761,00
87,00
1333,00
1098,00
190,00
2083,00
3846,00
191,00
2439,00
3125,00
308,00
2941,00
5263,00
438,00
4761,00
9090,00
606,00
4000,00
8333,00
497,00
4545,00
6250,00
699,00
5263,00
10000,00
925,00
5882,00
10000,00
534,00
5263,00
8333,00
751,00
5882,00
7692,00
909,00
5555,00
11111,00
375,00
4166,00
6666,00
689,00
5882,00
7142,00
662,00
4761,00
7692,00
746,00
4761,00
7692,00
900,00
6666,00
14285,00
1041,00
6250,00
10000,00
581,00
4545,00
4761,00
826,00
3448,00
5000,00
751,00
5263,00
5263,00
20,00
609,00
1724,00
29,00
952,00
1428,00
61,00
1176,00
2222,00
45,00
1020,00
2083,00
56,00
1369,00
2222,00
122,00
1388,00
2325,00
72,00
1149,00
2127,00
104,00
1351,00
2380,00
176,00
1515,00
2857,00
165,00
1886,00
5000,00
198,00
2702,00
4545,00
331,00
3225,00
7142,00
263,00
2564,00
6666,00
331,00
2500,00
6666,00
476,00
3448,00
7692,00
303,00
2777,00
7692,00
257,00
3571,00
9090,00
543,00
4545,00
8333,00
287,00
2272,00
4545,00
408,00
2857,00
5882,00
471,00
3448,00
6250,00
409,00
3125,00
4000,00
487,00
3448,00
7692,00
555,00
4166,00
7692,00
429,00
2941,00
5882,00
505,00
3846,00
8333,00
602,00
4000,00
7692,00
34,00
1123,00
3125,00
44,00
1149,00
3448,00
104,00
1851,00
4000,00
66,00
1851,00
4000,00
57,00
1298,00
3448,00
199,00
2439,00
5263,00
110,00
1923,00
4347,00
155,00
2222,00
4761,00
266,00
2500,00
5000,00
265,00
3448,00
11111,00
353,00
3448,00
16666,00
751,00
5263,00
10000,00
301,00
4166,00
14285,00
207,00
1176,00
5000,00
892,00
4000,00
14285,00
420,00
5882,00
14285,00
578,00
4545,00
9090,00
900,00
5263,00
10000,00
444,00
5000,00
8333,00
684,00
5263,00
10000,00
854,00
6666,00
14285,00
625,00
5000,00
8333,00
680,00
6666,00
8333,00
970,00
5882,00
9090,00
636,00
5882,00
14285,00
909,00
6666,00
8333,00
1041,00
9090,00
14285,00
51,00
1250,00
2702,00
75,00
1562,00
4166,00
118,00
2222,00
3703,00
95,00
2040,00
2941,00
134,00
2857,00
4545,00
218,00
3030,00
4347,00
126,00
2325,00
4761,00
170,00
2500,00
4347,00
264,00
3703,00
5555,00
290,00
3846,00
7142,00
341,00
5555,00
6666,00
641,00
5555,00
10000,00
436,00
4347,00
12500,00
531,00
3448,00
7142,00
961,00
7142,00
10000,00
507,00
5882,00
7692,00
490,00
3571,00
2631,00
869,00
8333,00
6250,00
564,00
6250,00
11111,00
787,00
7142,00
12500,00
1000,00
6250,00
14285,00
833,00
7142,00
11111,00
892,00
6250,00
16666,00
1098,00
5000,00
12500,00
653,00
7142,00
16666,00
714,00
8333,00
11111,00
1098,00
8333,00
14285,00
19,00
671,00
1136,00
38,00
793,00
1724,00
43,00
925,00
1694,00
55,00
781,00
1724,00
75,00
990,00
2000,00
120,00
1149,00
2083,00
60,00
806,00
1587,00
111,00
1030,00
1851,00
102,00
1162,00
2173,00
194,00
1612,00
3703,00
270,00
2040,00
4761,00
348,00
2325,00
5882,00
288,00
2000,00
4761,00
364,00
2631,00
5882,00
429,00
3333,00
6250,00
316,00
2222,00
5000,00
403,00
3225,00
7142,00
446,00
3703,00
5882,00
246,00
1724,00
2702,00
325,00
2000,00
4545,00
378,00
2380,00
4000,00
340,00
2272,00
4166,00
418,00
3225,00
5555,00
444,00
3571,00
5555,00
311,00
2325,00
4545,00
409,00
3030,00
5882,00
434,00
3225,00
4000,00
45,00
1351,00
2222,00
66,00
1470,00
2941,00
101,00
1587,00
3846,00
92,00
1538,00
2777,00
115,00
1818,00
4545,00
197,00
2040,00
4347,00
120,00
1492,00
3333,00
183,00
1666,00
4166,00
236,00
2083,00
4000,00
335,00
3333,00
5555,00
446,00
4166,00
8333,00
609,00
4761,00
8333,00
456,00
4000,00
6250,00
529,00
3703,00
9090,00
869,00
6666,00
7692,00
510,00
4166,00
9090,00
662,00
4761,00
8333,00
757,00
4545,00
6250,00
502,00
3333,00
6666,00
649,00
5000,00
9090,00
724,00
5000,00
7692,00
578,00
4347,00
7692,00
746,00
6250,00
7142,00
833,00
4761,00
5882,00
636,00
4000,00
10000,00
800,00
6250,00
5882,00
877,00
5882,00
6666,00
39,00
1388,00
2040,00
78,00
1562,00
3703,00
71,00
1960,00
2380,00
103,00
1886,00
3225,00
138,00
2000,00
4761,00
214,00
2380,00
4545,00
83,00
1724,00
2564,00
173,00
2127,00
4000,00
110,00
2564,00
1639,00
323,00
3333,00
8333,00
467,00
4166,00
11111,00
591,00
4347,00
9090,00
490,00
4545,00
11111,00
502,00
3125,00
8333,00
746,00
5263,00
7142,00
444,00
4347,00
10000,00
602,00
4000,00
9090,00
595,00
4000,00
5263,00
370,00
4761,00
7142,00
699,00
6250,00
10000,00
621,00
5000,00
4000,00
719,00
5555,00
9090,00
806,00
4166,00
11111,00
952,00
5555,00
6250,00
406,00
4166,00
6250,00
680,00
5000,00
6250,00
253,00
2631,00
361,00
