





































































































































































































































































































































































































































































































































































































































































































































































































































































































































































































































































































































2173,00
16666,00
7142,00
10000,00
1075,00
540,00
729,00
5882,00
1408,00
2857,00
10000,00
6666,00
6250,00
3448,00
4761,00
2380,00
20000,00
7142,00
7142,00
16666,00
16666,00
11111,00
2702,00
3030,00
1785,00
7142,00
3225,00
5882,00
16666,00
20000,00
14285,00
1234,00
1052,00
980,00
7692,00
2941,00
7142,00
20000,00
12500,00
9090,00
6250,00
6666,00
5263,00
14285,00
12500,00
25000,00
8333,00
12500,00
25000,00
3703,00
2173,00
2500,00
9090,00
5263,00
5555,00
6666,00
16666,00
16666,00
1470,00
1724,00
1538,00
6666,00
5263,00
4761,00
7692,00
11111,00
20000,00
7692,00
7692,00
4761,00
12500,00
10000,00
8333,00
16666,00
9090,00
20000,00
3703,00
4545,00
3703,00
16666,00
7692,00
9090,00
12500,00
11111,00
16666,00
1694,00
1666,00
1923,00
5882,00
4000,00
6250,00
11111,00
12500,00
11111,00
4761,00
5263,00
2941,00
14285,00
11111,00
6666,00
10000,00
11111,00
16666,00
2857,00
2777,00
1851,00
12500,00
6666,00
6666,00
14285,00
16666,00
12500,00
1388,00
1587,00
1282,00
5263,00
4545,00
3571,00
7692,00
12500,00
5882,00
5882,00
5555,00
4761,00
11111,00
11111,00
6666,00
8333,00
7692,00
20000,00
4000,00
3703,00
1960,00
9090,00
12500,00
11111,00
6666,00
20000,00
20000,00
1408,00
1612,00
1075,00
5263,00
8333,00
9090,00
9090,00
16666,00
14285,00
6666,00
6250,00
4000,00
14285,00
20000,00
7142,00
14285,00
16666,00
14285,00
3571,00
3333,00
2325,00
14285,00
7692,00
11111,00
14285,00
10000,00
12500,00
1612,00
1408,00
1369,00
5555,00
4761,00
5882,00
16666,00
9090,00
6250,00
2941,00
4347,00
2173,00
7692,00
25000,00
9090,00
10000,00
9090,00
11111,00
2272,00
3225,00
1886,00
8333,00
9090,00
11111,00
8333,00
14285,00
16666,00
1123,00
1369,00
909,00
7692,00
6666,00
4545,00
6250,00
9090,00
6666,00
8333,00
10000,00
5263,00
12500,00
7142,00
8333,00
50000,00
5555,00
50000,00
5000,00
2777,00
2777,00
14285,00
6666,00
11111,00
6666,00
5263,00
14285,00
1470,00
1612,00
1639,00
6250,00
6666,00
5882,00
11111,00
20000,00
14285,00
10000,00
8333,00
6250,00
20000,00
10000,00
12500,00
25000,00
14285,00
20000,00
4761,00
4000,00
4545,00
20000,00
6250,00
7142,00
14285,00
9090,00
20000,00
2325,00
1785,00
1612,00
11111,00
5000,00
6250,00
20000,00
16666,00
12500,00
4761,00
8333,00
3846,00
16666,00
20000,00
11111,00
16666,00
50000,00
25000,00
3448,00
2941,00
3448,00
25000,00
8333,00
11111,00
14285,00
4166,00
14285,00
1785,00
1886,00
1754,00
7692,00
6250,00
5882,00
12500,00
12500,00
11111,00
8333,00
7692,00
9090,00
33333,00
16666,00
20000,00
20000,00
6250,00
25000,00
4166,00
4347,00
3846,00
14285,00
9090,00
7692,00
9090,00
16666,00
7692,00
1851,00
2222,00
2000,00
7142,00
7692,00
6250,00
10000,00
7692,00
14285,00
9090,00
10000,00
6250,00
20000,00
20000,00
33333,00
100000,00
33333,00
33333,00
5882,00
5555,00
4545,00
50000,00
25000,00
33333,00
12500,00
25000,00
10000,00
2777,00
2380,00
2439,00
11111,00
14285,00
7692,00
16666,00
20000,00
33333,00
5263,00
9090,00
4761,00
50000,00
33333,00
14285,00
16666,00
33333,00
50000,00
5263,00
5555,00
3225,00
14285,00
7692,00
9090,00
20000,00
33333,00
25000,00
1724,00
2083,00
1408,00
6666,00
6250,00
8333,00
8333,00
6666,00
5882,00
169,00
311,00
153,00
1190,00
1388,00
925,00
1449,00
2083,00
900,00
156,00
158,00
93,00
847,00
675,00
446,00
1470,00
1754,00
943,00
32,00
42,00
21,00
319,00
316,00
212,00
476,00
735,00
332,00
215,00
284,00
152,00
1408,00
1785,00
869,00
2325,00
2702,00
1428,00
137,00
128,00
88,00
943,00
595,00
458,00
1562,00
1923,00
952,00
38,00
32,00
21,00
318,00
263,00
185,00
724,00
757,00
442,00
127,00
179,00
89,00
909,00
1176,00
568,00
1204,00
1851,00
862,00
87,00
110,00
59,00
617,00
675,00
384,00
1136,00
1388,00
740,00
24,00
29,00
12,00
266,00
215,00
141,00
400,00
512,00
204,00
465,00
568,00
314,00
2127,00
2631,00
1470,00
2777,00
3703,00
2127,00
287,00
223,00
146,00
1369,00
1010,00
769,00
2564,00
2857,00
1587,00
71,00
63,00
42,00
456,00
487,00
313,00
892,00
1176,00
684,00
363,00
476,00
263,00
2325,00
2173,00
1694,00
3125,00
3703,00
2272,00
238,00
165,00
136,00
1369,00
478,00
588,00
2702,00
3030,00
1587,00
59,00
41,00
32,00
456,00
284,00
261,00
1234,00
1098,00
724,00
232,00
322,00
167,00
1587,00
2083,00
970,00
2564,00
3448,00
1694,00
150,00
204,00
108,00
943,00
884,00
724,00
1886,00
2222,00
1282,00
56,00
47,00
30,00
432,00
304,00
233,00
925,00
854,00
497,00
469,00
645,00
346,00
2083,00
3448,00
2127,00
1754,00
2702,00
1724,00
334,00
292,00
192,00
1333,00
1052,00
934,00
1960,00
2941,00
2380,00
60,00
82,00
39,00
510,00
581,00
366,00
653,00
1298,00
510,00
420,00
531,00
305,00
2222,00
3333,00
1724,00
3448,00
4761,00
2941,00
287,00
318,00
203,00
2083,00
1639,00
952,00
2857,00
4347,00
2173,00
76,00
77,00
48,00
625,00
515,00
362,00
1052,00
1612,00
826,00
255,00
363,00
187,00
1694,00
2222,00
1123,00
1923,00
3333,00
1315,00
181,00
234,00
129,00
1030,00
1176,00
719,00
1886,00
2777,00
1587,00
46,00
62,00
26,00
408,00
378,00
237,00
518,00
934,00
257,00
990,00
1449,00
819,00
5000,00
6666,00
3030,00
7142,00
6250,00
8333,00
740,00
1063,00
606,00
3333,00
3448,00
2380,00
3703,00
7142,00
6666,00
321,00
398,00
261,00
1333,00
1562,00
1388,00
4347,00
4166,00
3030,00
943,00
1204,00
671,00
2857,00
4761,00
2631,00
10000,00
7142,00
4545,00
680,00
869,00
502,00
5263,00
2564,00
2173,00
9090,00
7142,00
2857,00
363,00
364,00
237,00
694,00
1408,00
1041,00
3448,00
4761,00
2941,00
574,00
740,00
418,00
3333,00
5882,00
2439,00
5882,00
7692,00
4761,00
403,00
537,00
290,00
2702,00
3448,00
2000,00
5000,00
7142,00
4166,00
250,00
302,00
179,00
1562,00
1538,00
934,00
2941,00
3448,00
1694,00
1724,00
2777,00
1428,00
10000,00
11111,00
5263,00
12500,00
12500,00
10000,00
1538,00
1351,00
990,00
5555,00
4347,00
3333,00
10000,00
10000,00
16666,00
537,00
578,00
352,00
2325,00
2857,00
1470,00
5263,00
10000,00
5263,00
1449,00
1886,00
1190,00
7692,00
8333,00
6250,00
14285,00
10000,00
7692,00
1111,00
680,00
769,00
3225,00
980,00
1724,00
8333,00
8333,00
5263,00
574,00
330,00
292,00
2127,00
990,00
1298,00
5555,00
7142,00
4347,00
961,00
1369,00
735,00
7692,00
10000,00
4000,00
11111,00
20000,00
8333,00
781,00
1030,00
537,00
3703,00
3846,00
2941,00
8333,00
10000,00
8333,00
446,00
505,00
299,00
2500,00
1754,00
1315,00
4545,00
7692,00
3846,00
2127,00
2857,00
1492,00
6250,00
5882,00
6666,00
11111,00
7142,00
33333,00
1204,00
1388,00
952,00
4347,00
3448,00
3571,00
3333,00
8333,00
10000,00
571,00
704,00
390,00
2127,00
2564,00
2000,00
7692,00
7142,00
4166,00
1694,00
2439,00
1369,00
5555,00
8333,00
4347,00
14285,00
14285,00
14285,00
1408,00
1851,00
1030,00
10000,00
6250,00
4166,00
25000,00
25000,00
14285,00
625,00
653,00
377,00
3125,00
2272,00
1190,00
6666,00
5882,00
4545,00
1086,00
1515,00
925,00
7692,00
9090,00
6250,00
11111,00
12500,00
10000,00
877,00
1136,00
617,00
5000,00
5263,00
2857,00
9090,00
8333,00
5555,00
502,00
510,00
280,00
2380,00
2702,00
970,00
5555,00
5263,00
1851,00
1449,00
2173,00
1176,00
5000,00
10000,00
5882,00
6250,00
11111,00
4166,00
1315,00
1408,00
632,00
4347,00
5263,00
3846,00
4347,00
10000,00
6250,00
381,00
606,00
236,00
2439,00
3703,00
2127,00
2272,00
5882,00
2173,00
1587,00
1785,00
1204,00
6666,00
10000,00
6250,00
10000,00
16666,00
9090,00
1149,00
1282,00
819,00
5555,00
5263,00
3846,00
6250,00
7142,00
9090,00
558,00
602,00
352,00
2777,00
3125,00
2272,00
5263,00
8333,00
2941,00
1063,00
1219,00
751,00
5882,00
11111,00
5000,00
5000,00
10000,00
5000,00
787,00
1041,00
540,00
4761,00
4761,00
3225,00
5555,00
9090,00
6250,00
255,00
462,00
198,00
2777,00
2564,00
1612,00
2439,00
4761,00
1204,00
2857,00
3571,00
2127,00
7692,00
6250,00
11111,00
10000,00
9090,00
7692,00
1538,00
1694,00
763,00
8333,00
7142,00
6250,00
8333,00
11111,00
9090,00
709,00
854,00
454,00
2941,00
4166,00
2857,00
4000,00
10000,00
5555,00
2500,00
3125,00
1923,00
9090,00
16666,00
9090,00
16666,00
9090,00
10000,00
1851,00
1818,00
1538,00
14285,00
4761,00
5000,00
11111,00
16666,00
9090,00
869,00
840,00
564,00
3703,00
4545,00
2857,00
5882,00
4166,00
4347,00
1754,00
1960,00
1315,00
10000,00
14285,00
8333,00
9090,00
20000,00
11111,00
1234,00
1515,00
943,00
7692,00
5882,00
7692,00
9090,00
10000,00
9090,00
689,00
757,00
483,00
3448,00
2173,00
1886,00
6250,00
7142,00
5000,00
1315,00
2941,00
1851,00
6666,00
6666,00
9090,00
4000,00
2857,00
4347,00
1492,00
1639,00
1282,00
5882,00
3846,00
5882,00
7692,00
10000,00
14285,00
454,00
847,00
367,00
3225,00
3125,00
2702,00
2222,00
4761,00
2127,00
2127,00
3448,00
2040,00
10000,00
16666,00
11111,00
16666,00
11111,00
14285,00
1851,00
2272,00
1428,00
8333,00
5882,00
6250,00
8333,00
11111,00
7692,00
787,00
1111,00
552,00
5555,00
3703,00
3703,00
8333,00
8333,00
4000,00
1136,00
2272,00
1470,00
10000,00
12500,00
7692,00
7142,00
12500,00
4545,00
1333,00
1639,00
1063,00
6666,00
3571,00
3448,00
8333,00
12500,00
5882,00
336,00
729,00
202,00
2857,00
2702,00
1492,00
1851,00
4347,00
272,00
