13,00
58,00
76,00
249,00
688,00
717,00
535,00
1244,00
1291,00
26,00
71,00
116,00
411,00
922,00
1201,00
771,00
1986,00
2198,00
25,00
71,00
81,00
434,00
1147,00
1174,00
826,00
2198,00
1693,00
38,00
100,00
146,00
301,00
737,00
839,00
629,00
1614,00
1812,00
42,00
101,00
188,00
489,00
1135,00
1434,00
875,00
2295,00
2869,00
51,00
125,00
169,00
496,00
1341,00
1565,00
983,00
2519,00
2951,00
39,00
114,00
118,00
216,00
524,00
600,00
461,00
1135,00
1244,00
59,00
156,00
186,00
349,00
800,00
1003,00
702,00
1751,00
2152,00
52,00
153,00
135,00
378,00
1033,00
1033,00
788,00
2066,00
1693,00
95,00
228,00
285,00
546,00
1275,00
1666,00
1110,00
2869,00
3130,00
138,00
269,00
395,00
800,00
2198,00
2519,00
1396,00
3826,00
4491,00
141,00
257,00
330,00
826,00
2025,00
2066,00
1639,00
3689,00
3826,00
112,00
298,00
314,00
555,00
1497,00
1751,00
1187,00
3038,00
3332,00
180,00
402,00
503,00
930,00
2582,00
3228,00
1844,00
4696,00
4919,00
188,00
374,00
535,00
1003,00
2459,00
3130,00
1949,00
4304,00
5165,00
78,00
193,00
225,00
426,00
1110,00
1475,00
906,00
2348,00
2718,00
138,00
352,00
391,00
693,00
2108,00
2582,00
1415,00
3562,00
4696,00
143,00
362,00
419,00
732,00
2152,00
2519,00
1497,00
4304,00
4304,00
121,00
319,00
307,00
637,00
1565,00
1751,00
1244,00
3228,00
3826,00
187,00
453,00
443,00
939,00
2459,00
2519,00
1666,00
4919,00
5165,00
184,00
485,00
398,00
956,00
2295,00
2649,00
1878,00
4304,00
4491,00
162,00
361,00
385,00
833,00
1986,00
2152,00
1519,00
3973,00
4919,00
245,00
629,00
590,00
1244,00
3562,00
4132,00
2066,00
5437,00
6887,00
262,00
633,00
675,00
1396,00
3689,00
4304,00
2348,00
6457,00
8609,00
117,00
296,00
296,00
658,00
1844,00
1878,00
1160,00
3130,00
2649,00
180,00
449,00
501,00
983,00
2402,00
2792,00
1693,00
4491,00
5437,00
175,00
478,00
388,00
1065,00
2295,00
3332,00
1949,00
4919,00
2869,00
18,00
50,00
94,00
389,00
794,00
898,00
819,00
2025,00
2198,00
17,00
43,00
90,00
506,00
983,00
1341,00
1174,00
2649,00
3130,00
25,00
56,00
87,00
543,00
1229,00
1359,00
1275,00
2951,00
3038,00
32,00
75,00
160,00
439,00
1174,00
1135,00
914,00
2519,00
2792,00
24,00
43,00
115,00
653,00
826,00
1986,00
1396,00
2951,00
3826,00
37,00
76,00
126,00
684,00
1542,00
1844,00
1565,00
3826,00
4491,00
55,00
140,00
202,00
403,00
1087,00
1122,00
698,00
1878,00
2348,00
54,00
127,00
174,00
580,00
1639,00
1639,00
974,00
2718,00
3332,00
60,00
133,00
161,00
641,00
1475,00
1844,00
1087,00
2792,00
3562,00
130,00
296,00
409,00
890,00
1781,00
2198,00
1497,00
4132,00
4919,00
130,00
247,00
467,00
1244,00
2348,00
3562,00
2245,00
5739,00
7379,00
145,00
255,00
443,00
1229,00
2649,00
3228,00
2348,00
6077,00
7379,00
185,00
439,00
555,00
1076,00
2519,00
3689,00
1812,00
5165,00
6457,00
120,00
149,00
457,00
1135,00
666,00
3038,00
2792,00
7379,00
8609,00
227,00
358,00
580,00
1565,00
2649,00
4919,00
2792,00
7379,00
10331,00
153,00
385,00
437,00
868,00
2152,00
2152,00
1455,00
3826,00
4696,00
223,00
469,00
679,00
1259,00
3443,00
3826,00
2025,00
6077,00
7379,00
225,00
443,00
538,00
1341,00
2718,00
2792,00
2295,00
6457,00
6887,00
206,00
499,00
535,00
1022,00
2245,00
2519,00
1844,00
5165,00
6077,00
260,00
549,00
573,00
1497,00
4491,00
4696,00
1639,00
4696,00
9392,00
306,00
552,00
653,00
1415,00
3562,00
3826,00
2649,00
7947,00
10331,00
253,00
641,00
727,00
1291,00
3973,00
1519,00
2245,00
6077,00
7947,00
386,00
645,00
800,00
2025,00
3973,00
5739,00
3038,00
4491,00
3332,00
378,00
564,00
688,00
1986,00
4304,00
4919,00
3443,00
9392,00
6077,00
193,00
491,00
561,00
1003,00
2718,00
2649,00
1721,00
4304,00
5437,00
285,00
679,00
722,00
1377,00
4132,00
4919,00
2459,00
6457,00
6457,00
297,00
670,00
629,00
1639,00
3689,00
3973,00
2792,00
8609,00
7379,00
11,00
41,00
54,00
322,00
813,00
860,00
675,00
1844,00
1455,00
17,00
42,00
70,00
485,00
1087,00
1244,00
1054,00
2582,00
2869,00
15,00
45,00
49,00
395,00
1003,00
956,00
819,00
2582,00
1259,00
29,00
72,00
122,00
457,00
1147,00
1324,00
794,00
2066,00
2459,00
27,00
60,00
115,00
727,00
1434,00
2025,00
1187,00
3130,00
3689,00
29,00
64,00
88,00
597,00
1341,00
1475,00
1341,00
3332,00
3689,00
33,00
103,00
103,00
323,00
839,00
914,00
521,00
1589,00
1614,00
45,00
110,00
147,00
501,00
1291,00
1519,00
853,00
2295,00
2582,00
31,00
91,00
71,00
529,00
1201,00
1229,00
983,00
2519,00
1259,00
111,00
228,00
327,00
611,00
1497,00
1913,00
1377,00
3443,00
4304,00
113,00
231,00
329,00
974,00
2792,00
3562,00
1812,00
4696,00
5165,00
113,00
223,00
301,00
1043,00
2348,00
2459,00
2025,00
4491,00
5165,00
163,00
342,00
487,00
860,00
1878,00
2582,00
1589,00
4491,00
5165,00
168,00
288,00
487,00
1359,00
2869,00
4304,00
2198,00
6457,00
7947,00
175,00
289,00
382,00
1415,00
2519,00
2718,00
2519,00
6887,00
7947,00
122,00
314,00
353,00
590,00
1565,00
2025,00
1244,00
3228,00
4304,00
180,00
386,00
467,00
1012,00
2459,00
3228,00
1844,00
4696,00
5739,00
188,00
340,00
363,00
1076,00
2582,00
2951,00
2025,00
5165,00
5437,00
157,00
403,00
378,00
732,00
1721,00
1913,00
1565,00
3973,00
2869,00
231,00
494,00
473,00
1065,00
2951,00
3332,00
2198,00
6077,00
6887,00
163,00
453,00
309,00
1147,00
3228,00
3332,00
2402,00
5437,00
3562,00
211,00
524,00
570,00
1099,00
2792,00
3562,00
1812,00
5165,00
6077,00
314,00
702,00
807,00
1542,00
4132,00
5165,00
2582,00
7379,00
7947,00
314,00
552,00
552,00
1844,00
4491,00
4919,00
2869,00
8609,00
6457,00
160,00
414,00
408,00
890,00
2348,00
2459,00
1497,00
3826,00
3443,00
238,00
666,00
727,00
1244,00
3562,00
4132,00
2108,00
5739,00
6887,00
184,00
508,00
258,00
1519,00
3038,00
2951,00
1878,00
5437,00
1187,00
137,00
362,00
516,00
1135,00
1878,00
2459,00
2152,00
5739,00
6077,00
195,00
459,00
633,00
1878,00
3332,00
5165,00
3130,00
8609,00
10331,00
209,00
453,00
614,00
1721,00
3562,00
3228,00
3332,00
10331,00
10331,00
287,00
463,00
727,00
1589,00
4132,00
5165,00
2582,00
7379,00
8609,00
299,00
614,00
1022,00
2295,00
3973,00
6457,00
3826,00
11479,00
11479,00
340,00
564,00
890,00
2348,00
3826,00
4919,00
4132,00
11479,00
12914,00
230,00
600,00
641,00
1259,00
3228,00
3562,00
2025,00
5739,00
6887,00
318,00
833,00
890,00
1812,00
3443,00
5165,00
2869,00
7947,00
9392,00
349,00
737,00
993,00
1878,00
3973,00
4919,00
3130,00
9392,00
10331,00
443,00
833,00
1359,00
2402,00
4919,00
4491,00
4696,00
14759,00
12914,00
564,00
629,00
1396,00
3973,00
6457,00
6457,00
6457,00
7379,00
20663,00
600,00
868,00
1229,00
3826,00
3130,00
4132,00
6887,00
17219,00
17219,00
590,00
1291,00
1415,00
3130,00
6887,00
6887,00
5739,00
17219,00
14759,00
868,00
1215,00
2152,00
4919,00
3228,00
6077,00
8609,00
17219,00
20663,00
922,00
1614,00
2519,00
4696,00
5165,00
7379,00
8609,00
8609,00
25828,00
469,00
1076,00
1147,00
2402,00
5437,00
5165,00
4696,00
10331,00
11479,00
707,00
1147,00
1812,00
4132,00
6887,00
6887,00
6457,00
14759,00
20663,00
759,00
1519,00
1949,00
3332,00
5739,00
4919,00
7947,00
12914,00
20663,00
597,00
1497,00
1589,00
3038,00
7379,00
7379,00
5739,00
14759,00
14759,00
906,00
2459,00
2198,00
4919,00
12914,00
12914,00
7379,00
12914,00
9392,00
914,00
2066,00
2108,00
5165,00
7379,00
6077,00
8609,00
17219,00
14759,00
679,00
1639,00
1844,00
4304,00
7379,00
6077,00
6887,00
10331,00
25828,00
1135,00
3130,00
3332,00
5437,00
12914,00
17219,00
8609,00
17219,00
25828,00
1229,00
2869,00
3228,00
6457,00
9392,00
9392,00
11479,00
25828,00
20663,00
501,00
1187,00
1434,00
2519,00
6077,00
6077,00
5437,00
12914,00
12914,00
800,00
2152,00
2245,00
4696,00
11479,00
12914,00
7947,00
20663,00
25828,00
800,00
2066,00
2066,00
4304,00
10331,00
6077,00
9392,00
25828,00
12914,00
161,00
339,00
611,00
1324,00
1519,00
4132,00
2951,00
7379,00
8609,00
153,00
307,00
593,00
1878,00
2402,00
4919,00
4919,00
11479,00
12914,00
189,00
411,00
688,00
1986,00
3228,00
4696,00
4919,00
9392,00
17219,00
280,00
514,00
1022,00
1949,00
2459,00
4919,00
3689,00
10331,00
10331,00
200,00
244,00
717,00
2459,00
1341,00
9392,00
6077,00
5739,00
11479,00
324,00
535,00
853,00
2519,00
2951,00
5165,00
5739,00
14759,00
14759,00
347,00
743,00
983,00
1878,00
3826,00
5437,00
2869,00
7947,00
9392,00
361,00
732,00
1110,00
2649,00
3562,00
5437,00
4491,00
11479,00
10331,00
419,00
679,00
930,00
2792,00
5739,00
6887,00
4491,00
14759,00
12914,00
593,00
1275,00
2245,00
3332,00
4304,00
6457,00
6077,00
14759,00
12914,00
679,00
1065,00
2198,00
3689,00
2951,00
6887,00
9392,00
25828,00
34438,00
813,00
1324,00
2649,00
6887,00
5739,00
6887,00
11479,00
25828,00
20663,00
939,00
1639,00
2245,00
4919,00
4132,00
12914,00
7947,00
20663,00
20663,00
453,00
355,00
1396,00
2295,00
274,00
3689,00
12914,00
11479,00
14759,00
1160,00
1721,00
3038,00
7947,00
6077,00
11479,00
12914,00
20663,00
17219,00
693,00
1721,00
1844,00
4304,00
6887,00
8609,00
6887,00
17219,00
20663,00
1043,00
1844,00
2718,00
4696,00
4919,00
11479,00
9392,00
17219,00
12914,00
1147,00
2108,00
2108,00
6457,00
6077,00
6457,00
10331,00
17219,00
14759,00
875,00
2245,00
2152,00
4919,00
8609,00
10331,00
7947,00
14759,00
34438,00
1455,00
3130,00
3826,00
6077,00
8609,00
17219,00
11479,00
17219,00
25828,00
1434,00
2649,00
4491,00
8609,00
8609,00
12914,00
12914,00
34438,00
34438,00
1099,00
3130,00
3562,00
5165,00
12914,00
20663,00
9392,00
34438,00
20663,00
1812,00
2792,00
4696,00
8609,00
5165,00
20663,00
12914,00
6457,00
8609,00
1781,00
2951,00
5165,00
8609,00
6457,00
10331,00
17219,00
14759,00
17219,00
776,00
2108,00
2198,00
4491,00
8609,00
11479,00
7947,00
17219,00
17219,00
1215,00
2718,00
3443,00
6457,00
6887,00
10331,00
10331,00
20663,00
51657,00
1275,00
2459,00
2951,00
6887,00
4304,00
5739,00
14759,00
14759,00
14759,00
151,00
356,00
552,00
1174,00
2295,00
2869,00
2718,00
7379,00
6887,00
163,00
349,00
496,00
1751,00
3228,00
3443,00
3973,00
9392,00
6887,00
173,00
338,00
463,00
1497,00
2582,00
3332,00
4919,00
12914,00
8609,00
297,00
546,00
993,00
1949,00
3826,00
3826,00
3038,00
9392,00
7947,00
278,00
428,00
922,00
3038,00
3689,00
6887,00
4696,00
12914,00
17219,00
250,00
435,00
684,00
2198,00
2582,00
4696,00
5165,00
14759,00
17219,00
300,00
645,00
906,00
1542,00
2951,00
3443,00
2402,00
6887,00
7947,00
395,00
698,00
1135,00
2108,00
4491,00
5437,00
3332,00
9392,00
11479,00
355,00
637,00
732,00
2459,00
3228,00
4132,00
4132,00
12914,00
6887,00
532,00
1259,00
1751,00
2198,00
5165,00
4132,00
5739,00
14759,00
17219,00
611,00
1099,00
1307,00
3332,00
10331,00
7379,00
8609,00
6887,00
17219,00
658,00
1135,00
1519,00
3228,00
4919,00
6887,00
9392,00
25828,00
25828,00
748,00
1639,00
2582,00
4132,00
5739,00
10331,00
6457,00
12914,00
20663,00
1076,00
1341,00
2951,00
6077,00
3973,00
6887,00
10331,00
10331,00
34438,00
906,00
1542,00
2066,00
4919,00
4304,00
5165,00
10331,00
25828,00
25828,00
597,00
1359,00
1614,00
3443,00
4696,00
8609,00
5437,00
14759,00
17219,00
853,00
1359,00
2108,00
4919,00
6887,00
7947,00
7947,00
4132,00
14759,00
906,00
1324,00
1949,00
5739,00
3826,00
5739,00
9392,00
34438,00
12914,00
800,00
1949,00
2582,00
4304,00
7379,00
9392,00
7379,00
20663,00
20663,00
1187,00
2066,00
2649,00
6077,00
11479,00
17219,00
9392,00
34438,00
34438,00
1291,00
1949,00
2649,00
6457,00
6887,00
7379,00
11479,00
20663,00
20663,00
922,00
2649,00
3038,00
4919,00
12914,00
17219,00
7947,00
25828,00
17219,00
1359,00
3826,00
4696,00
7379,00
11479,00
20663,00
11479,00
34438,00
51657,00
1475,00
2869,00
3689,00
7379,00
11479,00
7947,00
14759,00
20663,00
25828,00
743,00
2025,00
2245,00
3973,00
10331,00
11479,00
6457,00
17219,00
14759,00
1065,00
2869,00
3826,00
5739,00
17219,00
12914,00
9392,00
25828,00
34438,00
1244,00
2649,00
2402,00
6457,00
4491,00
4696,00
8609,00
11479,00
7947,00
257,00
922,00
485,00
2025,00
4919,00
3973,00
3038,00
7947,00
2951,00
449,00
898,00
868,00
2718,00
7379,00
5165,00
4304,00
12914,00
6887,00
439,00
1122,00
748,00
2869,00
7947,00
7947,00
4696,00
11479,00
8609,00
465,00
1215,00
1215,00
2295,00
5739,00
7947,00
3443,00
10331,00
6887,00
684,00
1434,00
1455,00
3228,00
9392,00
9392,00
5437,00
14759,00
11479,00
737,00
1565,00
1519,00
3228,00
11479,00
10331,00
5437,00
14759,00
11479,00
357,00
965,00
833,00
1878,00
4919,00
6457,00
3130,00
8609,00
4491,00
473,00
1307,00
1229,00
2582,00
6457,00
7947,00
3973,00
10331,00
11479,00
524,00
524,00
1455,00
2792,00
6457,00
7947,00
4491,00
6457,00
4304,00
717,00
1949,00
2295,00
3973,00
11479,00
9392,00
6887,00
20663,00
11479,00
1110,00
2792,00
2402,00
5739,00
14759,00
6887,00
8609,00
20663,00
14759,00
1174,00
2792,00
2869,00
4919,00
11479,00
8609,00
9392,00
20663,00
20663,00
906,00
2459,00
2582,00
4919,00
11479,00
17219,00
7379,00
25828,00
25828,00
1359,00
3826,00
3826,00
6887,00
17219,00
11479,00
11479,00
20663,00
17219,00
1415,00
3826,00
4132,00
7947,00
10331,00
14759,00
12914,00
51657,00
51657,00
722,00
1878,00
2025,00
3973,00
9392,00
6077,00
5437,00
20663,00
7379,00
1033,00
2649,00
2649,00
5739,00
6887,00
11479,00
7379,00
14759,00
17219,00
1187,00
3038,00
3228,00
6457,00
12914,00
7947,00
10331,00
17219,00
7379,00
782,00
2198,00
2152,00
4919,00
14759,00
17219,00
7379,00
25828,00
9392,00
1324,00
3562,00
3973,00
6887,00
14759,00
14759,00
11479,00
25828,00
20663,00
1396,00
3130,00
1076,00
7379,00
17219,00
10331,00
12914,00
11479,00
12914,00
974,00
2792,00
2718,00
5739,00
14759,00
14759,00
8609,00
20663,00
14759,00
1519,00
3973,00
5165,00
8609,00
25828,00
25828,00
14759,00
51657,00
25828,00
1751,00
4696,00
4696,00
8609,00
20663,00
20663,00
7379,00
17219,00
25828,00
748,00
1812,00
2348,00
4304,00
9392,00
6887,00
3443,00
8609,00
4491,00
1244,00
3443,00
4304,00
7379,00
9392,00
17219,00
12914,00
17219,00
11479,00
1396,00
3130,00
2025,00
7947,00
9392,00
6457,00
7379,00
5739,00
1187,00
469,00
1087,00
1065,00
2792,00
4696,00
4132,00
4491,00
5165,00
8609,00
467,00
993,00
1076,00
3689,00
6887,00
6887,00
3562,00
14759,00
10331,00
593,00
1229,00
1229,00
3826,00
7947,00
8609,00
7379,00
20663,00
10331,00
737,00
1455,00
2066,00
3443,00
10331,00
11479,00
5165,00
14759,00
11479,00
717,00
1122,00
1639,00
5165,00
11479,00
17219,00
7379,00
17219,00
10331,00
782,00
1639,00
1455,00
1913,00
12914,00
9392,00
8609,00
25828,00
17219,00
519,00
1377,00
1639,00
2295,00
6457,00
7947,00
4304,00
11479,00
14759,00
722,00
1614,00
1751,00
3689,00
9392,00
7947,00
5739,00
11479,00
12914,00
839,00
2198,00
1844,00
3826,00
8609,00
9392,00
6457,00
17219,00
17219,00
1135,00
3038,00
3038,00
4304,00
10331,00
12914,00
10331,00
25828,00
34438,00
1721,00
3826,00
5165,00
6887,00
9392,00
8609,00
12914,00
51657,00
51657,00
1781,00
3826,00
4696,00
6887,00
12914,00
14759,00
14759,00
51657,00
51657,00
1396,00
3973,00
4304,00
7947,00
17219,00
17219,00
11479,00
25828,00
20663,00
2108,00
3562,00
3973,00
10331,00
6077,00
7947,00
20663,00
14759,00
17219,00
2295,00
5437,00
7947,00
12914,00
12914,00
14759,00
20663,00
25828,00
34438,00
993,00
2519,00
2718,00
5437,00
11479,00
7947,00
9392,00
25828,00
34438,00
1519,00
4132,00
4132,00
7379,00
11479,00
9392,00
10331,00
25828,00
17219,00
1781,00
4919,00
4491,00
9392,00
11479,00
17219,00
14759,00
34438,00
17219,00
1434,00
3689,00
3826,00
6887,00
6887,00
20663,00
12914,00
25828,00
34438,00
1949,00
4304,00
4491,00
6887,00
14759,00
20663,00
14759,00
17219,00
51657,00
2295,00
5437,00
4304,00
9392,00
25828,00
12914,00
17219,00
25828,00
25828,00
1693,00
4696,00
5739,00
7379,00
17219,00
17219,00
17219,00
25828,00
17219,00
2459,00
5437,00
3826,00
9392,00
12914,00
12914,00
10331,00
4491,00
1033,00
2459,00
5739,00
4132,00
10331,00
17219,00
3228,00
20663,00
11479,00
1639,00
1201,00
3228,00
3443,00
6457,00
10331,00
17219,00
9392,00
20663,00
14759,00
1812,00
4919,00
5165,00
10331,00
17219,00
25828,00
17219,00
20663,00
14759,00
1913,00
4696,00
5165,00
9392,00
14759,00
11479,00
11479,00
14759,00
10331,00
294,00
974,00
819,00
2402,00
6077,00
6887,00
3973,00
10331,00
4919,00
403,00
890,00
1122,00
3332,00
7947,00
11479,00
5165,00
14759,00
10331,00
321,00
947,00
684,00
2718,00
8609,00
9392,00
3826,00
12914,00
6887,00
604,00
1497,00
1666,00
2869,00
7947,00
7379,00
4304,00
12914,00
14759,00
782,00
1455,00
1844,00
3826,00
10331,00
12914,00
6457,00
20663,00
20663,00
684,00
1475,00
1519,00
4304,00
11479,00
14759,00
6457,00
17219,00
20663,00
439,00
1122,00
1229,00
2348,00
5739,00
6457,00
3689,00
10331,00
7947,00
641,00
1666,00
2066,00
3130,00
8609,00
11479,00
4919,00
14759,00
20663,00
567,00
1187,00
743,00
3689,00
6887,00
6457,00
5739,00
11479,00
4132,00
993,00
2649,00
3038,00
4919,00
8609,00
8609,00
7947,00
20663,00
17219,00
1324,00
2951,00
4132,00
7947,00
20663,00
25828,00
11479,00
34438,00
14759,00
1497,00
3228,00
3973,00
7947,00
17219,00
14759,00
12914,00
51657,00
34438,00
1135,00
3130,00
3689,00
6077,00
17219,00
20663,00
10331,00
34438,00
25828,00
1542,00
4696,00
5165,00
8609,00
20663,00
25828,00
12914,00
20663,00
17219,00
1693,00
4491,00
5437,00
9392,00
14759,00
11479,00
14759,00
25828,00
25828,00
906,00
2519,00
2792,00
5165,00
12914,00
17219,00
8609,00
20663,00
25828,00
1275,00
3443,00
4132,00
7379,00
14759,00
12914,00
11479,00
12914,00
14759,00
1475,00
3973,00
4304,00
8609,00
11479,00
7947,00
12914,00
20663,00
12914,00
1099,00
3130,00
3228,00
6077,00
17219,00
20663,00
9392,00
14759,00
11479,00
1666,00
4304,00
4696,00
7947,00
11479,00
25828,00
14759,00
25828,00
25828,00
1844,00
3689,00
2718,00
10331,00
11479,00
12914,00
11479,00
17219,00
9392,00
1396,00
3689,00
4304,00
6887,00
17219,00
25828,00
11479,00
20663,00
25828,00
1986,00
5165,00
6887,00
10331,00
20663,00
25828,00
20663,00
17219,00
17219,00
2245,00
5739,00
5437,00
12914,00
14759,00
20663,00
17219,00
12914,00
8609,00
983,00
2582,00
2869,00
5739,00
14759,00
11479,00
6887,00
9392,00
7947,00
1565,00
4132,00
5165,00
7947,00
14759,00
17219,00
14759,00
20663,00
10331,00
1359,00
3038,00
1122,00
6457,00
8609,00
6077,00
4919,00
8609,00
524,00
