





































































































































































































































































































































































































































































































































































































































































































































































































































































































































































































































































































































757,00
4761,00
3030,00
5882,00
2777,00
1886,00
2000,00
6250,00
2631,00
2777,00
11111,00
5263,00
4000,00
1754,00
1818,00
970,00
4545,00
3125,00
2000,00
5000,00
4166,00
3030,00
3571,00
1724,00
1851,00
7142,00
3030,00
4166,00
9090,00
2941,00
5263,00
2272,00
2777,00
1639,00
6250,00
4166,00
3703,00
6250,00
5263,00
2380,00
211,00
173,00
81,00
1265,00
680,00
374,00
1612,00
1265,00
800,00
704,00
406,00
319,00
2083,00
1136,00
869,00
3333,00
2325,00
1587,00
729,00
699,00
473,00
2083,00
2500,00
1562,00
2941,00
2702,00
1785,00
649,00
384,00
210,00
1428,00
925,00
432,00
3703,00
2127,00
1315,00
980,00
418,00
381,00
1886,00
367,00
458,00
3448,00
2325,00
2127,00
1136,00
990,00
645,00
2564,00
2439,00
1190,00
3846,00
3846,00
2439,00
862,00
769,00
404,00
1785,00
1515,00
1052,00
2777,00
2127,00
1408,00
1562,00
1052,00
854,00
2777,00
2000,00
1428,00
4545,00
3703,00
2127,00
1265,00
1136,00
709,00
2439,00
2702,00
1754,00
3225,00
4166,00
1388,00
1265,00
1886,00
671,00
4545,00
5000,00
2941,00
7142,00
2272,00
3448,00
4000,00
2777,00
2500,00
6666,00
7142,00
5263,00
9090,00
10000,00
5263,00
3571,00
3448,00
2083,00
7142,00
7142,00
4761,00
10000,00
5555,00
5000,00
3333,00
2380,00
1851,00
6666,00
6250,00
2500,00
9090,00
5555,00
5555,00
6250,00
4000,00
2777,00
8333,00
4166,00
4545,00
12500,00
6666,00
6250,00
5000,00
2941,00
2857,00
6250,00
5555,00
6666,00
9090,00
5882,00
10000,00
2631,00
2631,00
1724,00
4761,00
4347,00
2941,00
4545,00
7142,00
5000,00
5000,00
3448,00
2325,00
9090,00
7692,00
5555,00
8333,00
11111,00
7692,00
4347,00
4166,00
2500,00
5555,00
6666,00
6666,00
5555,00
4761,00
5555,00
1333,00
1470,00
564,00
4761,00
5000,00
2272,00
6250,00
4545,00
3571,00
2857,00
2083,00
1639,00
7692,00
5882,00
2941,00
5555,00
3225,00
4545,00
2564,00
4000,00
2040,00
5000,00
7142,00
4761,00
7142,00
6666,00
6666,00
3225,00
2439,00
1538,00
5555,00
3448,00
2083,00
8333,00
4166,00
6666,00
2380,00
1694,00
2500,00
9090,00
2439,00
5882,00
458,00
349,00
4166,00
7142,00
4761,00
3846,00
7692,00
4545,00
6666,00
14285,00
5555,00
7142,00
3125,00
2777,00
1851,00
5263,00
5263,00
3448,00
4000,00
7142,00
5555,00
5000,00
3448,00
3225,00
10000,00
10000,00
5000,00
7692,00
2500,00
7142,00
4347,00
5882,00
2941,00
4545,00
7692,00
6666,00
10000,00
7692,00
6666,00
396,00
409,00
157,00
1923,00
1886,00
806,00
1666,00
1515,00
943,00
1449,00
869,00
591,00
3448,00
3333,00
1754,00
5000,00
4347,00
3125,00
1075,00
1204,00
684,00
2631,00
3448,00
2127,00
3846,00
5882,00
2000,00
1111,00
746,00
425,00
2777,00
2500,00
925,00
4347,00
3703,00
2325,00
1818,00
1351,00
826,00
4545,00
1960,00
1960,00
3846,00
3125,00
3703,00
2272,00
1960,00
1149,00
4761,00
4761,00
2702,00
6666,00
4347,00
3846,00
1111,00
1162,00
714,00
2325,00
2702,00
1923,00
3225,00
3571,00
1923,00
1886,00
1612,00
1315,00
4000,00
4347,00
2222,00
6250,00
4545,00
3030,00
1886,00
1851,00
1030,00
3846,00
3846,00
2272,00
4545,00
3225,00
1449,00
189,00
434,00
114,00
1075,00
1000,00
684,00
1176,00
1234,00
862,00
877,00
840,00
621,00
1694,00
1639,00
1136,00
3125,00
2380,00
1562,00
746,00
917,00
500,00
1587,00
1492,00
1098,00
2127,00
2000,00
1470,00
884,00
769,00
440,00
1612,00
1515,00
869,00
2173,00
1724,00
1149,00
1315,00
1149,00
775,00
2702,00
2173,00
1754,00
3846,00
4347,00
2173,00
1075,00
1190,00
787,00
2272,00
2222,00
1612,00
3333,00
3225,00
2173,00
628,00
675,00
418,00
1298,00
1234,00
840,00
1369,00
1666,00
1176,00
1063,00
980,00
699,00
1851,00
1923,00
1351,00
2380,00
2857,00
1886,00
806,00
934,00
609,00
1851,00
1754,00
1315,00
1666,00
2272,00
1351,00
287,00
301,00
129,00
1265,00
1063,00
480,00
1204,00
1515,00
854,00
813,00
757,00
540,00
1851,00
1612,00
1063,00
2857,00
2777,00
1818,00
819,00
925,00
574,00
1785,00
1612,00
1086,00
2777,00
2439,00
1666,00
900,00
704,00
304,00
1587,00
1612,00
724,00
2500,00
2127,00
1562,00
1315,00
1250,00
847,00
2631,00
1298,00
1428,00
4761,00
3571,00
2631,00
1315,00
1265,00
943,00
2173,00
2777,00
1754,00
4761,00
4347,00
2325,00
735,00
675,00
483,00
1351,00
1282,00
900,00
1754,00
1538,00
1162,00
1176,00
990,00
746,00
2439,00
2380,00
1408,00
3333,00
2631,00
1960,00
980,00
925,00
793,00
2222,00
2083,00
1492,00
3225,00
2702,00
1886,00
41,00
63,00
19,00
273,00
294,00
109,00
263,00
406,00
154,00
194,00
183,00
98,00
719,00
555,00
289,00
934,00
980,00
578,00
137,00
284,00
85,00
641,00
641,00
406,00
534,00
892,00
406,00
156,00
136,00
62,00
448,00
408,00
152,00
833,00
806,00
390,00
315,00
271,00
149,00
854,00
401,00
324,00
1369,00
1388,00
1010,00
346,00
434,00
232,00
990,00
884,00
555,00
1234,00
1204,00
900,00
158,00
246,00
91,00
515,00
500,00
299,00
456,00
746,00
274,00
406,00
387,00
245,00
840,00
757,00
578,00
1000,00
1149,00
775,00
233,00
377,00
151,00
806,00
751,00
549,00
510,00
1111,00
302,00
869,00
1052,00
418,00
2500,00
2127,00
1315,00
3030,00
3125,00
2173,00
1960,00
1785,00
1470,00
4166,00
4000,00
2439,00
4761,00
4347,00
3703,00
1960,00
1851,00
1369,00
3448,00
4545,00
2702,00
5263,00
5882,00
3703,00
2000,00
1515,00
1000,00
2702,00
3448,00
1724,00
5000,00
4347,00
3448,00
2702,00
2380,00
1923,00
5882,00
4166,00
4000,00
9090,00
7142,00
6666,00
2631,00
2702,00
1818,00
1149,00
4761,00
4000,00
7692,00
6666,00
5882,00
1492,00
1515,00
943,00
3030,00
2439,00
1785,00
3571,00
4347,00
2500,00
2083,00
1724,00
1204,00
4545,00
6250,00
4000,00
5555,00
6250,00
5882,00
2173,00
2272,00
1428,00
4347,00
5263,00
2777,00
7692,00
5555,00
4166,00
714,00
675,00
313,00
2222,00
2000,00
1492,00
3225,00
3225,00
2127,00
1724,00
1250,00
1149,00
5555,00
2777,00
1818,00
7142,00
5882,00
4166,00
1694,00
1785,00
1333,00
4761,00
4000,00
2564,00
4166,00
5263,00
3333,00
1818,00
1639,00
877,00
3703,00
2777,00
1960,00
6250,00
4347,00
3448,00
2173,00
1754,00
1562,00
4000,00
1250,00
1754,00
7142,00
6250,00
5882,00
2777,00
2702,00
1754,00
4166,00
4761,00
3571,00
11111,00
11111,00
5000,00
1785,00
1449,00
952,00
3030,00
3448,00
1886,00
4347,00
4347,00
2439,00
2631,00
2040,00
1666,00
4761,00
5000,00
4166,00
6666,00
4761,00
4761,00
2564,00
2040,00
1562,00
3846,00
5000,00
3333,00
6666,00
5000,00
3703,00
195,00
204,00
85,00
980,00
980,00
392,00
1063,00
1408,00
729,00
568,00
467,00
288,00
1851,00
1785,00
862,00
2500,00
2272,00
1612,00
606,00
769,00
404,00
1886,00
1587,00
1075,00
2380,00
2631,00
1587,00
561,00
414,00
211,00
1282,00
1298,00
456,00
2380,00
2127,00
1052,00
900,00
606,00
413,00
1785,00
917,00
862,00
4000,00
2857,00
1960,00
1020,00
970,00
704,00
1960,00
2272,00
735,00
3846,00
4166,00
2325,00
666,00
662,00
346,00
1388,00
1351,00
813,00
1923,00
1851,00
1190,00
1020,00
943,00
632,00
2040,00
2222,00
1388,00
3125,00
2564,00
1886,00
862,00
869,00
632,00
2127,00
2000,00
1149,00
2222,00
2857,00
1111,00
473,00
990,00
259,00
2941,00
2857,00
1923,00
2631,00
1851,00
1612,00
2702,00
1960,00
1587,00
4761,00
4347,00
3225,00
6250,00
5263,00
4347,00
1492,00
2083,00
1136,00
4545,00
5555,00
3333,00
2631,00
5263,00
3571,00
2380,00
2127,00
1098,00
3571,00
3846,00
2325,00
6250,00
4545,00
3333,00
4347,00
2941,00
2222,00
8333,00
3225,00
4761,00
5882,00
6250,00
5882,00
2564,00
3333,00
1960,00
4761,00
7142,00
4545,00
5000,00
7692,00
8333,00
1515,00
2040,00
1000,00
3225,00
3703,00
2040,00
2000,00
3571,00
2857,00
3225,00
2857,00
1851,00
7692,00
6250,00
5263,00
4545,00
6250,00
4761,00
1785,00
2325,00
1408,00
7692,00
5555,00
4347,00
1020,00
398,00
1724,00
1063,00
1234,00
485,00
3333,00
2857,00
1960,00
5000,00
5000,00
3448,00
2222,00
2083,00
1785,00
6666,00
4761,00
3225,00
8333,00
9090,00
4166,00
2173,00
2631,00
1724,00
5882,00
7692,00
4000,00
6250,00
7142,00
4166,00
2272,00
2380,00
1190,00
6666,00
5882,00
2941,00
6666,00
5263,00
4000,00
4000,00
4166,00
3030,00
5555,00
3703,00
5000,00
9090,00
7692,00
8333,00
4545,00
3846,00
2272,00
5882,00
7692,00
7142,00
9090,00
10000,00
7142,00
2173,00
2222,00
1333,00
4347,00
5000,00
2702,00
4761,00
6250,00
4545,00
4166,00
4000,00
2500,00
7692,00
8333,00
5263,00
9090,00
6666,00
7692,00
3703,00
4000,00
2127,00
5000,00
8333,00
5000,00
5000,00
5000,00
4545,00
163,00
284,00
77,00
990,00
1149,00
507,00
819,00
943,00
495,00
769,00
763,00
418,00
1923,00
1818,00
1149,00
3333,00
3333,00
2083,00
471,00
1010,00
361,00
1818,00
1818,00
1298,00
1492,00
3571,00
1020,00
625,00
657,00
303,00
1666,00
1666,00
653,00
2941,00
3333,00
1515,00
1219,00
1063,00
671,00
2702,00
1111,00
1030,00
4545,00
2857,00
2380,00
1123,00
1333,00
751,00
2857,00
2941,00
1369,00
3571,00
4761,00
1666,00
512,00
781,00
307,00
1612,00
1694,00
970,00
1470,00
2127,00
666,00
1315,00
1282,00
877,00
2439,00
2325,00
1612,00
4166,00
4000,00
2127,00
645,00
1030,00
401,00
2702,00
2222,00
1315,00
980,00
1851,00
168,00
