





































































































































































































































































































































































































































































































































































































































































































































































































































































































































































































































































































































229,00
25000,00
8333,00
1666,00
20000,00
20000,00
3703,00
14285,00
12500,00
2564,00
16666,00
16666,00
2631,00
7692,00
5263,00
546,00
14285,00
3703,00
473,00
10000,00
5263,00
961,00
33333,00
11111,00
2380,00
16666,00
3571,00
1234,00
25000,00
10000,00
2702,00
16666,00
20000,00
6250,00
20000,00
7142,00
3846,00
20000,00
12500,00
4000,00
3703,00
2380,00
574,00
6666,00
3846,00
740,00
7142,00
4347,00
1098,00
12500,00
6666,00
2127,00
14285,00
12500,00
1754,00
9090,00
20000,00
2941,00
20000,00
11111,00
4545,00
33333,00
12500,00
5000,00
50000,00
33333,00
11111,00
8333,00
5882,00
1000,00
10000,00
6666,00
800,00
11111,00
6666,00
1886,00
12500,00
25000,00
2631,00
33333,00
12500,00
2272,00
16666,00
16666,00
2941,00
20000,00
14285,00
6666,00
20000,00
14285,00
4347,00
33333,00
16666,00
5882,00
9090,00
5000,00
884,00
14285,00
4761,00
854,00
12500,00
7142,00
1369,00
25000,00
6666,00
2631,00
16666,00
6250,00
2173,00
16666,00
14285,00
3333,00
50000,00
25000,00
6666,00
33333,00
10000,00
3571,00
20000,00
20000,00
3703,00
632,00
411,00
98,00
980,00
689,00
162,00
1162,00
800,00
193,00
2325,00
1612,00
357,00
4166,00
2777,00
606,00
4545,00
3448,00
689,00
5555,00
3448,00
746,00
7142,00
5555,00
1265,00
10000,00
7142,00
1515,00
1428,00
970,00
227,00
2380,00
1694,00
392,00
2857,00
1785,00
442,00
5882,00
4761,00
877,00
10000,00
5882,00
1515,00
11111,00
6250,00
1754,00
11111,00
6250,00
1666,00
7142,00
10000,00
2564,00
20000,00
11111,00
2702,00
1785,00
1315,00
314,00
3225,00
2222,00
458,00
3333,00
2564,00
571,00
6250,00
4761,00
1041,00
14285,00
7692,00
1515,00
12500,00
6666,00
1785,00
14285,00
8333,00
2000,00
25000,00
14285,00
2564,00
25000,00
14285,00
4545,00
1428,00
1000,00
237,00
2564,00
1724,00
393,00
2941,00
1923,00
454,00
7692,00
4166,00
869,00
12500,00
5882,00
1492,00
10000,00
5263,00
1754,00
11111,00
8333,00
1818,00
12500,00
11111,00
2857,00
25000,00
20000,00
3448,00
4166,00
2777,00
561,00
7142,00
3846,00
787,00
6666,00
5000,00
1030,00
14285,00
7692,00
2272,00
11111,00
5000,00
2083,00
12500,00
6666,00
3703,00
25000,00
20000,00
3571,00
11111,00
7142,00
4347,00
11111,00
16666,00
5882,00
4761,00
3125,00
632,00
7692,00
4761,00
714,00
7692,00
3571,00
934,00
14285,00
5882,00
2380,00
25000,00
9090,00
1818,00
16666,00
2222,00
1587,00
25000,00
12500,00
4347,00
33333,00
7692,00
3030,00
16666,00
12500,00
3846,00
2222,00
1538,00
369,00
4166,00
2500,00
561,00
5263,00
3030,00
671,00
12500,00
6666,00
1315,00
20000,00
10000,00
1851,00
12500,00
10000,00
2040,00
20000,00
12500,00
2857,00
25000,00
16666,00
3846,00
20000,00
12500,00
3846,00
6666,00
2857,00
751,00
9090,00
4347,00
934,00
9090,00
5263,00
1176,00
16666,00
10000,00
2272,00
33333,00
16666,00
2777,00
14285,00
9090,00
3448,00
25000,00
16666,00
4166,00
50000,00
14285,00
4347,00
25000,00
8333,00
4166,00
7692,00
4545,00
751,00
12500,00
4761,00
775,00
11111,00
4761,00
934,00
20000,00
11111,00
2127,00
33333,00
9090,00
1724,00
20000,00
7692,00
2222,00
25000,00
16666,00
4000,00
33333,00
11111,00
2941,00
10000,00
6250,00
1960,00
1010,00
800,00
105,00
1724,00
1265,00
207,00
1694,00
1315,00
242,00
4166,00
3030,00
675,00
6250,00
4761,00
961,00
6250,00
4761,00
1176,00
5882,00
4761,00
598,00
10000,00
9090,00
1149,00
6250,00
9090,00
1041,00
2500,00
1724,00
278,00
5263,00
3225,00
364,00
4347,00
3571,00
512,00
8333,00
5555,00
1298,00
14285,00
9090,00
1694,00
16666,00
12500,00
2325,00
10000,00
7692,00
1515,00
14285,00
11111,00
2127,00
11111,00
11111,00
2777,00
3448,00
2325,00
189,00
5555,00
3846,00
338,00
5555,00
4545,00
364,00
8333,00
8333,00
1298,00
20000,00
12500,00
1470,00
14285,00
12500,00
2127,00
6250,00
10000,00
1265,00
33333,00
33333,00
2857,00
10000,00
33333,00
1492,00
2857,00
1724,00
366,00
4545,00
3333,00
465,00
5000,00
3225,00
675,00
12500,00
5263,00
1149,00
14285,00
12500,00
1666,00
14285,00
5882,00
1785,00
12500,00
11111,00
1492,00
12500,00
20000,00
2272,00
20000,00
16666,00
2439,00
6250,00
4761,00
606,00
10000,00
5000,00
900,00
6666,00
5882,00
1369,00
33333,00
16666,00
3030,00
50000,00
11111,00
3125,00
12500,00
11111,00
4545,00
25000,00
25000,00
3448,00
25000,00
11111,00
5882,00
20000,00
25000,00
7142,00
9090,00
4000,00
448,00
7142,00
6250,00
558,00
7142,00
6666,00
793,00
25000,00
11111,00
1886,00
25000,00
9090,00
2000,00
12500,00
12500,00
3571,00
50000,00
14285,00
2631,00
25000,00
25000,00
3333,00
50000,00
25000,00
4000,00
3846,00
2857,00
456,00
5882,00
4000,00
680,00
5882,00
4166,00
769,00
14285,00
9090,00
1694,00
11111,00
12500,00
2127,00
7692,00
7142,00
3225,00
25000,00
7142,00
763,00
16666,00
16666,00
3333,00
7692,00
33333,00
2941,00
10000,00
5882,00
847,00
14285,00
5882,00
1052,00
14285,00
7692,00
1538,00
25000,00
25000,00
3030,00
25000,00
10000,00
3846,00
25000,00
16666,00
6250,00
14285,00
20000,00
3448,00
20000,00
20000,00
5555,00
16666,00
25000,00
5555,00
10000,00
5882,00
523,00
14285,00
5263,00
884,00
5263,00
5882,00
847,00
50000,00
25000,00
4166,00
25000,00
11111,00
3333,00
16666,00
5882,00
6250,00
9090,00
12500,00
1886,00
25000,00
20000,00
4545,00
8333,00
16666,00
1886,00
1250,00
826,00
192,00
2000,00
1298,00
257,00
2325,00
1492,00
363,00
4166,00
3225,00
724,00
6666,00
5000,00
1162,00
7692,00
5263,00
1219,00
7142,00
4761,00
1265,00
6666,00
7142,00
1754,00
10000,00
11111,00
2083,00
3225,00
1923,00
361,00
5882,00
3448,00
344,00
5263,00
3225,00
632,00
12500,00
6666,00
1612,00
20000,00
6666,00
1639,00
16666,00
9090,00
2500,00
10000,00
14285,00
2631,00
2222,00
16666,00
1886,00
14285,00
12500,00
3225,00
3703,00
2222,00
330,00
5263,00
3703,00
378,00
5882,00
4545,00
621,00
10000,00
7142,00
1408,00
20000,00
8333,00
1612,00
25000,00
10000,00
2222,00
12500,00
12500,00
3448,00
33333,00
14285,00
2380,00
12500,00
20000,00
3571,00
3125,00
1886,00
438,00
5882,00
2941,00
649,00
5882,00
3225,00
840,00
10000,00
6250,00
1724,00
20000,00
7142,00
1408,00
25000,00
7142,00
2857,00
16666,00
9090,00
3225,00
20000,00
14285,00
3703,00
16666,00
20000,00
4761,00
7692,00
4347,00
819,00
10000,00
4166,00
757,00
11111,00
6250,00
1724,00
33333,00
20000,00
3846,00
9090,00
3571,00
1351,00
20000,00
20000,00
4347,00
50000,00
33333,00
5882,00
33333,00
16666,00
4166,00
33333,00
33333,00
4545,00
10000,00
5555,00
714,00
11111,00
5555,00
847,00
12500,00
5555,00
1020,00
20000,00
12500,00
2380,00
16666,00
6666,00
1587,00
20000,00
11111,00
2777,00
33333,00
33333,00
4761,00
16666,00
11111,00
3846,00
50000,00
20000,00
4000,00
4761,00
2631,00
628,00
5555,00
3703,00
763,00
7142,00
5263,00
1136,00
9090,00
8333,00
2222,00
9090,00
14285,00
2500,00
10000,00
11111,00
3703,00
16666,00
11111,00
3333,00
12500,00
14285,00
4761,00
20000,00
10000,00
4347,00
9090,00
5555,00
1219,00
9090,00
4761,00
781,00
10000,00
7692,00
1694,00
20000,00
14285,00
3703,00
20000,00
11111,00
3333,00
10000,00
16666,00
4166,00
12500,00
16666,00
4347,00
16666,00
14285,00
1428,00
20000,00
12500,00
3846,00
8333,00
8333,00
892,00
20000,00
8333,00
990,00
4761,00
12500,00
1123,00
16666,00
8333,00
3703,00
33333,00
6666,00
2631,00
14285,00
10000,00
3571,00
14285,00
12500,00
3333,00
16666,00
9090,00
2857,00
617,00
6250,00
1388,00
763,00
531,00
117,00
1250,00
862,00
204,00
1449,00
1041,00
221,00
3030,00
1923,00
425,00
5000,00
3333,00
671,00
6250,00
4761,00
862,00
6250,00
4000,00
854,00
9090,00
6666,00
1492,00
5555,00
10000,00
1562,00
1851,00
1250,00
287,00
3225,00
2127,00
456,00
3846,00
2777,00
531,00
6250,00
5555,00
1000,00
12500,00
9090,00
1785,00
7692,00
11111,00
2040,00
10000,00
10000,00
1886,00
12500,00
14285,00
3333,00
14285,00
16666,00
3703,00
2083,00
1612,00
324,00
3448,00
2777,00
595,00
3448,00
2941,00
465,00
7692,00
6666,00
1333,00
14285,00
7692,00
1886,00
11111,00
9090,00
2222,00
16666,00
8333,00
1785,00
16666,00
12500,00
3703,00
9090,00
16666,00
2000,00
1886,00
1176,00
297,00
3225,00
1923,00
471,00
3703,00
2702,00
555,00
7142,00
4545,00
1030,00
12500,00
7692,00
1666,00
14285,00
10000,00
2173,00
12500,00
6250,00
2083,00
16666,00
11111,00
3333,00
20000,00
20000,00
4545,00
4166,00
3225,00
649,00
7692,00
5555,00
1075,00
8333,00
5555,00
1162,00
8333,00
12500,00
2857,00
14285,00
10000,00
2777,00
11111,00
8333,00
3333,00
16666,00
12500,00
5000,00
16666,00
20000,00
4166,00
16666,00
7692,00
4166,00
5263,00
3448,00
769,00
10000,00
5263,00
934,00
7692,00
4761,00
1219,00
10000,00
10000,00
2631,00
20000,00
10000,00
2857,00
16666,00
9090,00
2857,00
50000,00
25000,00
5000,00
25000,00
14285,00
5555,00
50000,00
20000,00
3703,00
2631,00
1960,00
421,00
5555,00
3030,00
746,00
6250,00
4000,00
793,00
12500,00
6666,00
1724,00
11111,00
12500,00
2702,00
25000,00
14285,00
3125,00
16666,00
11111,00
3125,00
25000,00
14285,00
5000,00
12500,00
20000,00
2222,00
5882,00
4347,00
1030,00
11111,00
7692,00
1515,00
10000,00
8333,00
1923,00
7692,00
14285,00
4347,00
11111,00
10000,00
4000,00
16666,00
11111,00
5263,00
20000,00
16666,00
5263,00
20000,00
20000,00
6250,00
14285,00
7692,00
3703,00
6250,00
4761,00
520,00
7692,00
5000,00
961,00
4347,00
4000,00
510,00
16666,00
16666,00
3448,00
16666,00
5555,00
2702,00
14285,00
6666,00
1886,00
9090,00
10000,00
1818,00
14285,00
6250,00
2631,00
1123,00
4166,00
231,00
