





































































































































































































































































































































































































































































































































































































































































































































































































































































































































































































































































































































1302,00
1563,00
1116,00
1737,00
3350,00
2233,00
2759,00
3351,00
2608,00
2761,00
2761,00
3611,00
1956,00
375,00
443,00
733,00
308,00
219,00
479,00
190,00
273,00
279,00
1269,00
1021,00
2042,00
782,00
234,00
796,00
757,00
652,00
680,00
1342,00
1807,00
2473,00
1468,00
1678,00
2043,00
1175,00
1424,00
701,00
1808,00
2612,00
2612,00
1881,00
2612,00
3135,00
1147,00
1881,00
1621,00
3618,00
4276,00
4704,00
2767,00
2940,00
4704,00
2240,00
3136,00
3619,00
3136,00
5882,00
3921,00
3361,00
5229,00
5882,00
3361,00
4706,00
5231,00
980,00
1384,00
1681,00
923,00
759,00
1070,00
811,00
784,00
841,00
3140,00
2479,00
2618,00
2356,00
1386,00
3625,00
1885,00
1625,00
1964,00
3928,00
4714,00
4286,00
2947,00
3627,00
2947,00
2947,00
2482,00
2947,00
285,00
453,00
507,00
310,00
399,00
530,00
157,00
253,00
166,00
1179,00
1275,00
1522,00
963,00
605,00
1025,00
737,00
683,00
352,00
1242,00
2146,00
2146,00
1349,00
1816,00
1888,00
1098,00
1276,00
425,00
1005,00
2249,00
2952,00
984,00
1750,00
2250,00
675,00
1476,00
1687,00
2147,00
5251,00
3938,00
2487,00
5908,00
5908,00
1432,00
2780,00
2954,00
2251,00
9457,00
4728,00
3377,00
5912,00
4729,00
2150,00
3942,00
4300,00
675,00
1391,00
1753,00
666,00
1479,00
1527,00
442,00
802,00
1052,00
2152,00
3945,00
3945,00
1973,00
3382,00
3642,00
947,00
2255,00
2255,00
2492,00
4305,00
4306,00
1895,00
4738,00
3384,00
1755,00
3645,00
3159,00
320,00
649,00
817,00
292,00
532,00
677,00
183,00
376,00
290,00
752,00
1529,00
1975,00
677,00
1185,00
1823,00
443,00
803,00
894,00
967,00
2496,00
2371,00
912,00
2258,00
2371,00
753,00
1282,00
804,00
1636,00
3955,00
5274,00
1531,00
3164,00
3390,00
949,00
2065,00
2639,00
3958,00
2794,00
4319,00
2640,00
4753,00
3961,00
2502,00
2971,00
5282,00
4322,00
4322,00
7924,00
4754,00
5943,00
5943,00
2972,00
5944,00
5944,00
991,00
2162,00
2265,00
880,00
1486,00
2068,00
660,00
1585,00
1762,00
2974,00
3661,00
6799,00
2163,00
1830,00
4760,00
1763,00
2505,00
3662,00
4762,00
4329,00
5952,00
3663,00
4329,00
5953,00
2976,00
3969,00
3402,00
535,00
835,00
1082,00
360,00
626,00
690,00
267,00
472,00
421,00
993,00
1589,00
3180,00
973,00
1289,00
1645,00
745,00
568,00
994,00
1767,00
3408,00
3408,00
1491,00
1909,00
1491,00
954,00
1705,00
900,00
1492,00
2387,00
2653,00
1836,00
3183,00
2513,00
955,00
1910,00
1990,00
3981,00
4777,00
9556,00
2811,00
5974,00
5974,00
2078,00
3186,00
3414,00
3983,00
6828,00
5310,00
5310,00
5311,00
4345,00
3677,00
6829,00
2390,00
1086,00
1838,00
2173,00
869,00
1707,00
1992,00
713,00
1226,00
1226,00
2657,00
3679,00
4348,00
2277,00
3679,00
5979,00
1839,00
2990,00
2814,00
4349,00
5315,00
5980,00
3417,00
4785,00
4350,00
2815,00
3418,00
2991,00
351,00
714,00
629,00
443,00
606,00
664,00
194,00
377,00
178,00
1197,00
1774,00
1545,00
977,00
1546,00
1597,00
639,00
940,00
479,00
1452,00
1844,00
1845,00
1776,00
2085,00
1332,00
749,00
979,00
324,00
371,00
1454,00
940,00
666,00
1371,00
1599,00
406,00
872,00
585,00
1777,00
3692,00
3428,00
1655,00
3200,00
3200,00
905,00
1846,00
2087,00
1500,00
4001,00
1846,00
1846,00
4001,00
4365,00
1231,00
3201,00
1200,00
500,00
1000,00
1298,00
490,00
842,00
1067,00
338,00
585,00
706,00
1550,00
2826,00
2826,00
1117,00
2184,00
2288,00
717,00
1335,00
1602,00
2090,00
2403,00
2530,00
1716,00
2671,00
4007,00
981,00
2090,00
1849,00
123,00
391,00
235,00
207,00
391,00
327,00
81,00
231,00
110,00
540,00
962,00
1300,00
512,00
875,00
1094,00
332,00
633,00
496,00
659,00
1234,00
802,00
617,00
1605,00
1460,00
472,00
926,00
349,00
876,00
2296,00
2009,00
1004,00
2096,00
2837,00
634,00
1303,00
1663,00
2097,00
2680,00
4020,00
2680,00
5361,00
5361,00
1378,00
2838,00
1664,00
2540,00
4022,00
2839,00
3218,00
4827,00
5363,00
1931,00
4023,00
4389,00
731,00
1177,00
2099,00
670,00
412,00
1341,00
478,00
894,00
877,00
1931,00
3714,00
3715,00
1788,00
2542,00
4024,00
1123,00
2300,00
2415,00
2841,00
4391,00
3450,00
2683,00
4392,00
3717,00
1381,00
3021,00
2843,00
217,00
393,00
456,00
253,00
244,00
355,00
137,00
233,00
220,00
653,00
1052,00
1029,00
780,00
1308,00
1424,00
494,00
820,00
712,00
1052,00
1274,00
1670,00
1030,00
2306,00
1937,00
712,00
1242,00
794,00
421,00
1076,00
734,00
1053,00
1615,00
1468,00
421,00
1275,00
515,00
2692,00
3728,00
1938,00
1864,00
2693,00
2424,00
1276,00
2852,00
1865,00
1616,00
2852,00
440,00
2853,00
4041,00
2425,00
1102,00
4042,00
1032,00
475,00
703,00
735,00
664,00
457,00
735,00
429,00
735,00
505,00
1566,00
3034,00
2697,00
1618,00
2856,00
3735,00
882,00
1942,00
1471,00
1675,00
3238,00
1868,00
2698,00
5397,00
3036,00
1429,00
2699,00
1619,00
85,00
197,00
150,00
183,00
172,00
228,00
59,00
155,00
60,00
540,00
694,00
592,00
704,00
1034,00
852,00
405,00
571,00
324,00
472,00
992,00
528,00
917,00
1677,00
1186,00
333,00
797,00
167,00
1351,00
2560,00
2702,00
1057,00
2211,00
2433,00
726,00
1570,00
1622,00
2863,00
4424,00
4867,00
2116,00
5409,00
4868,00
1570,00
4057,00
3043,00
4057,00
5411,00
4870,00
2563,00
4427,00
6960,00
2706,00
6090,00
5413,00
798,00
1740,00
1874,00
738,00
1477,00
1250,00
566,00
919,00
1133,00
2031,00
3047,00
3048,00
2120,00
4065,00
3484,00
1573,00
2569,00
2569,00
2871,00
5425,00
5426,00
957,00
4441,00
3053,00
1809,00
3491,00
3492,00
379,00
764,00
958,00
341,00
562,00
698,00
253,00
457,00
391,00
873,00
1397,00
1358,00
789,00
1747,00
1957,00
575,00
998,00
1063,00
1529,00
2718,00
2878,00
1223,00
2576,00
2719,00
829,00
1439,00
999,00
1631,00
3496,00
2880,00
2040,00
4451,00
2331,00
1020,00
2225,00
2577,00
4452,00
8162,00
5442,00
4452,00
4897,00
3498,00
2723,00
4902,00
4902,00
5447,00
4903,00
7005,00
5449,00
5449,00
7006,00
4908,00
6135,00
7012,00
1197,00
2727,00
3507,00
1198,00
2135,00
2890,00
805,00
1259,00
1755,00
3071,00
4914,00
4917,00
2588,00
2049,00
3074,00
2236,00
3515,00
3281,00
6154,00
5470,00
9847,00
5470,00
7033,00
4103,00
3518,00
4477,00
4477,00
483,00
1094,00
1296,00
492,00
849,00
1048,00
379,00
580,00
503,00
1369,00
2054,00
3083,00
1096,00
1761,00
2055,00
783,00
1233,00
1050,00
2245,00
3799,00
5489,00
1647,00
3294,00
3801,00
1176,00
2471,00
1205,00
1704,00
2908,00
2747,00
1648,00
3090,00
1977,00
1074,00
2247,00
1831,00
3803,00
7064,00
4495,00
2908,00
7064,00
3804,00
1978,00
4496,00
3533,00
3806,00
16493,00
4124,00
2605,00
9900,00
6188,00
3536,00
4951,00
3095,00
1100,00
1769,00
2251,00
1077,00
1835,00
1457,00
825,00
1339,00
1126,00
2753,00
4130,00
4507,00
2754,00
3306,00
2755,00
2066,00
3306,00
2610,00
3815,00
8268,00
4961,00
3100,00
3544,00
1102,00
3308,00
4135,00
2481,00
443,00
557,00
517,00
551,00
775,00
730,00
271,00
447,00
209,00
1273,00
1986,00
1505,00
1211,00
2257,00
2159,00
680,00
1552,00
487,00
1840,00
2615,00
1419,00
1774,00
2070,00
2161,00
974,00
1603,00
523,00
828,00
2259,00
1420,00
904,00
1912,00
2486,00
578,00
1420,00
1105,00
2617,00
3825,00
4973,00
2368,00
5526,00
3826,00
1462,00
2925,00
3109,00
1156,00
8291,00
1842,00
2926,00
5527,00
4522,00
1105,00
3827,00
1463,00
802,00
1605,00
1777,00
638,00
1508,00
1555,00
452,00
815,00
1036,00
2073,00
4147,00
3829,00
1716,00
3111,00
3556,00
957,00
2263,00
2371,00
2929,00
4980,00
4980,00
2766,00
4527,00
3831,00
1660,00
3557,00
2372,00
287,00
630,00
518,00
283,00
524,00
622,00
159,00
350,00
217,00
778,00
1779,00
1557,00
692,00
1384,00
1557,00
461,00
958,00
830,00
791,00
2077,00
1133,00
977,00
1994,00
1917,00
579,00
1133,00
426,00
1511,00
3117,00
2625,00
1918,00
3563,00
3564,00
978,00
2170,00
1996,00
756,00
573,00
4160,00
3120,00
6240,00
4992,00
2269,00
3841,00
2937,00
3566,00
1610,00
4539,00
4162,00
8324,00
9989,00
3330,00
4995,00
5551,00
925,00
1921,00
2776,00
979,00
2173,00
2082,00
609,00
1281,00
1428,00
2777,00
3570,00
4999,00
2380,00
5000,00
5556,00
1724,00
3334,00
2778,00
4168,00
4547,00
6253,00
4548,00
6253,00
6253,00
2274,00
3848,00
3126,00
485,00
981,00
981,00
403,00
807,00
848,00
282,00
596,00
439,00
1065,00
1925,00
2384,00
1022,00
1788,00
2003,00
715,00
1221,00
945,00
1855,00
3339,00
3339,00
1616,00
3131,00
2178,00
927,00
1670,00
927,00
736,00
2505,00
1727,00
1518,00
2784,00
3580,00
864,00
2004,00
835,00
3580,00
4177,00
6265,00
2948,00
5012,00
3855,00
2506,00
4177,00
2180,00
2507,00
6267,00
1671,00
4179,00
10029,00
5014,00
2180,00
4559,00
1223,00
1090,00
2279,00
1929,00
895,00
2181,00
2280,00
727,00
1255,00
1224,00
2391,00
5579,00
4184,00
2643,00
3863,00
4565,00
1620,00
2511,00
2954,00
3139,00
5581,00
3864,00
3864,00
6280,00
5583,00
2644,00
3350,00
2093,00
232,00
612,00
369,00
405,00
698,00
552,00
136,00
408,00
94,00
1256,00
1862,00
1289,00
931,00
1143,00
1397,00
598,00
986,00
328,00
852,00
1862,00
728,00
1622,00
2096,00
1324,00
470,00
811,00
81,00
