














































































































































































































































































































































































































































































































































































































































































































































































306,00
359,00
45,00
156,00
203,00
785,00
1304,00
2263,00
630,00
2263,00
2332,00
574,00
1350,00
1604,00
927,00
2026,00
2750,00
647,00
1878,00
2962,00
461,00
1481,00
2027,00
636,00
1510,00
1712,00
675,00
1572,00
1975,00
418,00
896,00
1204,00
1376,00
3083,00
3671,00
1793,00
6425,00
5140,00
1117,00
2754,00
3505,00
1606,00
4284,00
4059,00
1753,00
4060,00
4537,00
940,00
2571,00
2755,00
1307,00
2967,00
3085,00
1402,00
4286,00
4286,00
918,00
2204,00
2143,00
976,00
2269,00
2661,00
1134,00
2968,00
2968,00
665,00
1543,00
1754,00
1118,00
1403,00
2858,00
1206,00
2858,00
3216,00
742,00
1308,00
1979,00
804,00
1678,00
1837,00
821,00
1882,00
1979,00
494,00
965,00
1378,00
5515,00
5147,00
19303,00
3088,00
7722,00
15445,00
3861,00
7020,00
15445,00
5940,00
7020,00
15445,00
5940,00
7021,00
15447,00
3861,00
7723,00
15448,00
3862,00
9656,00
7724,00
4291,00
11035,00
15450,00
2207,00
5519,00
6439,00
9658,00
9658,00
7028,00
12886,00
12886,00
5947,00
5947,00
15463,00
25773,00
5947,00
6444,00
19333,00
6444,00
12889,00
15467,00
6444,00
12888,00
15465,00
8592,00
15466,00
12889,00
6444,00
25791,00
25791,00
6447,00
11054,00
12896,00
2149,00
4551,00
4298,00
2418,00
4072,00
5158,00
1357,00
3095,00
3095,00
2149,00
3869,00
4836,00
2276,00
5527,00
6449,00
1382,00
2764,00
4073,00
1579,00
2276,00
3096,00
1800,00
3870,00
4074,00
1005,00
2150,00
2345,00
7037,00
19356,00
19356,00
6452,00
19356,00
7742,00
5530,00
9678,00
12905,00
11061,00
19357,00
38718,00
8604,00
12906,00
11064,00
4840,00
7745,00
19364,00
6454,00
19365,00
19365,00
9682,00
25820,00
25821,00
4556,00
8607,00
12910,00
9683,00
25821,00
1229,00
11066,00
38734,00
12912,00
8608,00
15495,00
15495,00
19369,00
15495,00
19369,00
9684,00
19369,00
15495,00
15495,00
25825,00
19369,00
12913,00
15495,00
19369,00
15495,00
77478,00
38739,00
7747,00
12913,00
11068,00
201,00
605,00
737,00
115,00
478,00
807,00
61,00
318,00
538,00
207,00
605,00
833,00
48,00
157,00
513,00
33,00
143,00
423,00
194,00
442,00
545,00
92,00
445,00
582,00
34,00
162,00
315,00
891,00
2280,00
2982,00
453,00
1211,00
3230,00
553,00
1211,00
2872,00
994,00
2501,00
4308,00
286,00
401,00
2154,00
301,00
852,00
2769,00
1107,00
2769,00
2769,00
574,00
1463,00
2872,00
360,00
1314,00
1723,00
1463,00
5540,00
2674,00
1314,00
2983,00
4847,00
1077,00
4563,00
3372,00
1939,00
5967,00
4848,00
852,00
3103,00
1686,00
969,00
4563,00
3373,00
2096,00
4564,00
4310,00
1763,00
5172,00
8621,00
982,00
3233,00
4084,00
1651,00
3880,00
5173,00
1411,00
2587,00
5174,00
923,00
1940,00
3104,00
1940,00
2874,00
3695,00
625,00
587,00
2985,00
641,00
862,00
2676,00
1361,00
2676,00
4311,00
1411,00
3104,00
3695,00
510,00
1293,00
2156,00
3234,00
5544,00
7763,00
3234,00
2772,00
6469,00
3529,00
4567,00
15527,00
5972,00
6470,00
12940,00
1021,00
196,00
4086,00
2098,00
2283,00
12940,00
6470,00
11092,00
15528,00
4852,00
4086,00
15529,00
2986,00
3882,00
7765,00
8629,00
12945,00
12945,00
8630,00
12945,00
8630,00
8630,00
19418,00
15535,00
9709,00
19419,00
19419,00
6473,00
4316,00
12949,00
6474,00
19425,00
25900,00
8633,00
11100,00
77702,00
15540,00
9712,00
77703,00
11101,00
8634,00
8634,00
3237,00
7064,00
5977,00
3108,00
4857,00
5978,00
1942,00
4571,00
5181,00
3701,00
7065,00
8636,00
1850,00
4858,00
2680,00
1653,00
4572,00
5979,00
2680,00
5552,00
7773,00
2989,00
4318,00
6478,00
1214,00
2989,00
3534,00
12958,00
15550,00
6479,00
7069,00
4574,00
8639,00
6479,00
7776,00
7069,00
19441,00
9720,00
15552,00
7069,00
7776,00
7069,00
4320,00
6480,00
11109,00
12961,00
38884,00
38885,00
6480,00
7070,00
9722,00
9722,00
19445,00
19445,00
12964,00
9723,00
937,00
7071,00
15557,00
15557,00
6482,00
25929,00
9723,00
38894,00
19447,00
11112,00
3704,00
9724,00
431,00
7779,00
38898,00
7779,00
15559,00
25932,00
38899,00
9724,00
11115,00
25935,00
5985,00
19452,00
11115,00
163,00
483,00
598,00
105,00
515,00
720,00
46,00
265,00
383,00
190,00
511,00
627,00
64,00
370,00
770,00
31,00
172,00
357,00
151,00
353,00
420,00
71,00
360,00
471,00
25,00
132,00
219,00
926,00
1996,00
2511,00
564,00
2224,00
2104,00
399,00
1011,00
1853,00
1081,00
2883,00
3385,00
512,00
1319,00
4326,00
355,00
1096,00
2360,00
786,00
1469,00
2360,00
540,00
1730,00
2596,00
254,00
846,00
1527,00
1527,00
3540,00
2685,00
1256,00
3708,00
3115,00
665,00
1730,00
2360,00
1589,00
4327,00
4868,00
1128,00
5563,00
3709,00
734,00
4099,00
2884,00
1469,00
3709,00
3709,00
1082,00
4100,00
3895,00
594,00
2226,00
1997,00
1470,00
3541,00
3388,00
1367,00
3388,00
4101,00
608,00
1998,00
2435,00
1558,00
3388,00
3711,00
1067,00
2783,00
4102,00
573,00
866,00
2598,00
1012,00
1998,00
2435,00
885,00
2514,00
2997,00
408,00
1163,00
1558,00
7085,00
7794,00
12990,00
4871,00
15589,00
11136,00
4872,00
6496,00
19488,00
5996,00
11136,00
8661,00
4218,00
3451,00
37968,00
3037,00
5424,00
10849,00
4747,00
8439,00
10851,00
3797,00
6330,00
12661,00
2053,00
3617,00
6908,00
15199,00
8445,00
19004,00
7602,00
25342,00
12672,00
4752,00
9505,00
12674,00
25352,00
12678,00
25364,00
12686,00
12688,00
10880,00
8463,00
4009,00
25393,00
12697,00
8465,00
12698,00
6349,00
19050,00
12701,00
6352,00
10890,00
7623,00
2629,00
6355,00
5866,00
3813,00
10896,00
8476,00
1230,00
4238,00
3814,00
2937,00
5874,00
5874,00
3054,00
9546,00
9547,00
1527,00
5093,00
6945,00
2010,00
4494,00
5093,00
2183,00
5877,00
6367,00
899,00
2939,00
2730,00
6370,00
15291,00
8495,00
15292,00
15294,00
6373,00
6373,00
12749,00
12749,00
10928,00
12750,00
8501,00
15304,00
15305,00
15306,00
6377,00
9567,00
25513,00
9567,00
25515,00
38275,00
10935,00
15310,00
38276,00
4784,00
10936,00
8507,00
9571,00
76573,00
9572,00
25532,00
38300,00
19150,00
7663,00
25547,00
8515,00
76653,00
19163,00
15331,00
12776,00
15335,00
19169,00
15340,00
38351,00
15341,00
12784,00
19176,00
38350,00
12783,00
25567,00
38354,00
3652,00
8523,00
4795,00
78,00
239,00
227,00
98,00
281,00
318,00
34,00
166,00
172,00
105,00
250,00
285,00
88,00
282,00
332,00
38,00
163,00
195,00
65,00
178,00
183,00
72,00
206,00
246,00
19,00
113,00
115,00
499,00
1303,00
1325,00
449,00
1478,00
1601,00
329,00
937,00
1130,00
586,00
1325,00
1538,00
474,00
1424,00
1831,00
313,00














































































































































































































































































































































































































































































































































































































































































































