




























































































































































































































































































































































































































































































































































































































































































































2857,00
2222,00
1724,00
166,00
4545,00
2564,00
286,00
5263,00
2777,00
233,00
9090,00
5263,00
1075,00
20000,00
6666,00
1234,00
12500,00
6250,00
1190,00
10000,00
10000,00
1000,00
12500,00
11111,00
1694,00
3703,00
7142,00
534,00
826,00
574,00
69,00
1449,00
990,00
93,00
1587,00
1176,00
179,00
3225,00
1562,00
299,00
5263,00
2222,00
442,00
6250,00
3571,00
709,00
5263,00
3846,00
719,00
8333,00
4761,00
877,00
10000,00
5882,00
1369,00
1960,00
1250,00
134,00
3125,00
2083,00
161,00
4000,00
2564,00
317,00
8333,00
3030,00
689,00
10000,00
4761,00
729,00
12500,00
5882,00
1265,00
6250,00
7692,00
1351,00
9090,00
12500,00
1612,00
33333,00
8333,00
2777,00
2631,00
1694,00
155,00
4545,00
1960,00
163,00
4347,00
3225,00
324,00
6250,00
2500,00
671,00
16666,00
4545,00
980,00
10000,00
5882,00
1315,00
9090,00
7142,00
1694,00
14285,00
14285,00
1886,00
16666,00
12500,00
2777,00
2127,00
1408,00
188,00
4166,00
2173,00
246,00
4545,00
2439,00
359,00
7692,00
1123,00
469,00
16666,00
4000,00
793,00
11111,00
3225,00
1149,00
16666,00
6666,00
1333,00
10000,00
7692,00
1449,00
20000,00
11111,00
2777,00
4347,00
2380,00
303,00
7142,00
2083,00
341,00
7692,00
5555,00
671,00
14285,00
6250,00
1449,00
33333,00
4166,00
990,00
25000,00
10000,00
2325,00
20000,00
16666,00
3225,00
12500,00
20000,00
4347,00
25000,00
14285,00
5263,00
6666,00
3225,00
291,00
9090,00
2631,00
347,00
9090,00
6250,00
617,00
11111,00
2857,00
1010,00
20000,00
6250,00
1333,00
14285,00
4000,00
1851,00
20000,00
10000,00
2631,00
14285,00
10000,00
3225,00
33333,00
16666,00
4545,00
3846,00
2173,00
377,00
5555,00
3333,00
421,00
7142,00
3846,00
671,00
10000,00
5000,00
793,00
9090,00
8333,00
1369,00
11111,00
5000,00
1694,00
16666,00
5555,00
1562,00
25000,00
12500,00
3030,00
25000,00
25000,00
4000,00
7142,00
4000,00
549,00
11111,00
4761,00
595,00
12500,00
4000,00
1149,00
25000,00
8333,00
1960,00
50000,00
12500,00
2222,00
25000,00
9090,00
3125,00
16666,00
12500,00
3225,00
25000,00
20000,00
4545,00

16666,00
5555,00
11111,00
4545,00
537,00
6250,00
5882,00
609,00
11111,00
6250,00
1075,00
33333,00
8333,00
2000,00
14285,00
8333,00
2222,00
33333,00
10000,00
2857,00
33333,00
16666,00
4347,00
25000,00
9090,00
3571,00
33333,00
16666,00
5882,00
943,00
602,00
108,00
1562,00
1063,00
113,00
1694,00
1136,00
252,00
3571,00
2083,00
478,00
5882,00
2500,00
478,00
5555,00
4166,00
781,00
5555,00
4000,00
980,00
6666,00
5882,00
1492,00
11111,00
6250,00
1851,00
2127,00
1449,00
168,00
3846,00
1351,00
136,00
4545,00
2380,00
421,00
8333,00
2380,00
746,00
8333,00
2631,00
469,00
14285,00
6666,00
1333,00
9090,00
8333,00
2500,00
10000,00
9090,00
2500,00
33333,00
12500,00
3333,00
3225,00
1886,00
219,00
5882,00
2564,00
175,00
4761,00
3333,00
429,00
12500,00
5555,00
961,00
14285,00
5000,00
1098,00
16666,00
7142,00
1515,00
20000,00
8333,00
2777,00
16666,00
9090,00
2000,00
33333,00
16666,00
2857,00
2173,00
1428,00
263,00
4761,00
2564,00
304,00
4761,00
3030,00
613,00
10000,00
4166,00
1234,00
12500,00
3448,00
769,00
20000,00
10000,00
2000,00
11111,00
11111,00
2702,00
11111,00
11111,00
3125,00
33333,00
14285,00
3846,00
5000,00
2380,00
264,00
4166,00
943,00
162,00
8333,00
4761,00
645,00
8333,00
3225,00
934,00
3448,00
235,00
195,00
16666,00
7142,00
1492,00
16666,00
20000,00
3571,00
11111,00
9090,00
2222,00
12500,00
14285,00
2631,00
6666,00
3703,00
458,00
12500,00
3030,00
406,00
10000,00
4347,00
833,00
33333,00
11111,00
2000,00
16666,00
3333,00
1111,00
25000,00
7692,00
2500,00
16666,00
16666,00
5263,00
20000,00
6666,00
3571,00
20000,00
8333,00
3571,00
3571,00
2173,00
512,00
5555,00
3333,00
662,00
6666,00
3571,00
970,00
11111,00
5263,00
1724,00
12500,00
10000,00
1587,00
9090,00
10000,00
2631,00
16666,00
8333,00
3703,00
25000,00
10000,00
3703,00
50000,00
16666,00
7692,00
8333,00
5000,00
854,00
8333,00
5882,00
689,00
10000,00
5555,00
1612,00
12500,00
12500,00
2040,00
33333,00
8333,00
1851,00
16666,00
9090,00
2500,00
20000,00
11111,00
4545,00
20000,00
10000,00
3703,00
33333,00
12500,00
5000,00
9090,00
4166,00
775,00
14285,00
4000,00
704,00
12500,00
5263,00
1123,00
25000,00
5263,00
2222,00
16666,00
5000,00
1754,00
16666,00
7692,00
2631,00
50000,00
20000,00
5000,00
25000,00
8333,00
3225,00
20000,00
14285,00
3333,00
621,00
395,00
91,00
952,00
657,00
152,00
1123,00
763,00
180,00
2325,00
1492,00
323,00
4166,00
2564,00
552,00
4545,00
3225,00
632,00
5555,00
3030,00
680,00
7142,00
5000,00
1176,00
10000,00
6250,00
1282,00
1408,00
884,00
203,00
2325,00
1587,00
334,00
2702,00
1562,00
392,00
5882,00
4545,00
813,00
8333,00
5555,00
1333,00
9090,00
5263,00
1562,00
10000,00
5000,00
1408,00
7142,00
8333,00
2272,00
20000,00
10000,00
2439,00
1785,00
1250,00
283,00
3030,00
2000,00
403,00
3125,00
2272,00
507,00
5882,00
4545,00
943,00
14285,00
7142,00
1298,00
11111,00
5555,00
1587,00
14285,00
8333,00
1724,00
20000,00
11111,00
2222,00
25000,00
12500,00
3846,00
1428,00
961,00
222,00
2564,00
1666,00
364,00
2941,00
1818,00
423,00
7142,00
3703,00
793,00
12500,00
5555,00
1333,00
10000,00
4761,00
1538,00
11111,00
7142,00
1694,00
12500,00
11111,00
2500,00
20000,00
14285,00
3333,00
4166,00
2564,00
518,00
5882,00
3571,00
671,00
5555,00
4347,00
917,00
11111,00
7692,00
2000,00
11111,00
5000,00
1818,00
12500,00
6250,00
3333,00
25000,00
20000,00
3030,00
11111,00
7142,00
3846,00
11111,00
14285,00
5263,00
4761,00
2777,00
531,00
7692,00
4347,00
653,00
7692,00
3125,00
833,00
12500,00
5555,00
2173,00
25000,00
9090,00
1587,00
16666,00
1818,00
1449,00
25000,00
11111,00
3333,00
25000,00
7692,00
2777,00
12500,00
12500,00
3571,00
2222,00
1515,00
346,00
4166,00
2439,00
523,00
5263,00
2857,00
606,00
11111,00
5263,00
1176,00
20000,00
7692,00
1724,00
12500,00
9090,00
1818,00
16666,00
11111,00
2564,00
25000,00
14285,00
3225,00


















































































































































































































































































































































































































































































































































































































































































































































































































