




























































































































































































































































































































































































































































































































































































































































































































































































































































































































































































































































































































































































































































































































































































































































































































































4116,00
3841,00
69,00
321,00
476,00
738,00
1920,00
2619,00
1440,00
4433,00
4116,00
11,00
103,00
125,00
221,00
633,00
960,00
308,00
1516,00
1011,00
24,00
151,00
231,00
423,00
1340,00
2058,00
619,00
2058,00
2506,00
34,00
244,00
227,00
492,00
1152,00
1601,00
606,00
2135,00
1558,00
170,00
533,00
1029,00
1029,00
1695,00
3603,00
1922,00
7207,00
7207,00
229,00
662,00
1176,00
1373,00
8238,00
11534,00
2746,00
8239,00
4806,00
295,00
678,00
1201,00
1442,00
3846,00
4120,00
2508,00
5244,00
7211,00
179,00
641,00
901,00
994,00
2508,00
2508,00
2404,00
8242,00
7212,00
248,00
848,00
1989,00
1989,00
2885,00
6411,00
6411,00
9616,00
14425,00
389,00
1068,00
1803,00
2404,00
6411,00
9617,00
4438,00
19235,00
9617,00
95,00
351,00
501,00
687,00
2137,00
1518,00
1479,00
3395,00
8245,00
132,00
520,00
759,00
1519,00
4123,00
5772,00
2061,00
6413,00
11544,00
216,00
749,00
1012,00
1603,00
3207,00
4440,00
2886,00
8246,00
5772,00
176,00
931,00
695,00
1282,00
3395,00
4440,00
1342,00
3608,00
4811,00
409,00
1255,00
1603,00
2061,00
8247,00
5773,00
2624,00
14433,00
4441,00
264,00
1480,00
430,00
2405,00
7216,00
6415,00
1443,00
9622,00
2624,00
291,00
1110,00
1228,00
2624,00
3849,00
3608,00
4124,00
8248,00
8248,00
430,00
1603,00
1342,00
3207,00
9623,00
8248,00
4811,00
14437,00
3397,00
525,00
1155,00
1604,00
2511,00
9626,00
6417,00
3850,00
11552,00
5776,00
124,00
688,00
488,00
1298,00
4761,00
3174,00
1298,00
4081,00
2380,00
324,00
1099,00
1190,00
3571,00
8164,00
7143,00
3571,00
9525,00
5715,00
196,00
968,00
642,00
2721,00
6350,00
5715,00
1843,00
8165,00
2117,00
33,00
232,00
330,00
414,00
1216,00
1545,00
879,00
2287,00
2598,00
53,00
326,00
534,00
705,00
2599,00
3176,00
828,00
3812,00
2859,00
81,00
366,00
484,00
817,00
1787,00
3010,00
1167,00
4085,00
4399,00
23,00
170,00
332,00
350,00
1121,00
1300,00
733,00
2200,00
2600,00
30,00
162,00
544,00
560,00
1300,00
3178,00
1217,00
3576,00
6358,00
74,00
332,00
480,00
427,00
1907,00
2384,00
1330,00
4087,00
3576,00
16,00
114,00
169,00
271,00
608,00
923,00
550,00
1467,00
1546,00
24,00
143,00
262,00
430,00
1144,00
1589,00
733,00
2119,00
3577,00
49,00
181,00
260,00
423,00
1040,00
1272,00
795,00
1973,00
2385,00
243,00
829,00
1168,00
1547,00
3012,00
6360,00
2726,00
5724,00
9541,00
325,00
784,00
1846,00
1734,00
3578,00
6361,00
3367,00
6361,00
8179,00
511,00
1272,00
1974,00
2726,00
5205,00
4771,00
7157,00
11451,00
28629,00
196,00
706,00
1363,00
1547,00
4404,00
3013,00
4090,00
7158,00
11453,00
200,00
406,00
1547,00
829,00
818,00
4772,00
4090,00
5206,00
5206,00
540,00
1363,00
2386,00
3014,00
4090,00
7158,00
6363,00
11454,00
9546,00
118,00
473,00
725,00
881,00
2121,00
3818,00
2386,00
4091,00
4773,00
151,00
406,00
1101,00
1218,00
2045,00
3819,00
2386,00
4091,00
5208,00
293,00
807,00
1397,00
1637,00
3183,00
5209,00
3820,00
6368,00
9553,00
403,00
1549,00
1737,00
1638,00
6370,00
5733,00
3017,00
6371,00
8191,00
526,00
1220,00
1849,00
3584,00
9559,00
14339,00
2867,00
6373,00
9559,00
597,00
1550,00
1977,00
2607,00
28680,00
19120,00
4412,00
11472,00
6373,00
404,00
1365,00
1247,00
2048,00
8195,00
3187,00
3187,00
8196,00
6375,00
557,00
1304,00
2295,00
3825,00
7172,00
6376,00
3587,00
6377,00
9566,00
541,00
1551,00
1399,00
2391,00
11479,00
2207,00
7175,00
14350,00
5740,00
250,00
925,00
956,00
1913,00
5741,00
5741,00
2870,00
7177,00
6379,00
331,00
1104,00
1335,00
3022,00
7178,00
4785,00
5221,00
5221,00
9571,00
396,00
1221,00
1196,00
3829,00
6382,00
4786,00
4786,00
8205,00
3590,00
16,00
117,00
140,00
245,00
552,00
820,00
398,00
1196,00
1025,00
34,00
190,00
256,00
422,00
1044,00
1401,00
557,00
2298,00
3023,00
40,00
184,00
197,00
396,00
1007,00
1276,00
592,00
1595,00
1552,00
18,00
102,00
162,00
232,00
557,00
787,00
467,00
1064,00
1368,00
26,00
168,00
308,00
438,00
957,00
1512,00
897,00
2394,00
2873,00
51,00
162,00
234,00
361,00
897,00
1197,00
700,00
1553,00
1915,00
7,00
55,00
71,00
119,00
299,00
425,00
230,00
684,00
631,00
16,00
99,00
143,00
234,00
611,00
776,00
416,00
1026,00
1336,00
21,00
91,00
106,00
207,00
463,00
618,00
338,00
927,00
676,00
143,00
442,00
653,00
898,00
2395,00
3593,00
1691,00
5227,00
4107,00
189,00
552,00
727,00
1173,00
3593,00
2738,00
1854,00
7188,00
4423,00
279,00
692,00
958,00
1198,00
2738,00
4792,00
2613,00
3833,00
4107,00
128,00
452,00
605,00
912,00
2396,00
3833,00
2130,00
3834,00
5228,00
191,00
599,00
1198,00
1369,00
2396,00
5228,00
3594,00
9585,00
7189,00
314,00
746,00
1085,00
1437,00
3834,00
5228,00
3027,00
7189,00
8216,00
70,00
235,00
338,00
495,00
1223,00
1554,00
1027,00
2396,00
3595,00
100,00
302,00
593,00
958,00
1917,00
2301,00
1369,00
4425,00
3596,00
152,00
366,00
491,00
810,00
1514,00
2055,00
1403,00
2397,00
2501,00
144,00
858,00
653,00
1555,00
3196,00
4426,00
1692,00
8220,00
3196,00
316,00
928,00
1027,00
1692,00
5232,00
4796,00
2877,00
14390,00
6395,00
265,00
1514,00
738,00
2502,00
7195,00
8223,00
1439,00
9594,00
2399,00
229,00
913,00
1107,00
2214,00
3598,00
5758,00
3599,00
11517,00
7198,00
362,00
1599,00
1404,00
2399,00
3599,00
4799,00
3387,00
8227,00
3839,00
443,00
1279,00
1175,00
2742,00
4799,00
8227,00
3599,00
19197,00
3599,00
83,00
460,00
314,00
1047,00
2400,00
2743,00
822,00
4431,00
1440,00
195,00
662,00
738,00
2133,00
3600,00
3600,00
2304,00
6402,00
3601,00
115,00
729,00
297,00
1646,00
3389,00
2304,00
738,00
3032,00
210,00
