





































































































































































































































































































































































































































































































































































































































































































































































































































































































































































































































































































































2272,00
33333,00
20000,00
16666,00
1449,00
323,00
87,00
10000,00
2000,00
1639,00
50000,00
16666,00
5882,00
7142,00
5263,00
1492,00
33333,00
50000,00
8333,00
50000,00
100000,00
25000,00
4545,00
1724,00
840,00
16666,00
6666,00
6250,00
50000,00
33333,00
14285,00
1492,00
645,00
110,00
14285,00
7142,00
1886,00
25000,00
14285,00
4347,00
11111,00
7142,00
1960,00
33333,00
33333,00
11111,00
100000,00
100000,00
33333,00
5882,00
2272,00
925,00
16666,00
16666,00
7692,00
25000,00
33333,00
16666,00
1666,00
724,00
115,00
12500,00
7692,00
3448,00
25000,00
20000,00
6250,00
8333,00
4545,00
1923,00
33333,00
25000,00
11111,00
100000,00
50000,00
33333,00
4545,00
1204,00
561,00
50000,00
7692,00
8333,00
50000,00
50000,00
14285,00
1754,00
403,00
61,00
5882,00
5263,00
2000,00
33333,00
25000,00
6666,00
5555,00
2857,00
1052,00
50000,00
25000,00
6666,00
100000,00
50000,00
14285,00
3225,00
1587,00
561,00
14285,00
11111,00
4000,00
50000,00
33333,00
12500,00
1086,00
418,00
49,00
7692,00
3448,00
1282,00
16666,00
11111,00
3225,00
4761,00
4761,00
2173,00
14285,00
16666,00
12500,00
7692,00
14285,00
16666,00
5555,00
3125,00
1470,00
33333,00
12500,00
11111,00
25000,00
50000,00
25000,00
1612,00
1428,00
306,00
14285,00
11111,00
3030,00
16666,00
25000,00
10000,00
3703,00
5882,00
2325,00
25000,00
50000,00
14285,00
9090,00
16666,00
16666,00
5000,00
2272,00
1587,00
33333,00
25000,00
12500,00
25000,00
20000,00
12500,00
1639,00
925,00
311,00
9090,00
11111,00
3225,00
20000,00
20000,00
10000,00
7142,00
4761,00
1176,00
25000,00
16666,00
10000,00
14285,00
25000,00
20000,00
3703,00
2325,00
813,00
33333,00
25000,00
5882,00
16666,00
50000,00
12500,00
1408,00
813,00
217,00
11111,00
5000,00
1587,00
11111,00
12500,00
3225,00
3333,00
8333,00
2127,00
12500,00
20000,00
20000,00
552,00
16666,00
14285,00
5000,00
2272,00
1470,00
50000,00
10000,00
9090,00
14285,00
10000,00
33333,00
1886,00
1250,00
294,00
14285,00
20000,00
5263,00
11111,00
20000,00
7692,00
7692,00
7692,00
2777,00
25000,00
33333,00
16666,00
1449,00
14285,00
33333,00
5263,00
2631,00
1666,00
33333,00
8333,00
10000,00
33333,00
16666,00
25000,00
2777,00
1010,00
251,00
16666,00
8333,00
3571,00
50000,00
25000,00
7142,00
4347,00
4761,00
1250,00
20000,00
25000,00
9090,00
20000,00
25000,00
10000,00
5263,00
1562,00
1086,00
33333,00
9090,00
6666,00
33333,00
5000,00
11111,00
1612,00
862,00
184,00
11111,00
7692,00
1818,00
25000,00
16666,00
5000,00
7692,00
6666,00
1923,00
25000,00
20000,00
14285,00
25000,00
33333,00
25000,00
4545,00
3333,00
1176,00
50000,00
25000,00
10000,00
50000,00
25000,00
20000,00
2272,00
980,00
156,00
12500,00
11111,00
2857,00
14285,00
25000,00
5882,00
9090,00
5882,00
1851,00
20000,00
25000,00
11111,00
33333,00
100000,00
25000,00
5555,00
2272,00
1111,00
50000,00
12500,00
9090,00
50000,00
25000,00
16666,00
1818,00
671,00
129,00
16666,00
7692,00
2631,00
33333,00
16666,00
6666,00
5263,00
2564,00
1063,00
33333,00
20000,00
7142,00
50000,00
16666,00
11111,00
4000,00
1923,00
662,00
33333,00
12500,00
4545,00
50000,00
16666,00
8333,00
1075,00
512,00
72,00
10000,00
5000,00
1388,00
20000,00
11111,00
2083,00
869,00
2380,00
581,00
10000,00
14285,00
4000,00
5882,00
25000,00
8333,00
1785,00
1234,00
444,00
9090,00
10000,00
2439,00
16666,00
20000,00
7692,00
416,00
393,00
74,00
5555,00
2439,00
862,00
7142,00
6250,00
1960,00
3030,00
1666,00
543,00
12500,00
10000,00
3125,00
20000,00
16666,00
9090,00
1639,00
1020,00
353,00
11111,00
10000,00
1923,00
16666,00
25000,00
5882,00
561,00
319,00
96,00
3125,00
2000,00
709,00
10000,00
5555,00
1538,00
1492,00
934,00
291,00
14285,00
8333,00
1724,00
7692,00
20000,00
3846,00
1000,00
581,00
189,00
7692,00
4761,00
1136,00
16666,00
10000,00
2500,00
282,00
190,00
46,00
2127,00
1204,00
392,00
4545,00
2564,00
909,00
3703,00
2272,00
757,00
20000,00
12500,00
4761,00
33333,00
33333,00
11111,00
2222,00
1408,00
497,00
16666,00
7692,00
2941,00
14285,00
14285,00
9090,00
746,00
440,00
95,00
5555,00
2325,00
952,00
11111,00
8333,00
2325,00
3125,00
1666,00
632,00
14285,00
14285,00
3846,00
12500,00
20000,00
10000,00
1754,00
1111,00
373,00
12500,00
7142,00
2439,00
33333,00
12500,00
7142,00
657,00
325,00
64,00
4761,00
2325,00
840,00
9090,00
5882,00
1923,00
1886,00
990,00
348,00
11111,00
7692,00
1886,00
16666,00
20000,00
4347,00
1136,00
689,00
207,00
8333,00
4761,00
1250,00
14285,00
12500,00
2777,00
398,00
216,00
46,00
2222,00
1388,00
465,00
6666,00
2857,00
1123,00
1492,00
1612,00
512,00
12500,00
11111,00
2857,00
9090,00
16666,00
6666,00
1886,00
1000,00
343,00
12500,00
6250,00
1785,00
14285,00
12500,00
5882,00
336,00
279,00
29,00
3703,00
2000,00
657,00
5000,00
5000,00
1190,00
2325,00
1388,00
467,00
14285,00
8333,00
2127,00
25000,00
14285,00
5263,00
1587,00
952,00
286,00
12500,00
6250,00
1587,00
11111,00
11111,00
3846,00
497,00
248,00
30,00
3333,00
1785,00
613,00
5882,00
3448,00
1282,00
1204,00
757,00
239,00
8333,00
4166,00
1250,00
5882,00
9090,00
2380,00
847,00
478,00
150,00
6250,00
2380,00
847,00
10000,00
6666,00
1923,00
214,00
147,00
11,00
1538,00
877,00
326,00
2777,00
2000,00
492,00
4545,00
5882,00
1923,00
6666,00
14285,00
11111,00
14285,00
50000,00
20000,00
4347,00
2777,00
1123,00
25000,00
12500,00
7142,00
11111,00
33333,00
33333,00
1388,00
1020,00
261,00
5263,00
7142,00
2325,00
12500,00
14285,00
5555,00
7692,00
4545,00
1754,00
8333,00
20000,00
12500,00
33333,00
25000,00
25000,00
4761,00
2173,00
900,00
16666,00
14285,00
7692,00
25000,00
25000,00
14285,00
1265,00
757,00
240,00
1923,00
6666,00
2083,00
16666,00
16666,00
5555,00
4347,00
2222,00
847,00
9090,00
12500,00
5555,00
11111,00
20000,00
11111,00
2702,00
1562,00
537,00
16666,00
12500,00
4166,00
33333,00
33333,00
8333,00
1075,00
561,00
157,00
5000,00
3703,00
1136,00
12500,00
8333,00
2325,00
8333,00
5882,00
2380,00
25000,00
100000,00
12500,00
50000,00
50000,00
20000,00
6250,00
2173,00
1408,00
10000,00
11111,00
8333,00
50000,00
25000,00
33333,00
1851,00
1315,00
252,00
12500,00
8333,00
2500,00
33333,00
25000,00
7692,00
10000,00
5882,00
2000,00
50000,00
100000,00
10000,00
50000,00
100000,00
16666,00
4166,00
1851,00
1098,00
20000,00
4347,00
6666,00
50000,00
25000,00
14285,00
1785,00
826,00
161,00
8333,00
6250,00
2500,00
25000,00
25000,00
5555,00
6250,00
2631,00
943,00
11111,00
12500,00
5882,00
33333,00
33333,00
12500,00
3333,00
1923,00
657,00
14285,00
14285,00
4000,00
50000,00
25000,00
11111,00
1219,00
609,00
121,00
7692,00
3846,00
1315,00
12500,00
11111,00
2941,00
6250,00
4166,00
1612,00
20000,00
33333,00
8333,00
20000,00
100000,00
33333,00
3846,00
1562,00
757,00
25000,00
20000,00
5882,00
14285,00
20000,00
10000,00
1204,00
689,00
105,00
11111,00
7142,00
1886,00
20000,00
20000,00
4347,00
5555,00
4347,00
1470,00
25000,00
50000,00
7142,00
100000,00
20000,00
16666,00
5882,00
1851,00
763,00
33333,00
12500,00
5555,00
100000,00
33333,00
14285,00
1351,00
495,00
73,00
5263,00
5263,00
1075,00
14285,00
20000,00
4000,00
4000,00
2127,00
699,00
20000,00
20000,00
4347,00
25000,00
33333,00
6666,00
2127,00
1449,00
483,00
20000,00
11111,00
2702,00
20000,00
33333,00
6666,00
793,00
436,00
48,00
5882,00
2702,00
943,00
10000,00
6666,00
1754,00
1282,00
3846,00
1111,00
11111,00
11111,00
9090,00
961,00
20000,00
5882,00
3571,00
1785,00
1176,00
16666,00
6666,00
7142,00
25000,00
50000,00
20000,00
699,00
980,00
154,00
5882,00
8333,00
2127,00
3030,00
10000,00
2777,00
3225,00
6666,00
1923,00
11111,00
100000,00
12500,00
1250,00
16666,00
16666,00
3846,00
2272,00
1123,00
50000,00
16666,00
7142,00
20000,00
25000,00
16666,00
1098,00
952,00
256,00
7142,00
10000,00
2040,00
20000,00
16666,00
6250,00
2500,00
3030,00
892,00
14285,00
25000,00
6250,00
5263,00
25000,00
6250,00
3125,00
1923,00
704,00
33333,00
14285,00
4761,00
50000,00
20000,00
14285,00
787,00
689,00
129,00
6250,00
4761,00
1282,00
7142,00
9090,00
2941,00
5000,00
6666,00
2325,00
50000,00
25000,00
14285,00
12500,00
50000,00
25000,00
4166,00
2325,00
1612,00
33333,00
16666,00
11111,00
16666,00
100000,00
20000,00
1587,00
1265,00
285,00
14285,00
8333,00
3333,00
16666,00
33333,00
7142,00
9090,00
6666,00
2127,00
33333,00
25000,00
9090,00
16666,00
50000,00
14285,00
5000,00
2500,00
1470,00
33333,00
14285,00
11111,00
33333,00
50000,00
16666,00
2127,00
1123,00
240,00
10000,00
6666,00
2564,00
20000,00
20000,00
5000,00
6666,00
4166,00
1111,00
25000,00
20000,00
7692,00
50000,00
50000,00
14285,00
3571,00
1851,00
757,00
20000,00
16666,00
5263,00
50000,00
50000,00
11111,00
1408,00
757,00
159,00
7692,00
5882,00
1515,00
10000,00
10000,00
3225,00
2380,00
3703,00
1204,00
33333,00
14285,00
14285,00
7142,00
25000,00
14285,00
3448,00
2040,00
961,00
16666,00
14285,00
7142,00
20000,00
20000,00
12500,00
934,00
862,00
81,00
14285,00
7142,00
1923,00
7692,00
16666,00
2631,00
3448,00
5263,00
1538,00
16666,00
12500,00
6666,00
12500,00
16666,00
14285,00
4545,00
2325,00
1030,00
25000,00
7142,00
6666,00
20000,00
11111,00
11111,00
1449,00
740,00
105,00
8333,00
6250,00
2000,00
11111,00
8333,00
3333,00
2777,00
2272,00
746,00
20000,00
14285,00
5000,00
12500,00
25000,00
6666,00
2857,00
1388,00
507,00
16666,00
7692,00
2702,00
25000,00
16666,00
7142,00
507,00
446,00
34,00
4000,00
2857,00
862,00
4545,00
5882,00
296,00
