





































































































































































































































































































































































































































































































































































































































































































































































































































































































































































































































































































































4639,00
4253,00
3645,00
8506,00
7291,00
10208,00
10208,00
12761,00
7292,00
17014,00
7292,00
12761,00
10208,00
2430,00
4640,00
4640,00
2126,00
2686,00
6381,00
810,00
2127,00
3190,00
7294,00
8509,00
10211,00
17019,00
4641,00
12764,00
5673,00
5673,00
7294,00
12765,00
10212,00
17020,00
12765,00
5106,00
10212,00
8510,00
17020,00
12765,00
646,00
1501,00
2127,00
415,00
1042,00
1647,00
156,00
364,00
561,00
2321,00
4255,00
12768,00
3648,00
5674,00
5107,00
1276,00
2688,00
5107,00
5674,00
3404,00
8513,00
5108,00
12772,00
12772,00
2838,00
8516,00
12774,00
1277,00
3930,00
7299,00
1135,00
2043,00
3406,00
440,00
964,00
1344,00
2838,00
4645,00
25550,00
3193,00
2555,00
10222,00
2555,00
3006,00
5679,00
6389,00
7302,00
51120,00
10224,00
7302,00
12780,00
6390,00
10224,00
25560,00
2222,00
3195,00
6390,00
1549,00
3408,00
6390,00
631,00
1310,00
1966,00
5681,00
6392,00
6392,00
5681,00
4648,00
5113,00
3409,00
4261,00
8523,00
7305,00
516,00
51136,00
17043,00
12782,00
8521,00
8521,00
25566,00
25566,00
1043,00
2840,00
3408,00
673,00
1894,00
2324,00
247,00
608,00
897,00
3934,00
12788,00
8525,00
5683,00
12788,00
10230,00
1763,00
3934,00
6394,00
5683,00
8525,00
8525,00
12788,00
25578,00
17052,00
4650,00
17053,00
25584,00
2558,00
6396,00
5117,00
1705,00
5117,00
7310,00
609,00
1764,00
2132,00
8529,00
25600,00
12800,00
10240,00
25603,00
25603,00
4655,00
12803,00
25606,00
8535,00
8535,00
17071,00
7316,00
17072,00
17072,00
7316,00
17072,00
12804,00
3939,00
6402,00
17072,00
2226,00
7316,00
8534,00
1024,00
2560,00
3657,00
10242,00
12802,00
10242,00
17070,00
51211,00
8535,00
8535,00
17071,00
51213,00
17071,00
17071,00
12803,00
17074,00
25611,00
25611,00
12805,00
17074,00
25612,00
1280,00
2696,00
3940,00
1024,00
2439,00
3013,00
350,00
883,00
1191,00
17079,00
4658,00
7319,00
7320,00
12810,00
25620,00
2049,00
4270,00
7323,00
7323,00
8544,00
10253,00
10253,00
17088,00
12818,00
5697,00
12818,00
17092,00
4661,00
6409,00
7326,00
2699,00
5128,00
5128,00
986,00
2229,00
3205,00
7326,00
12821,00
25643,00
25643,00
10257,00
10257,00
7326,00
8547,00
12821,00
12824,00
51296,00
51296,00
10259,00
51297,00
12824,00
17099,00
17099,00
932,00
3945,00
8549,00
5699,00
2849,00
7328,00
17103,00
1350,00
3018,00
5701,00
12828,00
17104,00
17104,00
17104,00
17104,00
51317,00
8553,00
2565,00
25659,00
12830,00
5702,00
395,00
25661,00
12830,00
10265,00
7332,00
25662,00
25663,00
1047,00
2701,00
3666,00
777,00
1900,00
2701,00
268,00
658,00
855,00
5704,00
6417,00
10267,00
5704,00
17113,00
25669,00
1770,00
5133,00
7334,00
8556,00
12835,00
5704,00
8556,00
51340,00
12835,00
4278,00
3949,00
17113,00
3020,00
6417,00
5134,00
1901,00
4667,00
3949,00
723,00
1770,00
2232,00
5704,00
12835,00
8556,00
12842,00
12842,00
51368,00
3951,00
17123,00
17123,00
10273,00
25686,00
25688,00
10275,00
17125,00
10275,00
8563,00
17127,00
17127,00
2335,00
7340,00
7340,00
2854,00
7340,00
12846,00
1048,00
2854,00
3211,00
17128,00
12846,00
25693,00
10277,00
51387,00
12847,00
5709,00
25695,00
17132,00
51407,00
17138,00
17138,00
25707,00
51414,00
51418,00
12858,00
25719,00
4676,00
176,00
541,00
714,00
138,00
345,00
467,00
46,00
122,00
159,00
1390,00
3215,00
3429,00
970,00
2338,00
3675,00
367,00
872,00
1319,00
1905,00
3958,00
3675,00
2144,00
7351,00
7351,00
902,00
2144,00
3027,00
584,00
1255,00
1715,00
378,00
953,00
1196,00
132,00
332,00
439,00
2573,00
6433,00
10295,00
2573,00
7354,00
7354,00
971,00
2340,00
3217,00
4290,00
5149,00
10298,00
5149,00
8582,00
7356,00
2238,00
5721,00
5721,00
677,00
1907,00
1609,00
553,00
1256,00
1716,00
183,00
476,00
598,00
3678,00
4291,00
7357,00
3678,00
7357,00
12878,00
1320,00
3434,00
5151,00
3030,00
7359,00
4683,00
8587,00
25762,00
25762,00
2576,00
7360,00
7360,00
312,00
736,00
1120,00
191,00
505,00
644,00
68,00
167,00
248,00
1908,00
3681,00
3681,00
1431,00
3964,00
5726,00
481,00
1051,00
1610,00
2712,00
4685,00
6443,00
2713,00
8593,00
17188,00
1257,00
2865,00
5157,00
781,00
1719,00
2456,00
505,00
1146,00
1664,00
182,00
460,00
621,00
4691,00
7372,00
6451,00
4691,00
6451,00
8601,00
1200,00
3225,00
4300,00
8601,00
17203,00
12902,00
5161,00
12902,00
8602,00
3440,00
10322,00
10322,00
889,00
2867,00
3226,00
688,00
1843,00
1564,00
259,00
688,00
955,00
3441,00
6452,00
4301,00
5162,00
10324,00
10324,00
1613,00
4693,00
7374,00
5735,00
8603,00
6454,00
7376,00
12909,00
51637,00
5163,00
10327,00
17213,00
197,00
532,00
670,00
140,00
358,00
501,00
47,00
129,00
171,00
1201,00
3228,00
2718,00
993,00
2582,00
3228,00
368,00
819,00
1259,00
1201,00
3443,00
860,00
2348,00
6457,00
10332,00
906,00
2152,00
2719,00
615,00
1519,00
1913,00
377,00
956,00
1291,00
138,00
344,00
496,00
3039,00
10334,00
6459,00
2153,00
6459,00
7382,00
1033,00
2067,00
3229,00
4698,00
8613,00
5742,00
4698,00
12919,00
6459,00
1914,00
6459,00
4698,00
622,00
2067,00
1202,00
497,00
1174,00
1520,00
178,00
517,00
574,00
5170,00
17236,00
17236,00
3447,00
12927,00
12927,00
1566,00
3231,00
5171,00
2721,00
7387,00
4309,00
8618,00
51713,00
8618,00
1846,00
10342,00
1915,00
601,00
1616,00
2068,00
385,00
975,00
1292,00
145,00
354,00
483,00
3042,00
4701,00
6464,00
2585,00
5746,00
12928,00
1034,00
2154,00
3693,00
5171,00
17238,00
10343,00
4701,00
25858,00
17239,00
2350,00
6464,00
12929,00
1567,00
3447,00
5746,00
1055,00
3042,00
2873,00
383,00
907,00
1326,00
4310,00
12931,00
12931,00
6465,00
10345,00
8621,00
2586,00
7389,00
10345,00
7389,00
10345,00
8621,00
1847,00
25864,00
10345,00
6466,00
25864,00
51728,00
2586,00
7389,00
5747,00
1436,00
4310,00
5747,00
544,00
1477,00
1989,00
3979,00
25865,00
5173,00
8621,00
51732,00
51732,00
4311,00
6466,00
7390,00
25866,00
8622,00
10346,00
17244,00
51732,00
51732,00
12933,00
51732,00
51732,00
876,00
2155,00
3233,00
608,00
1361,00
1783,00
202,00
470,00
680,00
5748,00
17246,00
25870,00
4703,00
8623,00
12935,00
1567,00
3233,00
5174,00
10348,00
25872,00
17248,00
8624,00
51745,00
25872,00
3696,00
8624,00
12936,00
2156,00
5749,00
8624,00
1617,00
3044,00
5175,00
575,00
1327,00
1990,00
8626,00
25878,00
51757,00
6470,00
5176,00
7394,00
4705,00
10352,00
17254,00
17254,00
12943,00
51774,00
12943,00
25889,00
25890,00
12945,00
25890,00
17260,00
3698,00
10356,00
12945,00
2071,00
6473,00
8630,00
784,00
1918,00
2725,00
25895,00
17263,00
25899,00
17266,00
12949,00
6474,00
5755,00
17267,00
10360,00
12950,00
25901,00
10360,00
25901,00
17267,00
25901,00
17268,00
25902,00
17268,00
602,00
1480,00
2158,00
424,00
1102,00
1400,00
146,00
338,00
503,00
4318,00
17272,00
8636,00
3048,00
10364,00
8636,00
959,00
2253,00
4318,00
5759,00
25918,00
12960,00
8640,00
25923,00
17282,00
3049,00
7406,00
12961,00
1620,00
5184,00
5184,00
1178,00
3240,00
3703,00
418,00
960,00
1401,00
10371,00
10371,00
10371,00
6481,00
12964,00
12964,00
2880,00
3457,00
8643,00
8643,00
10372,00
8643,00
10372,00
25931,00
2469,00
8643,00
10372,00
25931,00
2593,00
6483,00
6483,00
1440,00
3989,00
5187,00
624,00
1482,00
1995,00
7410,00
640,00
25937,00
12968,00
12968,00
8646,00
5187,00
7411,00
7411,00
25939,00
12971,00
25942,00
17294,00
25942,00
5188,00
12971,00
25942,00
8647,00
836,00
1995,00
3242,00
557,00
1402,00
2256,00
216,00
494,00
752,00
6486,00
5765,00
7413,00
4324,00
10378,00
10378,00
1526,00
3992,00
5766,00
5190,00
8651,00
4325,00
12977,00
12977,00
25956,00
2732,00
12978,00
10382,00
2884,00
5191,00
8652,00
1526,00
3993,00
7416,00
576,00
1526,00
2163,00
10382,00
17304,00
17304,00
8652,00
25957,00
12978,00
3708,00
12980,00
17306,00
7417,00
10384,00
12980,00
12980,00
25960,00
25960,00
12981,00
51924,00
25962,00
3994,00
8654,00
3245,00
2472,00
7418,00
12981,00
798,00
2257,00
2733,00
17309,00
8655,00
12982,00
8655,00
25967,00
25967,00
6492,00
17312,00
17312,00
10387,00
12984,00
2473,00
25969,00
12984,00
25969,00
8656,00
51940,00
5194,00
1207,00
3246,00
4722,00
895,00
2361,00
2733,00
316,00
787,00
1018,00
6493,00
25973,00
12986,00
6493,00
12986,00
17316,00
2361,00
5772,00
7421,00
6494,00
25976,00
51963,00
17328,00
51987,00
12996,00
5776,00
12997,00
12997,00
4000,00
7429,00
7429,00
2262,00
5203,00
5783,00
788,00
1928,00
2603,00
26036,00
1062,00
26041,00
13023,00
17364,00
10418,00
6512,00
10420,00
7443,00
676,00
26053,00
52113,00
17371,00
26057,00
26062,00
10424,00
26065,00
840,00
5213,00
26070,00
13035,00
3259,00
6518,00
6518,00
1213,00
3477,00
4631,00
50961,00
25482,00
25483,00
50966,00
50969,00
25485,00
10194,00
25485,00
12743,00
10194,00
25486,00
2427,00
10194,00
10194,00
7281,00
25488,00
16993,00
50979,00
809,00
2039,00
2998,00
688,00
1499,00
2427,00
228,00
542,00
760,00
7283,00
16994,00
16994,00
5665,00
12746,00
12746,00
1699,00
4249,00
6373,00
4635,00
12748,00
10198,00
10199,00
25497,00
16998,00
4636,00
3922,00
7285,00
2318,00
5666,00
7285,00
1758,00
3642,00
5099,00
621,00
1457,00
2039,00
5666,00
50998,00
16999,00
10199,00
10199,00
17000,00
4250,00
6375,00
8501,00
12752,00
25505,00
17003,00
25506,00
8502,00
12753,00
12754,00
25508,00
10203,00
2218,00
12754,00
8503,00
2429,00
7288,00
10204,00
836,00
2040,00
1379,00
51024,00
25512,00
17008,00
25512,00
8504,00
51024,00
6378,00
12756,00
10204,00
5102,00
25513,00
4638,00
12758,00
17010,00
785,00
3402,00
10206,00
303,00
