





































































































































































































































































































































































































































































































































































































































































































































































































































































































































































































































































































































2500,00
5555,00
787,00
5263,00
1724,00
2173,00
2380,00
5000,00
4000,00
7142,00
9090,00
25000,00
7692,00
1086,00
1315,00
1886,00
2941,00
2631,00
5555,00
4000,00
6666,00
6666,00
2000,00
1492,00
2439,00
3448,00
2325,00
8333,00
7692,00
7692,00
10000,00
1538,00
2040,00
2325,00
4761,00
3846,00
5555,00
8333,00
16666,00
5263,00
1639,00
2631,00
3703,00
4166,00
5555,00
6250,00
6250,00
7692,00
11111,00
2941,00
2857,00
4545,00
6666,00
5882,00
10000,00
11111,00
8333,00
16666,00
2439,00
2941,00
3448,00
5882,00
5000,00
9090,00
6250,00
12500,00
9090,00
1818,00
3448,00
2941,00
6250,00
5555,00
9090,00
7692,00
10000,00
11111,00
2272,00
1666,00
4347,00
5882,00
4166,00
7142,00
5882,00
483,00
6250,00
2439,00
3846,00
4166,00
6250,00
5882,00
10000,00
11111,00
9090,00
14285,00
1250,00
2040,00
2325,00
4545,00
5555,00
5000,00
6250,00
12500,00
12500,00
2325,00
2439,00
3030,00
5882,00
5555,00
4761,00
10000,00
7142,00
9090,00
1923,00
3846,00
2857,00
4545,00
3571,00
7142,00
8333,00
10000,00
6666,00
136,00
302,00
364,00
689,00
1408,00
1388,00
1010,00
1818,00
2127,00
242,00
432,00
657,00
925,00
1923,00
2000,00
1470,00
2857,00
3333,00
243,00
495,00
561,00
917,00
1612,00
1851,00
1515,00
2857,00
2222,00
195,00
302,00
490,00
833,00
1754,00
1639,00
1315,00
2439,00
2380,00
233,00
285,00
609,00
1020,00
1086,00
2439,00
1587,00
2439,00
4000,00
291,00
492,00
657,00
1052,00
2173,00
2777,00
1785,00
4347,00
3225,00
160,00
297,00
316,00
709,00
1282,00
1333,00
1041,00
2040,00
1724,00
257,00
429,00
502,00
1123,00
1785,00
2040,00
1694,00
3125,00
3125,00
250,00
476,00
396,00
1098,00
1960,00
1851,00
1428,00
2631,00
1408,00
432,00
1000,00
1190,00
1351,00
3030,00
3125,00
3125,00
5882,00
5555,00
719,00
952,00
1351,00
2272,00
2222,00
3030,00
4761,00
3448,00
7692,00
740,00
1030,00
1538,00
2222,00
3333,00
3703,00
3703,00
7142,00
7692,00
609,00
847,00
1176,00
2040,00
2564,00
2941,00
3846,00
6250,00
6666,00
625,00
473,00
1428,00
1694,00
632,00
2777,00
5882,00
3030,00
11111,00
787,00
1219,00
1515,00
2631,00
2702,00
3030,00
5263,00
4545,00
5555,00
505,00
840,00
793,00
1754,00
2702,00
2380,00
2857,00
4545,00
5000,00
800,00
769,00
1234,00
2325,00
2173,00
2702,00
4545,00
1923,00
5882,00
813,00
909,00
980,00
2777,00
2173,00
1886,00
4761,00
4166,00
3703,00
813,00
1388,00
1369,00
2380,00
5263,00
4545,00
3846,00
8333,00
5263,00
1538,00
2222,00
1851,00
3448,00
7692,00
6250,00
4761,00
9090,00
8333,00
1075,00
2564,00
2083,00
3448,00
6250,00
6666,00
4545,00
6666,00
7142,00
1041,00
1562,00
1923,00
2631,00
4347,00
4166,00
4545,00
9090,00
9090,00
1351,00
1754,00
2777,00
4166,00
7142,00
4545,00
6250,00
4761,00
6666,00
1470,00
2439,00
2127,00
3448,00
6666,00
4347,00
4761,00
4761,00
7692,00
781,00
1075,00
952,00
2380,00
2941,00
2941,00
3125,00
5263,00
3703,00
1063,00
1538,00
1515,00
3333,00
6250,00
3125,00
4545,00
6250,00
4000,00
970,00
1587,00
1162,00
3333,00
3846,00
3125,00
3225,00
3703,00
1960,00
300,00
793,00
502,00
1315,00
2222,00
2222,00
1369,00
2631,00
1818,00
746,00
1369,00
1282,00
2000,00
3846,00
4166,00
2564,00
4761,00
4761,00
558,00
980,00
877,00
1639,00
3030,00
3030,00
2222,00
4000,00
2702,00
480,00
892,00
833,00
1428,00
2857,00
2564,00
1851,00
3225,00
3846,00
757,00
1123,00
1250,00
2325,00
3333,00
3846,00
2857,00
5555,00
4761,00
598,00
1075,00
1219,00
1754,00
3571,00
3448,00
2500,00
4166,00
4545,00
332,00
653,00
531,00
1204,00
2040,00
2222,00
1408,00
2631,00
2127,00
632,00
1063,00
1098,00
1538,00
2777,00
2941,00
2380,00
4166,00
3448,00
471,00
1111,00
735,00
1587,00
2857,00
3125,00
1886,00
3448,00
1612,00
1086,00
2000,00
1785,00
2857,00
6666,00
4761,00
3448,00
6666,00
5000,00
1923,00
2941,00
2941,00
5000,00
10000,00
5555,00
7142,00
10000,00
4761,00
1538,00
2500,00
2325,00
3448,00
6250,00
5555,00
7142,00
11111,00
11111,00
1250,00
2325,00
2564,00
3846,00
5882,00
6250,00
6250,00
11111,00
5263,00
1960,00
2222,00
3225,00
5263,00
4347,00
6666,00
9090,00
8333,00
5882,00
1694,00
3030,00
2631,00
4761,00
6250,00
5263,00
8333,00
10000,00
8333,00
1075,00
1351,00
1408,00
2380,00
4000,00
2857,00
4166,00
7142,00
4347,00
1587,00
2500,00
2040,00
5000,00
5263,00
6666,00
7692,00
5882,00
10000,00
1538,00
3125,00
1886,00
3846,00
5263,00
5555,00
7142,00
11111,00
4545,00
699,00
2380,00
1234,00
3703,00
6666,00
3333,00
2702,00
8333,00
2000,00
2040,00
2777,00
3703,00
7692,00
7142,00
5263,00
6250,00
11111,00
6666,00
1388,00
2631,00
641,00
4761,00
8333,00
5882,00
4166,00
12500,00
2222,00
1515,00
2040,00
2439,00
3571,00
5263,00
4347,00
5555,00
6250,00
5000,00
2040,00
2500,00
3225,00
6250,00
4545,00
7692,00
5000,00
4761,00
5000,00
2325,00
3846,00
2941,00
4545,00
11111,00
6250,00
6250,00
8333,00
5263,00
746,00
1538,00
735,00
2857,00
4545,00
3030,00
1923,00
5882,00
1818,00
1960,00
2857,00
2272,00
6250,00
7692,00
7142,00
5555,00
5555,00
4000,00
1149,00
3703,00
1041,00
4000,00
5555,00
3333,00
2631,00
6666,00
568,00
460,00
1020,00
970,00
1562,00
3030,00
2439,00
2272,00
3571,00
4000,00
826,00
1538,00
1333,00
2173,00
4000,00
4545,00
3225,00
4545,00
5882,00
675,00
1136,00
1111,00
1639,00
3448,00
4000,00
2857,00
4545,00
5882,00
591,00
1086,00
990,00
1612,00
3571,00
3225,00
2564,00
5555,00
5263,00
877,00
1369,00
1612,00
3125,00
5555,00
5263,00
3703,00
5882,00
7692,00
775,00
1250,00
1219,00
1369,00
4166,00
3703,00
3225,00
5555,00
5882,00
476,00
826,00
671,00
1492,00
2702,00
2439,00
1886,00
3846,00
3225,00
751,00
1190,00
1010,00
2040,00
4545,00
3125,00
3030,00
5000,00
5263,00
699,00
1123,00
909,00
2040,00
4347,00
4545,00
3030,00
5263,00
3703,00
1298,00
2702,00
2222,00
3846,00
5555,00
6250,00
5000,00
6666,00
7692,00
2500,00
3846,00
2941,00
5555,00
7692,00
5882,00
11111,00
10000,00
12500,00
1851,00
2777,00
2857,00
5000,00
9090,00
7142,00
8333,00
12500,00
20000,00
1666,00
2325,00
2380,00
5882,00
6250,00
10000,00
8333,00
10000,00
16666,00
2325,00
2702,00
3333,00
4761,00
3703,00
5882,00
9090,00
5882,00
9090,00
2439,00
4000,00
3225,00
9090,00
10000,00
7692,00
10000,00
16666,00
14285,00
1149,00
2083,00
1666,00
3125,00
5882,00
4761,00
4347,00
10000,00
14285,00
1666,00
2941,00
2564,00
5882,00
6250,00
3846,00
6666,00
6666,00
14285,00
1923,00
3571,00
2702,00
5263,00
5555,00
5000,00
8333,00
9090,00
10000,00
1369,00
2777,00
2173,00
4347,00
9090,00
5000,00
6666,00
7142,00
4347,00
2325,00
4761,00
4761,00
5555,00
10000,00
14285,00
9090,00
20000,00
12500,00
2631,00
3571,00
3703,00
6666,00
9090,00
3225,00
12500,00
11111,00
9090,00
2040,00
3846,00
2857,00
5000,00
7142,00
6250,00
8333,00
11111,00
11111,00
2857,00
4000,00
3333,00
6666,00
7142,00
8333,00
9090,00
7142,00
16666,00
2380,00
4166,00
3448,00
4761,00
7692,00
1851,00
11111,00
16666,00
9090,00
1111,00
1923,00
1515,00
3703,00
7142,00
4166,00
5000,00
11111,00
7142,00
2380,00
3225,00
2941,00
6250,00
12500,00
7692,00
5555,00
10000,00
7692,00
1923,00
3225,00
2272,00
5555,00
7692,00
7142,00
8333,00
9090,00
4545,00
165,00
487,00
320,00
847,00
1612,00
1587,00
1000,00
2325,00
1694,00
403,00
689,00
751,00
1282,00
2222,00
2439,00
1694,00
2941,00
2564,00
268,00
617,00
471,00
1098,00
2272,00
2173,00
1204,00
2564,00
2083,00
281,00
552,00
485,00
892,00
1851,00
1587,00
1176,00
2500,00
2040,00
460,00
793,00
819,00
1351,00
2222,00
2439,00
1785,00
2702,00
3225,00
413,00
793,00
724,00
1176,00
2439,00
2173,00
1694,00
2941,00
2777,00
191,00
440,00
267,00
763,00
1562,00
1204,00
775,00
1818,00
1000,00
380,00
735,00
625,00
1250,00
2173,00
2083,00
1515,00
3225,00
2941,00
265,00
641,00
333,00
1176,00
2083,00
1666,00
1000,00
2127,00
917,00
613,00
1351,00
1351,00
2173,00
4166,00
4000,00
3125,00
5555,00
5263,00
1162,00
1886,00
2083,00
3703,00
5263,00
4545,00
4761,00
8333,00
6250,00
980,00
1587,00
1785,00
3030,00
5882,00
4545,00
4166,00
6250,00
7692,00
840,00
1265,00
1388,00
2380,00
5882,00
5882,00
3125,00
8333,00
6666,00
1333,00
2000,00
2222,00
3703,00
2777,00
4761,00
4347,00
5882,00
6250,00
1149,00
1818,00
1923,00
3333,00
4166,00
3448,00
4545,00
6666,00
3225,00
571,00
869,00
840,00
1724,00
3703,00
3846,00
2173,00
4347,00
4761,00
1136,00
1369,00
1351,00
3571,00
4000,00
4761,00
3703,00
5555,00
5555,00
813,00
1298,00
1052,00
2439,00
2857,00
2083,00
3846,00
5263,00
3030,00
540,00
1612,00
943,00
2380,00
4545,00
4000,00
2941,00
5263,00
2631,00
1408,00
2631,00
2325,00
3846,00
5882,00
6250,00
4761,00
8333,00
9090,00
1162,00
2439,00
1204,00
3703,00
7142,00
3448,00
3703,00
6250,00
2631,00
1030,00
1562,00
1449,00
2777,00
4545,00
3703,00
3571,00
5882,00
6250,00
1538,00
2325,00
3125,00
5000,00
6250,00
7142,00
5882,00
5882,00
7692,00
1612,00
2325,00
2127,00
3846,00
5263,00
4166,00
5000,00
6666,00
4761,00
429,00
990,00
546,00
2040,00
3125,00
3846,00
1754,00
3225,00
1538,00
1219,00
1538,00
1333,00
3225,00
3846,00
3571,00
4545,00
4545,00
4000,00
595,00
1219,00
537,00
2631,00
3846,00
2222,00
2000,00
3125,00
291,00
