




























































































































































































































































































































































































































































































































































































































































































































































































































































































































































































































































































































































































































































































































































































































































































































































3333,00
1265,00
2777,00
1694,00
534,00
2777,00
1851,00
510,00
1724,00
1204,00
497,00
2777,00
7142,00
1818,00
5000,00
8333,00
3448,00
4166,00
7142,00
2777,00
3846,00
3846,00
1724,00
6250,00
4761,00
1886,00
7692,00
4347,00
1923,00
2272,00
1754,00
460,00
3448,00
2222,00
598,00
2857,00
1470,00
442,00
5000,00
3125,00
1351,00
3703,00
4166,00
1250,00
3571,00
1960,00
813,00
3030,00
1388,00
578,00
2941,00
1515,00
543,00
1666,00
943,00
456,00
952,00
492,00
123,00
833,00
609,00
102,00
689,00
401,00
108,00
6666,00
6250,00
3333,00
8333,00
6250,00
2564,00
8333,00
5000,00
2127,00
5000,00
2702,00
1408,00
6666,00
2380,00
1219,00
4347,00
2631,00
1010,00
1886,00
1136,00
387,00
2222,00
1098,00
284,00
1470,00
800,00
352,00
7142,00
6666,00
3125,00
8333,00
10000,00
2439,00
7142,00
6250,00
2222,00
5555,00
2702,00
1098,00
7692,00
4545,00
1388,00
5555,00
2777,00
1098,00
2941,00
1428,00
408,00
2272,00
1666,00
431,00
1754,00
1098,00
425,00
1449,00
1639,00
515,00
2325,00
1694,00
699,00
1851,00
1063,00
490,00
1587,00
840,00
350,00
1388,00
952,00
313,00
917,00
581,00
251,00
500,00
328,00
44,00
502,00
318,00
49,00
387,00
234,00
33,00
7142,00
3448,00
1538,00
5555,00
4166,00
1369,00
4545,00
2325,00
980,00
2564,00
1851,00
729,00
3225,00
1754,00
719,00
1754,00
1298,00
558,00
1149,00
704,00
181,00
1176,00
657,00
163,00
800,00
473,00
142,00
5555,00
4761,00
1470,00
5882,00
5000,00
1818,00
4000,00
3125,00
1219,00
4166,00
2222,00
934,00
4545,00
2272,00
900,00
3030,00
1785,00
689,00
1388,00
793,00
198,00
1388,00
833,00
226,00
1052,00
598,00
133,00
14285,00
10000,00
5263,00
16666,00
20000,00
4166,00
16666,00
9090,00
4761,00
7142,00
4166,00
2222,00
9090,00
8333,00
3448,00
8333,00
3846,00
1754,00
3846,00
2777,00
884,00
5000,00
2702,00
826,00
3448,00
1724,00
729,00
14285,00
12500,00
5263,00
7142,00
25000,00
3846,00
10000,00
10000,00
4761,00
12500,00
5555,00
3846,00
14285,00
14285,00
4166,00
12500,00
8333,00
2857,00
8333,00
6250,00
1190,00
1562,00
5882,00
1149,00
6666,00
4000,00
1234,00
6666,00
11111,00
5000,00
12500,00
10000,00
5263,00
16666,00
8333,00
7142,00
9090,00
2941,00
2500,00
20000,00
14285,00
6250,00
20000,00
6666,00
3703,00
16666,00
5555,00
2272,00
9090,00
5555,00
2127,00
10000,00
3846,00
1785,00
11111,00
16666,00
5263,00
9090,00
14285,00
4761,00
11111,00
9090,00
3333,00
12500,00
7142,00
2083,00
8333,00
6666,00
2083,00
9090,00
4761,00
1470,00
3703,00
1923,00
729,00
3333,00
2040,00
534,00
2272,00
1298,00
520,00
20000,00
20000,00
11111,00
25000,00
12500,00
8333,00
33333,00
20000,00
6666,00
16666,00
6250,00
3846,00
11111,00
3030,00
2702,00
14285,00
7692,00
3225,00
11111,00
6250,00
1960,00
10000,00
5882,00
1234,00
7692,00
3448,00
1204,00
12500,00
33333,00
12500,00
33333,00
33333,00
7142,00
20000,00
16666,00
6666,00
9090,00
5555,00
3703,00
14285,00
10000,00
4166,00
















































































































































































































































































































































