





































































































































































































































































































































































































































































































































































































































































































































































































































































































































































































































































































































647,00
6213,00
4142,00
6213,00
6904,00
1553,00
1218,00
4780,00
3452,00
4780,00
8877,00
10357,00
6904,00
1071,00
609,00
237,00
4439,00
1635,00
1109,00
2589,00
4781,00
1775,00
2302,00
807,00
634,00
12433,00
1554,00
1680,00
8881,00
12434,00
4782,00
2703,00
2072,00
1110,00
31087,00
4441,00
2391,00
20725,00
7772,00
5652,00
1636,00
1151,00
336,00
5182,00
3454,00
1243,00
7773,00
6218,00
2826,00
3273,00
2006,00
1110,00
8885,00
4146,00
4442,00
10368,00
15552,00
4444,00
4786,00
2962,00
1244,00
5185,00
4148,00
4148,00
10370,00
8888,00
7777,00
1352,00
749,00
396,00
2489,00
2007,00
1152,00
3275,00
5658,00
3112,00
4446,00
1682,00
1245,00
6226,00
3277,00
2830,00
6918,00
5660,00
7783,00
2306,00
2490,00
1596,00
3277,00
4448,00
3663,00
750,00
5189,00
3114,00
1073,00
853,00
293,00
2395,00
2966,00
1245,00
4153,00
5663,00
1780,00
2967,00
1730,00
903,00
4452,00
5194,00
2397,00
12476,00
10397,00
4159,00
3466,00
2712,00
1134,00
15602,00
3468,00
6936,00
8919,00
8917,00
5675,00
206,00
122,00
44,00
1419,00
918,00
337,00
1784,00
1274,00
452,00
743,00
433,00
179,00
3124,00
2403,00
892,00
2975,00
2717,00
1179,00
919,00
631,00
237,00
3472,00
3676,00
1302,00
3679,00
2843,00
1489,00
250,00
87,00
37,00
1226,00
658,00
297,00
1646,00
893,00
470,00
948,00
314,00
147,00
3912,00
1181,00
782,00
4174,00
3295,00
1606,00
934,00
509,00
253,00
3480,00
2320,00
1182,00
6265,00
4819,00
2320,00
175,00
78,00
25,00
870,00
591,00
190,00
1160,00
846,00
287,00
544,00
271,00
103,00
2849,00
1694,00
513,00
3687,00
2611,00
921,00
554,00
420,00
147,00
3687,00
1959,00
720,00
3299,00
2985,00
1205,00
858,00
569,00
193,00
3299,00
2239,00
746,00
6270,00
2986,00
1279,00
1695,00
804,00
409,00
12546,00
3136,00
1792,00
7842,00
2727,00
2727,00
1901,00
1426,00
653,00
4184,00
4483,00
3303,00
20922,00
5706,00
3923,00
965,00
367,00
161,00
2853,00
1696,00
634,00
6279,00
3139,00
1255,00
1610,00
565,00
385,00
5234,00
1102,00
1064,00
6281,00
5235,00
4832,00
1745,00
1698,00
690,00
6982,00
3927,00
3307,00
7855,00
7855,00
5238,00
628,00
351,00
112,00
1796,00
1257,00
430,00
3143,00
2168,00
816,00
1397,00
571,00
246,00
5242,00
1797,00
758,00
10486,00
1210,00
1906,00
1498,00
1656,00
440,00
5722,00
4495,00
1339,00
6993,00
3702,00
2861,00
1015,00
732,00
213,00
3314,00
2332,00
1015,00
3936,00
3148,00
1369,00
2738,00
2099,00
732,00
6299,00
6299,00
2172,00
7000,00
7876,00
3706,00
1703,00
1536,00
617,00
4501,00
7002,00
3001,00
4202,00
5252,00
2865,00
1189,00
700,00
242,00
2626,00
3001,00
955,00
4202,00
3152,00
1433,00
2034,00
2174,00
955,00
7006,00
4204,00
2425,00
21020,00
7006,00
3709,00
2174,00
1659,00
829,00
6307,00
5255,00
4505,00
7885,00
4206,00
3154,00
589,00
470,00
132,00
2868,00
1753,00
643,00
2744,00
2254,00
789,00
1706,00
1191,00
399,00
5261,00
4209,00
1468,00
7894,00
7017,00
2105,00
1754,00
1540,00
367,00
7018,00
4512,00
1754,00
5264,00
4859,00
1214,00
188,00
394,00
98,00
2527,00
2632,00
831,00
1707,00
3510,00
890,00
1436,00
1289,00
585,00
3327,00
3160,00
2873,00
5268,00
4214,00
3327,00
878,00
1170,00
392,00
3513,00
5271,00
2342,00
2530,00
9038,00
1977,00
486,00
411,00
179,00
1758,00
2344,00
973,00
2111,00
2111,00
1347,00
1544,00
1377,00
653,00
4223,00
4873,00
4223,00
5279,00
4873,00
5279,00
1319,00
1440,00
704,00
4225,00
7042,00
3728,00
3729,00
7924,00
4226,00
253,00
317,00
88,00
1921,00
1268,00
499,00
1669,00
2114,00
697,00
1132,00
1093,00
542,00
3732,00
3965,00
2115,00
3965,00
5287,00
2537,00
647,00
1349,00
293,00
2758,00
9063,00
1922,00
3732,00
6345,00
1410,00
1197,00
1350,00
459,00
3022,00
5289,00
1627,00
4884,00
4537,00
2646,00
2352,00
2268,00
1095,00
4887,00
7059,00
4887,00
4538,00
5294,00
4538,00
2762,00
3530,00
1198,00
3026,00
4539,00
4237,00
3972,00
3738,00
7944,00
1324,00
1135,00
552,00
5779,00
4540,00
2192,00
4541,00
9082,00
3532,00
3973,00
3740,00
1413,00
5781,00
5781,00
3743,00
6364,00
15912,00
12729,00
6365,00
2448,00
1515,00
5305,00
10610,00
3537,00
4897,00
6366,00
9096,00
1326,00
896,00
374,00
3184,00
3538,00
1061,00
4549,00
3981,00
1930,00
1930,00
2055,00
936,00
5310,00
4901,00
2896,00
7081,00
21244,00
6373,00
2897,00
2655,00
1416,00
5794,00
7967,00
3749,00
5795,00
9107,00
6375,00
741,00
1045,00
339,00
2772,00
5798,00
2551,00
1771,00
4556,00
2199,00
2278,00
1932,00
981,00
3544,00
3752,00
3752,00
3752,00
5799,00
3752,00
911,00
1635,00
295,00
1994,00
4254,00
3190,00
506,00
4558,00
1450,00
1357,00
1329,00
564,00
3039,00
4910,00
2455,00
3755,00
7093,00
3989,00
3546,00
2553,00
1557,00
9120,00
4560,00
4256,00
4256,00
31921,00
5804,00
1725,00
3040,00
1082,00
2365,00
5806,00
4913,00
280,00
3548,00
2281,00
808,00
982,00
305,00
2555,00
4259,00
1638,00
1727,00
6390,00
2061,00
3195,00
4260,00
1278,00
3994,00
7996,00
3998,00
7996,00
10663,00
9148,00
1455,00
2911,00
516,00
7117,00
9151,00
3050,00
2669,00
6406,00
1601,00
395,00
230,00
84,00
1779,00
2136,00
674,00
3372,00
2136,00
1165,00
1281,00
696,00
364,00
4931,00
5342,00
2068,00
3205,00
3374,00
2671,00
1424,00
1051,00
448,00
2671,00
4932,00
1943,00
4581,00
5345,00
4277,00
436,00
206,00
101,00
1283,00
1365,00
505,00
2917,00
2212,00
1166,00
1337,00
721,00
408,00
6419,00
3379,00
2071,00
8025,00
7135,00
2676,00
958,00
1070,00
526,00
1003,00
3778,00
2141,00
4015,00
6424,00
3381,00
326,00
185,00
65,00
1737,00
1311,00
549,00
1890,00
1397,00
774,00
959,00
612,00
253,00
5357,00
4593,00
1339,00
5359,00
5359,00
2382,00
1169,00
881,00
369,00
3216,00
4288,00
1786,00
6433,00
8041,00
3063,00
1531,00
1021,00
443,00
7149,00
4596,00
1693,00
9194,00
7152,00
2682,00
3218,00
2076,00
990,00
10728,00
3786,00
3576,00
10729,00
4598,00
8047,00
4598,00
2799,00
1314,00
6438,00
5365,00
5853,00
8048,00
7154,00
10732,00
1740,00
990,00
420,00
6440,00
2220,00
2146,00
9200,00
5855,00
2927,00
3067,00
1533,00
1006,00
4026,00
1651,00
2301,00
10738,00
12886,00
12886,00
4956,00
2577,00
2013,00
32222,00
8055,00
16111,00
12890,00
16112,00
7161,00
1342,00
962,00
370,00
4030,00
4606,00
1402,00
4299,00
4300,00
2081,00
2081,00
1697,00
1008,00
8064,00
4962,00
2581,00
16133,00
21511,00
5866,00
3585,00
2581,00
1132,00
12908,00
7171,00
3796,00
12909,00
8068,00
4303,00
1195,00
827,00
285,00
3398,00
2935,00
1614,00
5381,00
6458,00
3588,00
2227,00
1745,00
797,00
5382,00
5382,00
4614,00
3076,00
16149,00
12921,00
3400,00
2393,00
861,00
5385,00
5385,00
4616,00
4971,00
8078,00
7181,00
1175,00
1134,00
461,00
2693,00
4040,00
1539,00
2309,00
4974,00
2940,00
3593,00
2230,00
1437,00
12938,00
6470,00
3806,00
5882,00
9246,00
7191,00
1578,00
2157,00
938,00
5884,00
9247,00
1269,00
209,00
3808,00
2697,00
1471,00
966,00
301,00
4317,00
4047,00
1439,00
4317,00
5887,00
2233,00
3084,00
1704,00
899,00
7199,00
4984,00
2492,00
6480,00
16200,00
4628,00
3812,00
2592,00
900,00
9258,00
6481,00
2700,00
7201,00
8101,00
3411,00
129,00
145,00
33,00
1246,00
1178,00
376,00
1178,00
1409,00
447,00
720,00
589,00
176,00
2402,00
2161,00
926,00
3603,00
2948,00
1508,00
476,00
559,00
137,00
2162,00
2820,00
1380,00
1351,00
4325,00
781,00
242,00
136,00
49,00
1541,00
963,00
373,00
2056,00
1259,00
636,00
734,00
527,00
190,00
2938,00
2057,00
1082,00
4747,00
5143,00
1341,00
671,00
605,00
217,00
3249,00
3087,00
1313,00
4750,00
3250,00
2573,00
103,00
96,00
19,00
846,00
702,00
234,00
718,00
1065,00
241,00
420,00
339,00
103,00
3862,00
1993,00
657,00
3090,00
2575,00
936,00
286,00
426,00
75,00
2575,00
2377,00
718,00
1212,00
2688,00
404,00
754,00
547,00
208,00
2577,00
2474,00
951,00
3866,00
2945,00
1288,00
1316,00
1085,00
435,00
6874,00
3866,00
3437,00
7734,00
7734,00
2946,00
1509,00
1213,00
487,00
4419,00
5156,00
3093,00
5156,00
6875,00
5156,00
651,00
498,00
199,00
2690,00
2209,00
909,00
4125,00
4125,00
1628,00
1672,00
1190,00
589,00
5626,00
2292,00
2063,00
6877,00
8842,00
4421,00
1934,00
1875,00
773,00
5627,00
5627,00
2579,00
6190,00
15475,00
6190,00
619,00
515,00
137,00
1875,00
1719,00
625,00
3095,00
2814,00
910,00
1375,00
1086,00
340,00
4763,00
4128,00
1049,00
10320,00
5629,00
1935,00
1346,00
1474,00
418,00
3259,00
7742,00
1474,00
5161,00
6882,00
1998,00
476,00
712,00
149,00
4130,00
3097,00
1086,00
2212,00
4130,00
898,00
1936,00
1589,00
520,00
6198,00
4132,00
3443,00
6889,00
8857,00
4769,00
1033,00
1169,00
256,00
4770,00
5168,00
3100,00
1824,00
5638,00
1265,00
838,00
795,00
260,00
2953,00
3264,00
1240,00
3648,00
4135,00
1590,00
1676,00
2385,00
816,00
6892,00
4431,00
3101,00
8862,00
6893,00
3649,00
1216,00
1348,00
713,00
6894,00
4773,00
3265,00
2954,00
6894,00
2216,00
392,00
492,00
81,00
2386,00
2139,00
697,00
1513,00
2386,00
408,00
1677,00
1034,00
376,00
4137,00
2698,00
2140,00
4774,00
6207,00
2002,00
574,00
1052,00
135,00
3450,00
3654,00
1294,00
1129,00
3654,00
119,00
