





































































































































































































































































































































































































































































































































































































































































































































































































































































































































































































































































































































7692,00
3703,00
5000,00
16666,00
3333,00
7142,00
11111,00
5882,00
6666,00
14285,00
6250,00
9090,00
8333,00
515,00
1562,00
2564,00
900,00
1449,00
4761,00
1612,00
5000,00
4545,00
1449,00
5000,00
6250,00
2127,00
2941,00
7142,00
4347,00
8333,00
14285,00
2631,00
8333,00
11111,00
7142,00
14285,00
25000,00
5555,00
11111,00
16666,00
793,00
2083,00
2500,00
1538,00
3448,00
5555,00
2000,00
4166,00
7142,00
1785,00
5000,00
7142,00
3571,00
8333,00
14285,00
5263,00
8333,00
14285,00
2702,00
7142,00
12500,00
5882,00
14285,00
11111,00
6250,00
12500,00
20000,00
990,00
2702,00
4000,00
1369,00
2777,00
4000,00
2000,00
4545,00
4545,00
2173,00
8333,00
11111,00
4347,00
5555,00
12500,00
5000,00
5882,00
20000,00
3571,00
9090,00
20000,00
5263,00
11111,00
12500,00
6250,00
12500,00
16666,00
787,00
1960,00
3448,00
1612,00
3448,00
7142,00
2000,00
5555,00
7142,00
1818,00
4545,00
4545,00
3333,00
7142,00
10000,00
4545,00
5882,00
12500,00
2857,00
10000,00
11111,00
6666,00
14285,00
20000,00
9090,00
33333,00
33333,00
291,00
1250,00
1694,00
645,00
2702,00
3030,00
869,00
2941,00
4761,00
1041,00
3125,00
4000,00
2173,00
7142,00
7692,00
2272,00
4761,00
7692,00
1538,00
4761,00
5882,00
3030,00
9090,00
10000,00
3703,00
16666,00
14285,00
242,00
1020,00
2040,00
500,00
1470,00
2325,00
680,00
1694,00
2702,00
1219,00
3703,00
5000,00
3030,00
5882,00
9090,00
3125,00
11111,00
11111,00
1851,00
4347,00
9090,00
3571,00
12500,00
25000,00
4347,00
20000,00
12500,00
279,00
1086,00
1639,00
588,00
1666,00
3846,00
714,00
1851,00
2941,00
1075,00
3333,00
4347,00
2500,00
5263,00
12500,00
2857,00
6250,00
9090,00
1754,00
5000,00
6666,00
3703,00
12500,00
20000,00
5555,00
12500,00
14285,00
826,00
2702,00
3571,00
1562,00
3846,00
4761,00
2000,00
4166,00
8333,00
2439,00
5000,00
7692,00
3448,00
7142,00
10000,00
5000,00
4000,00
7692,00
3333,00
8333,00
6666,00
5555,00
12500,00
11111,00
12500,00
16666,00
11111,00
471,00
2000,00
3846,00
1282,00
2500,00
5555,00
1851,00
3448,00
6250,00
3225,00
9090,00
10000,00
3703,00
5000,00
20000,00
5882,00
7692,00
33333,00
5000,00
14285,00
25000,00
8333,00
8333,00
11111,00
10000,00
20000,00
14285,00
699,00
2777,00
4000,00
1369,00
4347,00
5000,00
1818,00
4761,00
9090,00
2325,00
6250,00
10000,00
5000,00
10000,00
11111,00
4000,00
3030,00
7692,00
4166,00
11111,00
25000,00
7142,00
11111,00
16666,00
7142,00
12500,00
20000,00
1265,00
2941,00
4545,00
2040,00
5555,00
7692,00
2173,00
5555,00
8333,00
2702,00
6250,00
7692,00
7142,00
11111,00
12500,00
8333,00
10000,00
14285,00
5000,00
14285,00
11111,00
9090,00
16666,00
14285,00
9090,00
20000,00
12500,00
970,00
3846,00
4347,00
1960,00
5263,00
7142,00
1960,00
5263,00
4166,00
3448,00
11111,00
14285,00
8333,00
10000,00
25000,00
7692,00
10000,00
10000,00
6250,00
25000,00
9090,00
9090,00
20000,00
16666,00
5882,00
10000,00
7142,00
892,00
3846,00
5263,00
2000,00
6250,00
6250,00
2222,00
7142,00
5882,00
2857,00
8333,00
10000,00
5882,00
8333,00
25000,00
5263,00
10000,00
9090,00
4545,00
11111,00
20000,00
9090,00
14285,00
25000,00
10000,00
11111,00
16666,00
11,00
78,00
129,00
37,00
152,00
343,00
57,00
259,00
300,00
100,00
289,00
374,00
218,00
621,00
854,00
294,00
854,00
1086,00
166,00
483,00
540,00
387,00
1190,00
1388,00
465,00
1470,00
1369,00
11,00
61,00
133,00
26,00
102,00
273,00
56,00
226,00
353,00
121,00
346,00
490,00
244,00
584,00
1149,00
355,00
1063,00
1492,00
212,00
602,00
757,00
465,00
1351,00
1694,00
602,00
1960,00
1923,00
11,00
65,00
105,00
30,00
118,00
270,00
46,00
225,00
222,00
100,00
292,00
386,00
208,00
574,00
877,00
303,00
884,00
1162,00
168,00
507,00
546,00
400,00
1162,00
1449,00
423,00
1351,00
1176,00
68,00
289,00
423,00
126,00
529,00
847,00
244,00
826,00
1265,00
213,00
574,00
800,00
502,00
1515,00
1923,00
609,00
2083,00
2631,00
357,00
900,00
1250,00
787,00
2040,00
2857,00
1041,00
3333,00
4347,00
52,00
223,00
523,00
94,00
316,00
925,00
214,00
684,00
1219,00
289,00
847,00
1030,00
657,00
1538,00
2500,00
840,00
2941,00
3448,00
473,00
1234,00
1538,00
1098,00
2777,00
3703,00
1388,00
4545,00
5263,00
55,00
226,00
432,00
99,00
392,00
775,00
201,00
662,00
1162,00
215,00
606,00
813,00
510,00
1515,00
2083,00
609,00
1754,00
2439,00
383,00
1041,00
1408,00
819,00
2439,00
2857,00
1000,00
3703,00
3333,00
111,00
363,00
450,00
269,00
819,00
1086,00
253,00
1020,00
1111,00
254,00
735,00
854,00
606,00
1694,00
2272,00
729,00
2272,00
2631,00
396,00
1136,00
840,00
925,00
2777,00
3225,00
1136,00
3125,00
3846,00
122,00
427,00
649,00
234,00
990,00
1234,00
283,00
1041,00
1282,00
336,00
961,00
1162,00
819,00
2325,00
3030,00
952,00
2857,00
3703,00
523,00
1492,00
1612,00
1162,00
3571,00
4000,00
1639,00
5555,00
5263,00
100,00
371,00
462,00
241,00
793,00
1136,00
211,00
925,00
840,00
278,00
813,00
990,00
606,00
1694,00
2500,00
793,00
2439,00
3846,00
418,00
1315,00
1369,00
943,00
3225,00
3703,00
1162,00
4000,00
2127,00
95,00
389,00
540,00
176,00
719,00
1030,00
283,00
884,00
1538,00
274,00
833,00
1010,00
636,00
1886,00
2500,00
781,00
2173,00
3125,00
469,00
1351,00
1587,00
1052,00
3333,00
4000,00
1408,00
5000,00
5882,00
67,00
296,00
613,00
119,00
396,00
900,00
246,00
740,00
1428,00
344,00
1098,00
1298,00
645,00
1388,00
3448,00
990,00
2439,00
4000,00
606,00
1818,00
2272,00
709,00
3846,00
4166,00
1754,00
5263,00
5263,00
78,00
328,00
568,00
140,00
520,00
990,00
221,00
862,00
1149,00
267,00
847,00
1098,00
641,00
1923,00
2631,00
793,00
2127,00
3448,00
515,00
1470,00
1724,00
1041,00
3571,00
4545,00
1388,00
4000,00
5000,00
275,00
900,00
1123,00
564,00
1639,00
2380,00
847,00
1923,00
2702,00
621,00
2040,00
2857,00
1492,00
4000,00
5555,00
1785,00
3703,00
7142,00
1020,00
3030,00
4166,00
2380,00
7692,00
11111,00
3448,00
7692,00
12500,00
193,00
714,00
1470,00
341,00
729,00
2173,00
819,00
2083,00
3333,00
806,00
2702,00
3571,00
1149,00
1086,00
3703,00
2941,00
5263,00
9090,00
1470,00
5263,00
6666,00
3225,00
8333,00
10000,00
4347,00
8333,00
11111,00
230,00
793,00
1219,00
458,00
1428,00
2631,00
724,00
2083,00
3571,00
645,00
1960,00
2702,00
1298,00
2564,00
4000,00
1818,00
3225,00
5882,00
1098,00
3125,00
4347,00
2777,00
7142,00
9090,00
3030,00
6666,00
12500,00
358,00
980,00
1428,00
806,00
2272,00
3125,00
884,00
2127,00
3333,00
714,00
2380,00
2777,00
1639,00
6250,00
6666,00
2083,00
4761,00
6666,00
1250,00
3846,00
4761,00
2564,00
9090,00
12500,00
3225,00
8333,00
9090,00
434,00
1086,00
1785,00
724,00
1960,00
2500,00
943,00
2439,00
3846,00
1000,00
3225,00
4166,00
2000,00
4347,00
8333,00
3225,00
4761,00
10000,00
1538,00
4761,00
4545,00
2702,00
8333,00
2380,00
4347,00
9090,00
10000,00
361,00
970,00
1492,00
847,00
2272,00
3571,00
877,00
2127,00
3448,00
793,00
2272,00
3125,00
1587,00
4166,00
7142,00
2127,00
4000,00
6250,00
1351,00
4761,00
5000,00
2941,00
9090,00
9090,00
3703,00
7692,00
5882,00
132,00
645,00
806,00
383,00
1204,00
1694,00
352,00
1694,00
1886,00
469,00
1492,00
1818,00
1086,00
3333,00
5263,00
1234,00
5555,00
4761,00
694,00
2000,00
2564,00
1851,00
5882,00
6666,00
1724,00
5882,00
4761,00
119,00
584,00
900,00
276,00
934,00
1282,00
332,00
1219,00
1666,00
558,00
1886,00
2127,00
1219,00
4347,00
5882,00
1388,00
4761,00
6666,00
862,00
2857,00
3846,00
1851,00
6666,00
7142,00
2325,00
7142,00
8333,00
105,00
549,00
578,00
272,00
1098,00
1612,00
250,00
1234,00
757,00
480,00
1449,00
1754,00
1136,00
2564,00
4347,00
1298,00
3703,00
4347,00
740,00
2127,00
2564,00
1724,00
5555,00
6666,00
1562,00
6250,00
2702,00
429,00
1282,00
1923,00
1000,00
3333,00
2857,00
1204,00
3703,00
5000,00
1111,00
2941,00
4545,00
2564,00
6666,00
9090,00
2702,00
7142,00
10000,00
1587,00
4761,00
6250,00
4000,00
14285,00
14285,00
5263,00
16666,00
16666,00
296,00
1250,00
2325,00
840,00
2380,00
4347,00
990,00
2564,00
5882,00
1265,00
3846,00
5000,00
2631,00
4761,00
8333,00
3030,00
7692,00
10000,00
1960,00
6250,00
10000,00
4000,00
11111,00
16666,00
5555,00
16666,00
20000,00
384,00
1449,00
2222,00
751,00
2857,00
4000,00
925,00
3030,00
3448,00
1063,00
3448,00
5000,00
2500,00
5555,00
10000,00
2564,00
5263,00
7692,00
1886,00
5882,00
6250,00
4761,00
10000,00
10000,00
4166,00
12500,00
12500,00
458,00
1724,00
1886,00
1369,00
3448,00
5000,00
943,00
3703,00
3030,00
1219,00
3571,00
4545,00
2857,00
8333,00
12500,00
3571,00
9090,00
10000,00
1818,00
7692,00
7142,00
4166,00
14285,00
20000,00
2777,00
7142,00
3333,00
490,00
1851,00
3225,00
1333,00
4166,00
5555,00
1234,00
3571,00
2702,00
1612,00
6250,00
7142,00
3448,00
5263,00
14285,00
3571,00
5263,00
11111,00
2631,00
10000,00
10000,00
5555,00
12500,00
12500,00
5263,00
11111,00
4545,00
320,00
1562,00
1587,00
952,00
3225,00
5000,00
689,00
3030,00
1265,00
1449,00
5263,00
5555,00
3030,00
5882,00
10000,00
2857,00
5882,00
5882,00
1587,00
6666,00
5263,00
5000,00
14285,00
14285,00
1351,00
6666,00
358,00
