





































































































































































































































































































































































































































































































































































































































































































































































































































































































































































































































































































































1989,00
592,00
282,00
1326,00
6554,00
4127,00
6554,00
6554,00
3095,00
5571,00
2717,00
2653,00
3714,00
1266,00
3011,00
2785,00
1295,00
1547,00
2422,00
325,00
520,00
891,00
4844,00
4127,00
6964,00
3095,00
1526,00
4285,00
1428,00
1103,00
3277,00
11143,00
13928,00
13928,00
12381,00
6964,00
10130,00
4642,00
6554,00
4285,00
647,00
1238,00
1326,00
358,00
451,00
884,00
64,00
116,00
239,00
2142,00
2321,00
4285,00
1358,00
1103,00
2653,00
433,00
493,00
1092,00
5065,00
4127,00
10130,00
3594,00
3594,00
4127,00
1392,00
3277,00
2857,00
801,00
1466,00
1688,00
501,00
568,00
1160,00
94,00
137,00
343,00
2932,00
2932,00
5065,00
1638,00
952,00
3376,00
671,00
426,00
1741,00
5571,00
6190,00
5571,00
4844,00
4844,00
5571,00
1921,00
3095,00
3979,00
752,00
1688,00
1638,00
742,00
1137,00
1526,00
178,00
277,00
449,00
3594,00
3714,00
6964,00
2653,00
1954,00
4127,00
1172,00
1051,00
1954,00
6964,00
11143,00
18571,00
6964,00
6190,00
9285,00
2717,00
3594,00
4844,00
589,00
1392,00
1326,00
608,00
1295,00
1280,00
198,00
433,00
513,00
2932,00
4844,00
4844,00
2102,00
3842,00
4285,00
952,00
1526,00
2321,00
6190,00
13928,00
11143,00
6190,00
13928,00
10130,00
2476,00
5065,00
5065,00
705,00
1485,00
1505,00
718,00
1526,00
1392,00
271,00
543,00
583,00
3376,00
4127,00
5306,00
3376,00
3594,00
5571,00
1224,00
2228,00
2717,00
5864,00
4457,00
8571,00
5864,00
7959,00
7428,00
2785,00
5306,00
5571,00
728,00
1410,00
1526,00
723,00
1591,00
1392,00
278,00
615,00
580,00
3714,00
4285,00
3594,00
2932,00
3979,00
3376,00
1280,00
1826,00
2476,00
6964,00
5306,00
4457,00
6964,00
8571,00
7428,00
2932,00
5864,00
3714,00
640,00
1569,00
1392,00
671,00
1280,00
1326,00
178,00
382,00
490,00
3095,00
3376,00
5571,00
2184,00
2321,00
3594,00
742,00
1022,00
2063,00
6554,00
7959,00
8571,00
5065,00
7959,00
6554,00
2142,00
5571,00
5864,00
784,00
1888,00
1768,00
801,00
1447,00
1505,00
297,00
523,00
679,00
3277,00
6190,00
8571,00
2932,00
2717,00
4457,00
1526,00
1466,00
2717,00
7428,00
12381,00
18571,00
6964,00
9285,00
7959,00
3277,00
4844,00
6964,00
801,00
1857,00
1826,00
807,00
1714,00
1392,00
322,00
667,00
644,00
4285,00
5864,00
6964,00
3183,00
4127,00
3714,00
1198,00
968,00
1857,00
9285,00
12381,00
4642,00
6554,00
7428,00
6190,00
3011,00
5065,00
5065,00
388,00
891,00
831,00
411,00
758,00
844,00
77,00
161,00
212,00
1857,00
3979,00
4127,00
1638,00
2785,00
3376,00
506,00
801,00
1238,00
3714,00
6554,00
7959,00
3376,00
8571,00
7959,00
1310,00
3376,00
2717,00
456,00
1071,00
1022,00
472,00
1081,00
1022,00
131,00
244,00
349,00
1989,00
4285,00
4457,00
2422,00
3376,00
3714,00
819,00
1092,00
1741,00
4844,00
11143,00
7959,00
4844,00
8571,00
7428,00
1826,00
2591,00
3183,00
458,00
1114,00
1051,00
488,00
1022,00
1031,00
151,00
317,00
317,00
2321,00
4457,00
5306,00
2063,00
2932,00
3594,00
801,00
1071,00
1547,00
5306,00
11143,00
10130,00
4844,00
5864,00
8571,00
1663,00
1989,00
1547,00
141,00
599,00
423,00
175,00
462,00
589,00
29,00
97,00
92,00
795,00
2476,00
1826,00
742,00
1198,00
1921,00
267,00
546,00
659,00
1505,00
3376,00
1569,00
1921,00
4457,00
4642,00
580,00
1989,00
928,00
362,00
784,00
709,00
313,00
692,00
671,00
67,00
171,00
209,00
1280,00
3376,00
2532,00
1092,00
2063,00
2932,00
482,00
877,00
1031,00
2653,00
4127,00
3594,00
3277,00
7428,00
5571,00
1103,00
2591,00
1954,00
372,00
790,00
692,00
356,00
705,00
718,00
81,00
234,00
205,00
1591,00
3842,00
2785,00
1326,00
2532,00
2476,00
651,00
1061,00
1326,00
2476,00
5864,00
2422,00
3482,00
7959,00
6554,00
977,00
3183,00
1663,00
348,00
718,00
723,00
198,00
433,00
636,00
40,00
90,00
138,00
1358,00
1888,00
2476,00
905,00
1295,00
2274,00
297,00
504,00
795,00
3095,00
3714,00
3482,00
2532,00
5306,00
3482,00
831,00
1638,00
1741,00
396,00
850,00
825,00
339,00
636,00
801,00
62,00
135,00
213,00
1688,00
3714,00
3714,00
1447,00
1954,00
3376,00
486,00
801,00
1326,00
3842,00
5571,00
5571,00
3482,00
8571,00
6964,00
1295,00
3095,00
2653,00
381,00
870,00
825,00
380,00
784,00
779,00
106,00
238,00
281,00
1857,00
3011,00
3183,00
1638,00
2653,00
4285,00
629,00
968,00
1310,00
3979,00
5571,00
5306,00
4127,00
7959,00
7959,00
1485,00
3183,00
2785,00
136,00
435,00
338,00
114,00
235,00
322,00
12,00
43,00
40,00
728,00
1638,00
1148,00
484,00
663,00
807,00
145,00
253,00
325,00
819,00
1358,00
602,00
1342,00
2184,00
2102,00
267,00
819,00
422,00
246,00
538,00
490,00
186,00
403,00
428,00
29,00
70,00
87,00
1051,00
2370,00
1714,00
655,00
1185,00
1547,00
247,00
436,00
577,00
1857,00
5306,00
3183,00
2142,00
3482,00
3011,00
644,00
1547,00
1172,00
240,00
504,00
488,00
241,00
480,00
501,00
39,00
109,00
89,00
1071,00
2370,00
1888,00
1041,00
1921,00
1688,00
368,00
687,00
705,00
2228,00
4642,00
2142,00
2184,00
4844,00
4457,00
543,00
1954,00
675,00
422,00
905,00
870,00
280,00
554,00
728,00
58,00
132,00
208,00
1428,00
2142,00
2717,00
1051,00
1266,00
2857,00
327,00
493,00
801,00
3979,00
5306,00
7428,00
2717,00
5571,00
3842,00
1031,00
2591,00
2142,00
486,00
1103,00
986,00
359,00
692,00
857,00
86,00
171,00
265,00
1989,00
3095,00
3979,00
1569,00
1768,00
3011,00
538,00
747,00
1224,00
4457,00
5864,00
5306,00
1061,00
6964,00
4844,00
1505,00
2532,00
3594,00
488,00
1031,00
920,00
460,00
870,00
795,00
142,00
294,00
362,00
1768,00
2476,00
2717,00
1591,00
2591,00
2857,00
723,00
857,00
1447,00
3842,00
7959,00
3979,00
4642,00
8571,00
5864,00
1768,00
3376,00
3482,00
478,00
1041,00
944,00
252,00
403,00
779,00
51,00
98,00
188,00
2184,00
3183,00
3842,00
1013,00
1003,00
2321,00
372,00
515,00
952,00
3594,00
3482,00
5065,00
3714,00
4457,00
5306,00
1051,00
1826,00
2184,00
557,00
1081,00
1061,00
350,00
331,00
898,00
60,00
95,00
223,00
2532,00
3482,00
4844,00
905,00
486,00
1741,00
386,00
336,00
1061,00
5306,00
5571,00
6964,00
3979,00
2142,00
5864,00
1295,00
1888,00
2532,00
540,00
1198,00
1081,00
515,00
905,00
944,00
128,00
241,00
337,00
2370,00
4285,00
4285,00
1741,00
1826,00
3183,00
737,00
952,00
1826,00
5306,00
6964,00
5306,00
5864,00
5306,00
6190,00
1826,00
3277,00
3011,00
268,00
619,00
559,00
156,00
284,00
470,00
24,00
49,00
79,00
1061,00
1714,00
1921,00
687,00
844,00
1392,00
180,00
250,00
480,00
1954,00
3095,00
3714,00
1797,00
3183,00
3842,00
574,00
1051,00
1172,00
321,00
705,00
696,00
218,00
361,00
508,00
32,00
60,00
99,00
1447,00
1921,00
2591,00
1031,00
863,00
1768,00
264,00
275,00
647,00
2591,00
6554,00
4285,00
2184,00
3842,00
1526,00
742,00
1466,00
1447,00
323,00
752,00
696,00
313,00
608,00
599,00
58,00
116,00
131,00
1447,00
2591,00
3183,00
1428,00
1888,00
2274,00
412,00
515,00
692,00
2785,00
5864,00
4285,00
2857,00
5864,00
5306,00
898,00
1826,00
1295,00
269,00
559,00
548,00
268,00
580,00
559,00
56,00
182,00
146,00
1252,00
2932,00
2653,00
1092,00
2142,00
1989,00
443,00
928,00
936,00
2274,00
5864,00
3376,00
2785,00
4285,00
5571,00
752,00
2370,00
1310,00
303,00
663,00
629,00
301,00
667,00
619,00
105,00
247,00
239,00
1447,00
3277,00
2857,00
1280,00
2857,00
2653,00
562,00
1280,00
1092,00
3095,00
6554,00
4642,00
3277,00
5065,00
5571,00
1310,00
2717,00
2422,00
310,00
675,00
559,00
316,00
659,00
622,00
97,00
268,00
205,00
1485,00
3277,00
2591,00
1342,00
2653,00
2184,00
583,00
1185,00
1041,00
2321,00
6190,00
2274,00
3277,00
5571,00
4642,00
936,00
2717,00
1505,00
284,00
615,00
589,00
296,00
651,00
605,00
64,00
154,00
185,00
1326,00
3011,00
2785,00
1326,00
2274,00
2717,00
409,00
850,00
928,00
2932,00
4457,00
4844,00
2717,00
6190,00
5571,00
1031,00
2274,00
2274,00
324,00
795,00
705,00
336,00
773,00
718,00
95,00
213,00
257,00
1663,00
3376,00
3482,00
1663,00
2422,00
3011,00
602,00
1125,00
1238,00
3594,00
6190,00
6190,00
3183,00
6554,00
7959,00
1410,00
3183,00
2591,00
346,00
779,00
723,00
343,00
779,00
692,00
115,00
294,00
262,00
1638,00
3842,00
3183,00
1591,00
3482,00
3842,00
612,00
1198,00
1211,00
3842,00
8571,00
2785,00
3594,00
5864,00
4844,00
1266,00
2653,00
1741,00
174,00
403,00
372,00
167,00
343,00
377,00
16,00
57,00
45,00
844,00
1857,00
1547,00
687,00
1295,00
1375,00
180,00
339,00
381,00
1688,00
3482,00
1954,00
1688,00
3842,00
2932,00
313,00
952,00
411,00
212,00
476,00
464,00
214,00
451,00
458,00
38,00
83,00
88,00
968,00
2026,00
2026,00
920,00
1505,00
1888,00
280,00
420,00
488,00
2102,00
4642,00
3842,00
2142,00
4642,00
3277,00
667,00
1375,00
857,00
218,00
495,00
414,00
221,00
451,00
430,00
34,00
106,00
58,00
1031,00
2184,00
1714,00
936,00
1280,00
1569,00
265,00
460,00
370,00
1921,00
4642,00
2142,00
1826,00
3482,00
2532,00
308,00
1092,00
129,00
