





































































































































































































































































































































































































































































































































































































































































































































































































































































































































































































































































































































3587,00
5022,00
3587,00
8370,00
1702,00
1895,00
2643,00
3464,00
3140,00
3865,00
4369,00
5582,00
7177,00
921,00
1305,00
2051,00
1733,00
2956,00
2792,00
2645,00
4370,00
4188,00
1436,00
2051,00
2956,00
2577,00
3351,00
5292,00
3592,00
5917,00
5588,00
1273,00
2186,00
2286,00
2095,00
3725,00
3469,00
2794,00
4791,00
5030,00
914,00
1501,00
2454,00
2340,00
4375,00
5032,00
3145,00
5592,00
5921,00
1935,00
2649,00
3247,00
2961,00
5034,00
5299,00
4794,00
8390,00
7744,00
1624,00
2797,00
3248,00
2878,00
4578,00
4578,00
4029,00
6296,00
8395,00
1028,00
1325,00
1975,00
2290,00
2879,00
3475,00
2964,00
4799,00
5039,00
1832,00
2191,00
3359,00
3150,00
4382,00
5305,00
4200,00
5930,00
5931,00
1344,00
2401,00
2801,00
2192,00
4385,00
3152,00
3254,00
5043,00
5604,00
758,00
1215,00
1345,00
1363,00
2727,00
2587,00
1868,00
3364,00
3364,00
1109,00
2103,00
2148,00
2019,00
2970,00
3607,00
2589,00
3884,00
5050,00
834,00
1578,00
1656,00
1629,00
2887,00
2972,00
1871,00
3609,00
3743,00
281,00
558,00
871,00
1330,00
2351,00
2889,00
2529,00
3891,00
4599,00
911,00
1510,00
1557,00
1840,00
4402,00
4602,00
3068,00
5625,00
5956,00
880,00
1426,00
1607,00
1633,00
2813,00
3376,00
2597,00
4052,00
4405,00
301,00
509,00
921,00
1299,00
2027,00
2739,00
1988,00
3073,00
3758,00
1079,00
1014,00
1585,00
1845,00
3273,00
3758,00
2670,00
4059,00
5638,00
914,00
1180,00
1611,00
1585,00
3171,00
3171,00
1952,00
3383,00
3759,00
320,00
528,00
700,00
940,00
1750,00
1813,00
1302,00
2309,00
2209,00
770,00
1195,00
1286,00
1287,00
2607,00
2607,00
1817,00
2750,00
3769,00
652,00
997,00
1169,00
917,00
1957,00
2035,00
1475,00
2908,00
3084,00
413,00
697,00
1082,00
1668,00
2994,00
3511,00
2368,00
4427,00
4427,00
1305,00
1434,00
2167,00
2829,00
2829,00
4631,00
3396,00
4245,00
5660,00
1376,00
1592,00
2123,00
1923,00
3288,00
3775,00
2998,00
4433,00
5367,00
350,00
430,00
894,00
1645,00
1594,00
3518,00
2372,00
4251,00
4637,00
944,00
698,00
2126,00
2171,00
1230,00
3002,00
3293,00
4439,00
4861,00
1086,00
1063,00
1823,00
1791,00
2552,00
2618,00
2375,00
4085,00
4440,00
403,00
611,00
937,00
963,00
1702,00
2004,00
1362,00
2493,00
2377,00
798,00
817,00
1381,00
1381,00
2086,00
2495,00
1967,00
1930,00
3528,00
682,00
1136,00
1136,00
1033,00
2224,00
2177,00
1441,00
2558,00
3101,00
414,00
890,00
1033,00
1312,00
2437,00
2625,00
1862,00
3104,00
3658,00
1138,00
1652,00
1897,00
2049,00
3659,00
3940,00
2769,00
4658,00
4880,00
899,00
1366,00
1553,00
1601,00
2697,00
2931,00
1973,00
3538,00
4105,00
448,00
603,00
996,00
1115,00
1973,00
2503,00
1711,00
3020,00
3209,00
951,00
1388,00
1741,00
1938,00
3021,00
3210,00
2704,00
4111,00
4468,00
796,00
1334,00
1154,00
1181,00
2778,00
2284,00
1903,00
2705,00
3546,00
304,00
524,00
615,00
750,00
1285,00
1409,00
1018,00
1870,00
1744,00
562,00
1018,00
1106,00
1072,00
1687,00
2058,00
1583,00
2144,00
3119,00
461,00
779,00
851,00
851,00
1471,00
1634,00
1183,00
2060,00
1717,00
525,00
1839,00
1430,00
4479,00
6868,00
6060,00
3219,00
7926,00
2862,00
2453,00
6871,00
6872,00
10309,00
17182,00
17182,00
7930,00
14728,00
14728,00
2343,00
4910,00
2864,00
7935,00
10316,00
14739,00
6069,00
11464,00
4300,00
1587,00
2243,00
3035,00
6071,00
6071,00
6882,00
6452,00
7942,00
7942,00
3442,00
4303,00
6075,00
8608,00
9393,00
14761,00
8610,00
12917,00
17222,00
3691,00
4495,00
6083,00
6084,00
8619,00
10344,00
7959,00
11498,00
8624,00
985,00
2587,00
1990,00
2797,00
5176,00
5177,00
4314,00
7964,00
6090,00
2588,00
4502,00
4317,00
4318,00
7971,00
7972,00
6097,00
11516,00
10366,00
1884,00
3703,00
3344,00
3345,00
5458,00
5187,00
5188,00
9436,00
10381,00
1996,00
3244,00
3244,00
5465,00
12979,00
5770,00
6110,00
10387,00
6492,00
3581,00
3148,00
3847,00
11543,00
6928,00
7423,00
11549,00
3248,00
1367,00
4331,00
5471,00
3057,00
7426,00
9452,00
6498,00
9452,00
7427,00
8665,00
1733,00
3249,00
2736,00
4726,00
4521,00
7428,00
7999,00
8668,00
11558,00
4161,00
8670,00
6502,00
8670,00
8670,00
11561,00
9459,00
10405,00
6937,00
3252,00
4336,00
3588,00
6505,00
8674,00
9464,00
6124,00
9466,00
11569,00
1679,00
2082,00
2603,00
3254,00
5787,00
4341,00
4962,00
7443,00
8684,00
2742,00
4531,00
4962,00
4962,00
6131,00
6948,00
5790,00
10423,00
9475,00
2127,00
4739,00
3723,00
3596,00
6134,00
7450,00
4967,00
9484,00
10433,00
1086,00
3366,00
2319,00
5493,00
6958,00
8698,00
3728,00
9490,00
8699,00
4350,00
4971,00
4746,00
6961,00
6142,00
10443,00
8702,00
9494,00
7462,00
2985,00
3370,00
878,00
4750,00
8040,00
10452,00
6533,00
7467,00
2751,00
2178,00
2987,00
3267,00
3872,00
5809,00
7469,00
6535,00
8045,00
8046,00
3487,00
5232,00
5509,00
6543,00
8726,00
8056,00
7483,00
10478,00
10479,00
2758,00
5240,00
5823,00
4765,00
7487,00
6989,00
5518,00
11650,00
5520,00
1070,00
3085,00
1840,00
2914,00
4371,00
5522,00
2835,00
5247,00
5524,00
2441,00
3499,00
3620,00
3500,00
5526,00
5250,00
4773,00
7501,00
7501,00
1721,00
3000,00
2188,00
3000,00
4566,00
5528,00
4377,00
7503,00
1221,00
1193,00
2693,00
3389,00
5837,00
10506,00
5529,00
7005,00
10508,00
9553,00
3892,00
7507,00
5256,00
8086,00
13140,00
13140,00
7508,00
17520,00
10514,00
3504,00
5841,00
6185,00
4381,00
7010,00
7511,00
9560,00
17529,00
17529,00
1524,00
1782,00
3393,00
4045,00
7013,00
7517,00
7017,00
9569,00
10527,00
3008,00
4579,00
7022,00
6584,00
9582,00
11712,00
9582,00
10542,00
9584,00
3295,00
4586,00
4586,00
1701,00
6594,00
9591,00
7034,00
10551,00
13189,00
1065,00
2153,00
2931,00
2398,00
4590,00
4799,00
4061,00
6211,00
8126,00
2071,00
4063,00
3523,00
4227,00
10569,00
7046,00
6218,00
11748,00
10573,00
1888,00
4230,00
3778,00
3205,00
7053,00
5568,00
5038,00
7692,00
9090,00
2439,00
7142,00
5882,00
6666,00
14285,00
12500,00
7692,00
12500,00
11111,00
3448,00
5000,00
6250,00
6250,00
10000,00
10000,00
12500,00
3846,00
1818,00
4000,00
5555,00
7692,00
7692,00
12500,00
8333,00
11111,00
14285,00
16666,00
1587,00
2173,00
3846,00
4761,00
5263,00
8333,00
4347,00
8333,00
7142,00
3448,00
2702,00
6666,00
5263,00
3571,00
6250,00
6666,00
892,00
3846,00
2941,00
4761,00
6666,00
6666,00
5882,00
7692,00
7142,00
10000,00
11111,00
1724,00
2941,00
3448,00
3030,00
7142,00
5263,00
5000,00
8333,00
8333,00
2380,00
4000,00
4761,00
5000,00
9090,00
7142,00
7142,00
11111,00
10000,00
2222,00
3846,00
4347,00
3703,00
7692,00
7142,00
5263,00
9090,00
9090,00
1724,00
4166,00
4761,00
5000,00
8333,00
10000,00
5882,00
14285,00
11111,00
4000,00
5882,00
7142,00
5555,00
12500,00
14285,00
9090,00
14285,00
12500,00
3125,00
5263,00
4545,00
5263,00
7692,00
9090,00
7142,00
12500,00
9090,00
2325,00
3333,00
4166,00
3571,00
5000,00
5882,00
4545,00
8333,00
10000,00
3333,00
5882,00
5263,00
5555,00
9090,00
7142,00
7692,00
16666,00
12500,00
2631,00
4166,00
4166,00
4000,00
7142,00
2631,00
5882,00
10000,00
8333,00
1408,00
2439,00
2857,00
2500,00
4545,00
4761,00
3333,00
5882,00
6666,00
2000,00
3703,00
3571,00
3571,00
6666,00
5882,00
4545,00
7142,00
8333,00
1515,00
2702,00
3125,00
2631,00
5000,00
4545,00
4000,00
7142,00
5882,00
421,00
1282,00
1333,00
2941,00
4347,00
5000,00
2941,00
7692,00
6250,00
1960,00
2702,00
3846,00
4347,00
7142,00
9090,00
5555,00
10000,00
11111,00
1515,00
2857,00
2173,00
3030,00
6250,00
6666,00
2941,00
7142,00
5882,00
729,00
1010,00
1562,00
2702,00
4166,00
4545,00
3571,00
5000,00
5882,00
2500,00
3225,00
4166,00
3703,00
6666,00
8333,00
5263,00
9090,00
12500,00
1785,00
2941,00
2702,00
2500,00
5263,00
6666,00
3703,00
6250,00
8333,00
438,00
1162,00
1010,00
1492,00
3225,00
3030,00
1639,00
3703,00
3225,00
1470,00
2380,00
2941,00
2564,00
4545,00
5000,00
3125,00
5555,00
6666,00
1149,00
1851,00
2222,00
2040,00
3571,00
4347,00
2564,00
5000,00
4166,00
909,00
1886,00
2325,00
3448,00
6666,00
5263,00
5555,00
9090,00
10000,00
2857,00
2631,00
3846,00
4761,00
8333,00
7692,00
7142,00
11111,00
9090,00
2564,00
3333,00
3846,00
3703,00
7692,00
7692,00
6666,00
10000,00
12500,00
735,00
1010,00
1960,00
2777,00
3846,00
5555,00
3846,00
7142,00
7692,00
2325,00
2857,00
5882,00
4000,00
4166,00
8333,00
6666,00
7692,00
10000,00
1960,00
1851,00
2564,00
3225,00
3448,00
4545,00
4347,00
6666,00
10000,00
840,00
1351,00
1492,00
1562,00
3030,00
3333,00
3125,00
4761,00
4761,00
1538,00
2564,00
3030,00
2439,00
4347,00
5263,00
3333,00
6666,00
7692,00
1190,00
2083,00
2173,00
2000,00
3333,00
4166,00
3448,00
5555,00
5263,00
564,00
1492,00
1562,00
2777,00
4166,00
4762,00
3030,00
5557,00
5884,00
2174,00
3705,00
4001,00
3573,00
6670,00
7696,00
4764,00
10007,00
10007,00
1539,00
2780,00
2705,00
3127,00
4170,00
5561,00
3574,00
7150,00
4766,00
953,00
1317,00
2130,00
2383,00
3452,00
4353,00
3339,00
5565,00
5566,00
2087,00
3232,00
3339,00
3578,00
6679,00
7157,00
4554,00
8350,00
9110,00
1642,00
2570,00
2638,00
2785,00
3580,00
4359,00
4012,00
6686,00
5572,00
414,00
1055,00
759,00
1519,00
2711,00
2333,00
1858,00
4181,00
2712,00
1127,00
1859,00
1930,00
2007,00
3346,00
3861,00
2642,00
4563,00
5021,00
749,00
1394,00
843,00
1646,00
3138,00
2954,00
1594,00
3720,00
313,00
