





































































































































































































































































































































































































































































































































































































































































































































































































































































































































































































































































































































182,00
2623,00
168,00
2623,00

3373,00
4723,00
9446,00
3374,00
6748,00
15748,00
9449,00
5250,00
1817,00
2625,00
3939,00
2780,00
2954,00
4297,00
4728,00
7881,00
6756,00
1278,00
1631,00
3379,00
2490,00
727,00
3639,00
7886,00
3154,00
4731,00
1075,00
1183,00
2057,00
2629,00
2057,00
3943,00
3380,00
3944,00
3944,00
3640,00
9466,00
5258,00
15777,00
4733,00
11833,00
15777,00
23667,00
11833,00
4734,00
6763,00
5260,00
5260,00
6763,00
15781,00
9470,00
7892,00
23679,00
2255,00
4306,00
3158,00
5263,00
5921,00
9475,00
7896,00
5264,00
11845,00
5923,00
4307,00
4739,00
4739,00
3646,00
3950,00
5267,00
7900,00
11851,00
4309,00
3386,00
4741,00
3386,00
2371,00
7904,00
3648,00
3648,00
15809,00
1976,00
3161,00
2964,00
2496,00
3952,00
4311,00
4743,00
6776,00
7905,00
1395,00
2156,00
2635,00
2062,00
3388,00
2964,00
3162,00
4744,00
3389,00
1186,00
1581,00
1825,00
1694,00
1530,00
2966,00
2636,00
4314,00
5932,00
632,00
804,00
1031,00
1695,00
1157,00
2373,00
1695,00
2260,00
2499,00
2638,00
3957,00
3957,00
4750,00
4750,00
4318,00
3167,00
6787,00
3960,00
4321,00
4753,00
2640,00
5942,00
5942,00
6791,00
5943,00
7924,00
3962,00
1533,00
3169,00
1981,00
2264,00
4323,00
3963,00
2642,00
5284,00
3397,00
2503,00
3963,00
2973,00
4757,00
5947,00
3172,00
4758,00
5287,00
6797,00
2974,00
4326,00
2974,00
3660,00
6798,00
6799,00
5950,00
6800,00
6800,00
1286,00
1763,00
1831,00
1904,00
2975,00
4328,00
3174,00
3401,00
4761,00
670,00
972,00
821,00
1443,00
1905,00
1701,00
1536,00
2646,00
2268,00
733,00
1221,00
993,00
1537,00
2167,00
2383,00
1537,00
2384,00
3178,00
414,00
711,00
611,00
836,00
1645,00
1325,00
954,00
1704,00
1988,00
3181,00
2982,00
4771,00
5302,00
4772,00
5965,00
5966,00
5966,00
5967,00
2273,00
3673,00
4341,00
11939,00
4342,00
5971,00
9555,00
3413,00
7966,00
1838,00
1912,00
2078,00
3187,00
4346,00
3187,00
3984,00
3985,00
5314,00
2657,00
2814,00
3417,00
3987,00
5981,00
9571,00
3988,00
9572,00
6838,00
2519,00
2519,00
5318,00
3191,00
1596,00
6840,00
6840,00
5321,00
4789,00
1451,00
2395,00
2281,00
3421,00
2994,00
4356,00
4356,00
9585,00
5991,00
694,00
1089,00
1042,00
1410,00
2084,00
2397,00
1918,00
2397,00
2821,00
841,00
1065,00
1142,00
2180,00
1370,00
2181,00
1845,00
1230,00
3427,00
489,00
631,00
607,00
857,00
1333,00
1412,00
1021,00
2001,00
1455,00
1501,00
2184,00
2288,00
3697,00
4005,00
6866,00
3204,00
8011,00
4370,00
1848,00
2670,00
2090,00
3435,00
6012,00
4810,00
4008,00
6012,00
8017,00
859,00
2290,00
1202,00
2830,00
4374,00
3436,00
1850,00
4811,00
2673,00
1145,00
2187,00
2005,00
2674,00
3438,00
3702,00
3702,00
4815,00
6019,00
1504,00
2408,00
2675,00
3440,00
4379,00
8029,00
3211,00
4817,00
4380,00
789,00
1175,00
1004,00
1721,00
1853,00
2095,00
2410,00
2677,00
2678,00
463,00
660,00
610,00
790,00
1507,00
1148,00
1071,00
1929,00
1663,00
487,00
831,00
804,00
1005,00
928,00
1856,00
894,00
1724,00
1665,00
248,00
451,00
386,00
596,00
720,00
689,00
635,00
743,00
611,00
965,00
5366,00
1463,00
5366,00
4391,00
8052,00
2684,00
5368,00
271,00
4392,00
48322,00
12081,00
9665,00
5369,00
9665,00
8054,00
6903,00
3020,00
2013,00
24190,00
2546,00
12097,00
16130,00
8065,00
2689,00
0,57
3226,00
6050,00
6050,00
5378,00
6916,00
6051,00
8069,00
8069,00
4842,00
5380,00
3725,00
12110,00
16147,00
48442,00
9689,00
0,57
16150,00
6921,00
6921,00
4845,00
8075,00
9690,00
5383,00
24227,00
16159,00
12119,00
16159,00
6926,00
1731,00
4849,00
2852,00
5388,00
4850,00
4850,00
2853,00
12125,00
2694,00
2695,00
6064,00
4043,00
6931,00
4411,00
8088,00
6067,00
9708,00
6935,00
990,00
4046,00
2207,00
8095,00
16191,00
6939,00
4048,00
12146,00
3037,00
8100,00
24306,00
12153,00
8102,00
6945,00
6078,00
4420,00
6947,00
4863,00
6079,00
5405,00
8109,00
24329,00
8111,00
12167,00
8111,00
302,00
6083,00
9736,00
4869,00
6086,00
5410,00
12174,00
8117,00
9741,00
48715,00
24359,00
6960,00
16242,00
9745,00
8121,00
9746,00
8122,00
9746,00
24366,00
6961,00
6963,00
9749,00
16248,00
24373,00
12189,00
24380,00
8127,00
1219,00
24383,00
5418,00
6096,00
9755,00
5419,00
24389,00
16259,00
9755,00
0,57
0,57
3252,00
4435,00
4879,00
8132,00
8134,00
4880,00
6101,00
9762,00
6101,00
3486,00
4068,00
6102,00
5424,00
8138,00
24416,00
3255,00
4069,00
9767,00
1953,00
2570,00
2325,00
6105,00
6105,00
6106,00
4441,00
24427,00
8143,00
1809,00
16293,00
4073,00
48891,00
12222,00
9779,00
2573,00
6986,00
3056,00
3056,00
8152,00
4446,00
5435,00
5435,00
8153,00
4892,00
12230,00
4892,00
2038,00
4448,00
752,00
8156,00
0,57
3764,00
3765,00
16316,00
3496,00
4895,00
24476,00
8158,00
8160,00
24481,00
8160,00
3497,00
24484,00
4897,00
8162,00
9795,00
16325,00
48976,00
5441,00
0,57
16326,00
16326,00
12245,00
4898,00
16329,00
3063,00
6127,00
8169,00
9803,00
4903,00
49032,00
6129,00
2885,00
5450,00
2885,00
4906,00
5452,00
5452,00
2133,00
6134,00
3775,00
2726,00
3775,00
4090,00
4908,00
4908,00
9816,00
5453,00
5453,00
6135,00
832,00
1692,00
831,00
2134,00
3068,00
3068,00
2337,00
3777,00
1693,00
3778,00
49114,00
9823,00
7017,00
9823,00
5457,00
9824,00
5458,00
8187,00
4912,00
16378,00
7020,00
8190,00
9826,00
12283,00
4913,00
6143,00
5460,00
4467,00
4914,00
24582,00
5462,00
12291,00
24583,00
49167,00
49179,00
12295,00
12300,00
7028,00
9842,00
4922,00
9844,00
12309,00
8207,00
8207,00
16418,00
4925,00
9851,00
12315,00
16423,00
4926,00
9854,00
12318,00
49278,00
8215,00
4107,00
7042,00
7042,00
1590,00
5478,00
12326,00
9861,00
24662,00
9865,00
3794,00
8222,00
4111,00
4111,00
7048,00
6167,00
7050,00
9870,00
4935,00
2056,00
2742,00
2905,00
6174,00
8232,00
7056,00
4490,00
7057,00
7057,00
2147,00
2352,00
3529,00
3800,00
7058,00
9882,00
6176,00
16471,00
6177,00
7060,00
49423,00
12356,00
12356,00
9887,00
9888,00
8241,00
8241,00
7065,00
4497,00
6184,00
24738,00
5497,00
8246,00
6185,00
12370,00
12370,00
24748,00
6187,00
9899,00
8249,00
9899,00
16501,00
12376,00
24753,00
12379,00
8252,00
16507,00
16507,00
16509,00
12382,00
12382,00
9906,00
16511,00
24768,00
8256,00
6192,00
24772,00
16514,00
7079,00
3303,00
7079,00
24779,00
6195,00
12390,00
4956,00
12390,00
12391,00
7081,00
12392,00
8263,00
49582,00
49582,00
16528,00
4958,00
7084,00
9919,00
8266,00
12400,00
16534,00
8269,00
9924,00
12405,00
1837,00
2362,00
7090,00
6203,00
4135,00
7090,00
9927,00
7091,00
4513,00
1986,00
3104,00
3311,00
4139,00
4516,00
7097,00
4968,00
12420,00
4968,00
2760,00
4516,00
3822,00
3822,00
4517,00
7098,00
5521,00
16564,00
8282,00
4969,00
6212,00
8283,00
7100,00
16567,00
12425,00
7100,00
4141,00
12425,00
3106,00
3823,00
3823,00
6213,00
9941,00
16569,00
9941,00
16569,00
6214,00
7102,00
9943,00
8287,00
7103,00
7103,00
8287,00
12431,00
12432,00
12433,00
8289,00
7105,00
12434,00
24871,00
6217,00
4974,00
9948,00
6218,00
24874,00
3826,00
5527,00
4975,00
4145,00
6219,00
2369,00
7109,00
8294,00
16590,00
2619,00
4147,00
3555,00
4978,00
4148,00
4978,00
3829,00
4148,00
7112,00
1843,00
3111,00
2928,00
4149,00
3111,00
4979,00
4526,00
5533,00
4527,00
1082,00
1915,00
1423,00
2767,00
3320,00
3558,00
2930,00
3321,00
2621,00
3321,00
9963,00
3832,00
4981,00
8304,00
9966,00
6229,00
12458,00
4152,00
3833,00
4983,00
4153,00
9967,00
3834,00
8307,00
8308,00
8308,00
8308,00
1846,00
3834,00
3323,00
3323,00
6232,00
4532,00
2624,00
9973,00
5541,00
6235,00
5542,00
7126,00
7126,00
16629,00
9978,00
9978,00
9978,00
8316,00
4536,00
5544,00
5544,00
9981,00
24952,00
16638,00
4991,00
8319,00
8319,00
2627,00
5546,00
2936,00
4538,00
8319,00
5546,00
5546,00
8320,00
9984,00
1134,00
2496,00
1664,00
4161,00
4540,00
2937,00
1722,00
4162,00
2378,00
1469,00
2497,00
2171,00
2775,00
3122,00
3569,00
3569,00
3569,00
3569,00
609,00
1470,00
1110,00
1666,00
3845,00
3124,00
1724,00
3124,00
1785,00
4545,00
7142,00
7143,00
8333,00
10001,00
4545,00
5000,00
6252,00
7145,00
3573,00
4548,00
6254,00
7148,00
12511,00
12511,00
12512,00
6256,00
6256,00
3575,00
4551,00
3850,00
6257,00
8344,00
7152,00
5563,00
7154,00
8347,00
3339,00
10017,00
5565,00
8348,00
25045,00
16702,00
7158,00
16702,00
25056,00
4555,00
5568,00
6264,00
16704,00
8353,00
16707,00
7160,00
10024,00
6265,00
2948,00
5572,00
4559,00
6269,00
10031,00
6269,00
6269,00
16719,00
10032,00
1223,00
2090,00
2090,00
3583,00
7166,00
6271,00
3135,00
4181,00
3584,00
1394,00
2182,00
3137,00
4563,00
4182,00
5020,00
3346,00
3137,00
5020,00
1046,00
1793,00
1394,00
2282,00
3586,00
2391,00
2510,00
3347,00
4566,00
1195,00
4566,00
2092,00
5580,00
10046,00
7176,00
2283,00
8373,00
3139,00
3349,00
7177,00
3865,00
5583,00
3865,00
8376,00
4568,00
5584,00
7179,00
1794,00
3350,00
1933,00
5026,00
5026,00
5026,00
3866,00
7181,00
3866,00
2792,00
6285,00
4190,00
4191,00
12578,00
7188,00
4574,00
12581,00
4575,00
3872,00
7192,00
5594,00
5594,00
5594,00
16784,00
12589,00
10071,00
6294,00
2398,00
3148,00
3358,00
5597,00
6298,00
4581,00
5039,00
10080,00
4200,00
763,00
1229,00
1050,00
1626,00
3151,00
2966,00
1528,00
2966,00
1867,00
1029,00
1681,00
1528,00
2292,00
1801,00
3152,00
2402,00
3363,00
2655,00
309,00
655,00
413,00
917,00
1201,00
1328,00
682,00
1201,00
180,00
