





































































































































































































































































































































































































































































































































































































































































































































































































































































































































































































































































































































3333,00
2702,00
1470,00
3225,00
6250,00
5555,00
5000,00
2941,00
671,00
2631,00
884,00
507,00
970,00
6666,00
10000,00
12500,00
6666,00
12500,00
7692,00
2941,00
3703,00
3333,00
11111,00
9090,00
9090,00
4166,00
2380,00
4545,00
2222,00
2127,00
2564,00
2631,00
4166,00
3225,00
1587,00
1333,00
2040,00
671,00
462,00
617,00
11111,00
20000,00
12500,00
14285,00
10000,00
7692,00
5882,00
7692,00
5263,00
16666,00
14285,00
8333,00
7692,00
16666,00
8333,00
5555,00
7142,00
6666,00
6250,00
4761,00
7142,00
5263,00
4000,00
4761,00
1562,00
2173,00
1851,00
12500,00
6666,00
11111,00
11111,00
11111,00
14285,00
12500,00
6666,00
9090,00
16666,00
11111,00
16666,00
14285,00
6250,00
20000,00
5882,00
5000,00
8333,00
6666,00
7142,00
6666,00
4000,00
3703,00
3846,00
2439,00
1818,00
2941,00
8333,00
16666,00
16666,00
12500,00
10000,00
14285,00
5000,00
6250,00
5263,00
12500,00
12500,00
16666,00
5555,00
9090,00
6250,00
4166,00
4166,00
3846,00
4347,00
6666,00
5263,00
3846,00
3333,00
3448,00
1315,00
1538,00
1449,00
9090,00
12500,00
5555,00
4761,00
6666,00
4000,00
2272,00
2941,00
2083,00
5000,00
6666,00
4166,00
4166,00
5555,00
2941,00
2000,00
2083,00
1515,00
1694,00
2000,00
1785,00
1265,00
1369,00
1351,00
526,00
645,00
543,00
7142,00
10000,00
8333,00
6666,00
6666,00
6250,00
2941,00
2083,00
2631,00
6666,00
6666,00
5263,00
4166,00
3703,00
4761,00
2272,00
2173,00
2040,00
1923,00
2272,00
1818,00
1408,00
1408,00
1515,00
492,00
529,00
617,00
5000,00
4347,00
4000,00
4347,00
4347,00
3225,00
1724,00
2000,00
1724,00
4000,00
4166,00
4347,00
3225,00
3571,00
2941,00
1333,00
1369,00
1176,00
1470,00
1639,00
1408,00
892,00
1020,00
1030,00
255,00
275,00
289,00
9090,00
7142,00
9090,00
6250,00
7692,00
9090,00
6250,00
4545,00
7692,00
9090,00
7142,00
9090,00
8333,00
8333,00
6250,00
3703,00
2941,00
3448,00
3846,00
3703,00
3846,00
2380,00
3030,00
2941,00
990,00
1298,00
1265,00
14285,00
20000,00
12500,00
8333,00
7142,00
12500,00
4761,00
4545,00
5555,00
14285,00
14285,00
20000,00
7692,00
6250,00
6250,00
5882,00
3333,00
4347,00
5263,00
5882,00
5263,00
3125,00
2222,00
3125,00
1315,00
1315,00
1612,00
9090,00
14285,00
11111,00
5555,00
11111,00
8333,00
3448,00
3333,00
3703,00
10000,00
7692,00
10000,00
6250,00
5263,00
5000,00
2777,00
1562,00
2631,00
3030,00
3125,00
3125,00
2000,00
2439,00
2000,00
833,00
819,00
806,00
7692,00
10000,00
8333,00
14285,00
9090,00
7692,00
10000,00
7142,00
8333,00
11111,00
9090,00
8333,00
9090,00
12500,00
6666,00
4347,00
7142,00
6250,00
5263,00
6250,00
5000,00
5000,00
6666,00
4545,00
1694,00
1886,00
1587,00
7692,00
10000,00
9090,00
11111,00
14285,00
16666,00
8333,00
5882,00
9090,00
11111,00
14285,00
12500,00
20000,00
12500,00
16666,00
6666,00
5263,00
5555,00
7142,00
10000,00
7142,00
4347,00
4545,00
6250,00
2127,00
1785,00
1851,00
14285,00
16666,00
6250,00
12500,00
9090,00
8333,00
5263,00
5882,00
5000,00
14285,00
14285,00
14285,00
10000,00
9090,00
7692,00
4545,00
4347,00
4347,00
5000,00
6666,00
5000,00
3571,00
4545,00
4761,00
1219,00
1282,00
1000,00
406,00
1098,00
746,00
1010,00
900,00
970,00
228,00
316,00
292,00
892,00
1219,00
1041,00
621,00
689,00
746,00
216,00
250,00
270,00
219,00
395,00
302,00
164,00
208,00
232,00
28,00
43,00
40,00
1136,00
1492,00
1538,00
740,00
847,00
775,00
221,00
222,00
250,00
1190,00
1369,00
1282,00
427,00
294,00
625,00
124,00
110,00
154,00
277,00
335,00
373,00
94,00
94,00
142,00
16,00
17,00
25,00
591,00
952,00
719,00
515,00
568,00
628,00
116,00
147,00
138,00
757,00
970,00
800,00
303,00
327,00
458,00
79,00
84,00
102,00
145,00
228,00
191,00
63,00
73,00
97,00
7,00
10,00
11,00
2631,00
2857,00
2500,00
1785,00
2173,00
1515,00
869,00
990,00
917,00
2222,00
1886,00
1960,00
1612,00
1694,00
1666,00
675,00
699,00
684,00
680,00
813,00
757,00
502,00
602,00
534,00
209,00
241,00
228,00
2380,00
3333,00
2777,00
2631,00
2857,00
2325,00
1052,00
1030,00
1020,00
2777,00
3225,00
2857,00
1639,00
1234,00
1886,00
675,00
591,00
714,00
826,00
1000,00
925,00
531,00
523,00
591,00
125,00
130,00
168,00
2222,00
2500,00
2000,00
1428,00
1612,00
1282,00
694,00
684,00
724,00
1724,00
1818,00
1754,00
1176,00
1282,00
1408,00
378,00
408,00
485,00
558,00
689,00
621,00
341,00
403,00
393,00
73,00
85,00
96,00
1785,00
3571,00
2040,00
3125,00
2777,00
2040,00
1010,00
1333,00
806,00
3125,00
3030,00
2380,00
2500,00
2857,00
2439,00
1052,00
1250,00
1063,00
862,00
1149,00
628,00
819,00
934,00
877,00
255,00
373,00
288,00
3703,00
4761,00
3030,00
2857,00
4166,00
3846,00
1388,00
1408,00
1449,00
4545,00
4000,00
4347,00
3333,00
3030,00
3703,00
1234,00
1492,00
1351,00
1265,00
1538,00
1265,00
934,00
1265,00
1136,00
296,00
330,00
374,00
2702,00
3448,00
1923,00
2564,00
2857,00
2173,00
709,00
1075,00
826,00
2564,00
2702,00
2127,00
1960,00
2777,00
1851,00
719,00
909,00
826,00
746,00
1020,00
800,00
598,00
763,00
671,00
123,00
197,00
142,00
2272,00
3030,00
2500,00
2083,00
2380,00
1785,00
909,00
1149,00
1000,00
2380,00
2500,00
1960,00
1666,00
1923,00
1470,00
694,00
751,00
684,00
781,00
909,00
826,00
495,00
636,00
534,00
119,00
144,00
173,00
3225,00
3125,00
3333,00
1470,00
2941,00
1923,00
645,00
854,00
877,00
3571,00
3333,00
2702,00
1315,00
854,00
1785,00
478,00
389,00
632,00
862,00
980,00
909,00
233,00
263,00
413,00
59,00
57,00
91,00
1818,00
2500,00
2000,00
1369,00
1694,00
1754,00
400,00
537,00
662,00
1639,00
2040,00
1492,00
1052,00
970,00
1052,00
298,00
288,00
386,00
564,00
740,00
657,00
200,00
239,00
303,00
38,00
41,00
53,00
5000,00
5263,00
5882,00
5882,00
5263,00
4347,00
2222,00
2439,00
2000,00
5555,00
5263,00
4347,00
2777,00
3571,00
2564,00
1694,00
1587,00
1612,00
1515,00
1923,00
1960,00
1162,00
1388,00
1470,00
456,00
495,00
495,00
5263,00
6666,00
7692,00
6250,00
5263,00
5555,00
2439,00
2564,00
2500,00
7142,00
8333,00
7142,00
2083,00
900,00
3125,00
1587,00
1369,00
1886,00
2083,00
2631,00
2439,00
1098,00
680,00
1587,00
359,00
266,00
436,00
4545,00
5263,00
4000,00
3448,00
3125,00
3125,00
1639,00
1818,00
1538,00
4166,00
4347,00
3846,00
2040,00
2325,00
2222,00
943,00
1149,00
980,00
1333,00
1666,00
1428,00
793,00
917,00
952,00
212,00
209,00
265,00
6250,00
10000,00
7142,00
5555,00
6666,00
7142,00
3030,00
3703,00
3225,00
4761,00
5882,00
6666,00
5555,00
6250,00
5263,00
2631,00
2702,00
2631,00
2702,00
2500,00
2941,00
1754,00
2173,00
1587,00
769,00
735,00
769,00
6666,00
4166,00
10000,00
4761,00
6666,00
5000,00
2857,00
4000,00
3571,00
8333,00
9090,00
8333,00
5555,00
4347,00
5882,00
3030,00
3030,00
3030,00
2941,00
3333,00
2500,00
1818,00
2631,00
1428,00
917,00
806,00
1098,00
4347,00
7142,00
4347,00
5882,00
6250,00
7692,00
2777,00
3448,00
2702,00
5000,00
6666,00
6250,00
5263,00
4545,00
4761,00
2380,00
1724,00
1960,00
1960,00
2631,00
2173,00
1449,00
2083,00
1612,00
552,00
606,00
549,00
2564,00
3448,00
2380,00
2380,00
2777,00
2083,00
970,00
1075,00
877,00
2631,00
3333,00
2777,00
1886,00
1923,00
1886,00
826,00
1052,00
813,00
729,00
961,00
719,00
625,00
729,00
649,00
199,00
280,00
214,00
3448,00
4000,00
2777,00
2631,00
3225,00
2631,00
1250,00
1351,00
1234,00
3030,00
3225,00
3125,00
2439,00
2222,00
2702,00
1041,00
1162,00
1111,00
1010,00
1176,00
917,00
740,00
909,00
826,00
185,00
198,00
233,00
1818,00
2631,00
1818,00
1923,00
2222,00
1724,00
653,00
970,00
680,00
1960,00
2500,00
2173,00
1449,00
1785,00
1612,00
671,00
746,00
628,00
609,00
819,00
584,00
480,00
606,00
495,00
76,00
122,00
89,00
5882,00
9090,00
4545,00
5000,00
6666,00
3571,00
2173,00
2439,00
2127,00
5263,00
7142,00
5882,00
4761,00
4545,00
4347,00
1694,00
1886,00
1851,00
1666,00
2439,00
1960,00
1369,00
1612,00
1219,00
549,00
581,00
602,00
5555,00
6666,00
7142,00
6666,00
5882,00
6666,00
2439,00
2941,00
2380,00
7142,00
6666,00
7692,00
4761,00
5263,00
5263,00
2173,00
2439,00
2173,00
2173,00
2564,00
2439,00
1612,00
1587,00
1515,00
724,00
714,00
724,00
3846,00
6250,00
5555,00
3571,00
4545,00
3333,00
1666,00
1923,00
1666,00
4166,00
5000,00
5263,00
3448,00
4166,00
3448,00
1315,00
1369,00
1204,00
1408,00
1587,00
1470,00
1000,00
1282,00
1136,00
413,00
462,00
386,00
3030,00
10000,00
2564,00
5882,00
8333,00
6666,00
2173,00
4000,00
1851,00
7142,00
9090,00
7142,00
3846,00
6250,00
4545,00
2439,00
3125,00
2439,00
2083,00
3030,00
2040,00
2173,00
2857,00
2380,00
584,00
819,00
564,00
4000,00
5263,00
7142,00
7692,00
9090,00
10000,00
3448,00
3703,00
3703,00
7142,00
8333,00
11111,00
8333,00
8333,00
7692,00
3846,00
3571,00
3448,00
2857,00
3846,00
2857,00
2173,00
3333,00
2857,00
854,00
1041,00
1020,00
3448,00
6666,00
4166,00
5555,00
7142,00
5882,00
1886,00
2777,00
1694,00
6666,00
8333,00
5882,00
4761,00
5882,00
5000,00
1923,00
2631,00
1923,00
1562,00
2500,00
1724,00
1515,00
2083,00
1666,00
366,00
574,00
164,00
