





































































































































































































































































































































































































































































































































































































































































































































































































































































































































































































































































































































5000,00
1282,00
5555,00
25000,00
1086,00
4545,00
16666,00
877,00
3333,00
8333,00
1785,00
8333,00
7692,00
813,00
6250,00
11111,00
1162,00
8333,00
12500,00
1538,00
10000,00
20000,00
1315,00
9090,00
20000,00
900,00
4000,00
10000,00
1694,00
11111,00
20000,00
1515,00
6666,00
20000,00
1538,00
7142,00
16666,00
1694,00
12500,00
10000,00
140,00
3030,00
6250,00
191,00
2439,00
7692,00
367,00
4347,00
7692,00
268,00
4000,00
5555,00
289,00
3571,00
10000,00
440,00
4000,00
8333,00
377,00
4000,00
7692,00
467,00
4000,00
6666,00
613,00
6666,00
9090,00
588,00
6250,00
14285,00
621,00
5000,00
12500,00
1492,00
8333,00
25000,00
892,00
5555,00
20000,00
636,00
3571,00
11111,00
1515,00
9090,00
20000,00
1063,00
6250,00
16666,00
961,00
7142,00
12500,00
1234,00
9090,00
2380,00
1162,00
8333,00
20000,00
1408,00
11111,00
11111,00
1818,00
10000,00
14285,00
1587,00
8333,00
20000,00
1282,00
6666,00
16666,00
1162,00
8333,00
1123,00
1333,00
10000,00
20000,00
1408,00
6250,00
12500,00
1428,00
9090,00
1694,00
80,00
1111,00
2500,00
115,00
1492,00
3030,00
191,00
1587,00
2941,00
158,00
1449,00
2564,00
217,00
1562,00
3571,00
265,00
1851,00
3703,00
218,00
1388,00
3030,00
255,00
1785,00
3846,00
312,00
1851,00
3571,00
427,00
2777,00
6250,00
500,00
4545,00
7142,00
653,00
4000,00
8333,00
531,00
4166,00
8333,00
653,00
5263,00
9090,00
714,00
5263,00
14285,00
561,00
3225,00
9090,00
724,00
6250,00
9090,00
917,00
5000,00
11111,00
555,00
3125,00
5555,00
602,00
4000,00
8333,00
680,00
3846,00
11111,00
621,00
4347,00
7692,00
775,00
6250,00
10000,00
813,00
5882,00
14285,00
714,00
5000,00
10000,00
751,00
5555,00
14285,00
909,00
4761,00
12500,00
131,00
2702,00
5882,00
183,00
2702,00
5555,00
294,00
3030,00
6250,00
254,00
2941,00
6250,00
330,00
3125,00
7142,00
454,00
2702,00
6250,00
381,00
2857,00
6666,00
431,00
3448,00
6666,00
552,00
4545,00
7142,00
840,00
5555,00
14285,00
869,00
5555,00
16666,00
1298,00
6250,00
12500,00
1204,00
7142,00
12500,00
917,00
6250,00
12500,00
1515,00
4347,00
12500,00
1098,00
5882,00
14285,00
1234,00
5882,00
11111,00
1666,00
6250,00
11111,00
1010,00
5882,00
14285,00
1063,00
6666,00
16666,00
1136,00
5882,00
12500,00
1136,00
4761,00
8333,00
1250,00
7142,00
12500,00
1123,00
2127,00
12500,00
1282,00
6250,00
9090,00
1492,00
6666,00
11111,00
1562,00
7142,00
20000,00
162,00
2941,00
6250,00
239,00
3703,00
6250,00
312,00
3571,00
6666,00
338,00
4166,00
6250,00
363,00
3448,00
7692,00
515,00
3225,00
7142,00
322,00
3225,00
6666,00
446,00
3846,00
10000,00
568,00
4761,00
8333,00
714,00
4000,00
11111,00
840,00
7692,00
16666,00
1176,00
6250,00
16666,00
1052,00
5882,00
14285,00
980,00
4761,00
12500,00
1351,00
5882,00
14285,00
1136,00
7142,00
12500,00
1098,00
7142,00
20000,00
1428,00
4545,00
20000,00
1052,00
5263,00
16666,00
1234,00
6666,00
12500,00
1666,00
8333,00
20000,00
1333,00
7692,00
16666,00
1470,00
8333,00
20000,00
1785,00
8333,00
12500,00
1204,00
8333,00
14285,00
1785,00
8333,00
25000,00
1369,00
5555,00
7692,00
13,00
546,00
869,00
32,00
884,00
1818,00
44,00
980,00
1666,00
49,00
833,00
1724,00
75,00
980,00
2083,00
137,00
1136,00
1960,00
60,00
961,00
2000,00
114,00
1098,00
2325,00
130,00
1149,00
2173,00
169,00
1639,00
2941,00
243,00
2040,00
4761,00
411,00
2380,00
4761,00
287,00
2222,00
5000,00
414,00
2500,00
6250,00
467,00
3125,00
5000,00
366,00
2380,00
5263,00
442,00
3125,00
7142,00
512,00
3571,00
7142,00
225,00
1960,00
3030,00
389,00
2173,00
5555,00
414,00
2272,00
4000,00
369,00
2127,00
4347,00
450,00
2941,00
5882,00
495,00
3125,00
4761,00
387,00
2439,00
4347,00
483,00
3125,00
5555,00
526,00
3846,00
4545,00
38,00
1149,00
1724,00
57,00
1694,00
2702,00
102,00
1694,00
3846,00
85,00
1562,00
3125,00
125,00
1923,00
4347,00
215,00
2083,00
5000,00
121,00
1694,00
4000,00
182,00
1754,00
4761,00
289,00
2325,00
5000,00
350,00
3225,00
7692,00
406,00
5000,00
8333,00
636,00
4347,00
9090,00
537,00
5000,00
10000,00
684,00
5263,00
14285,00
892,00
5000,00
11111,00
561,00
5263,00
12500,00
740,00
6666,00
12500,00
943,00
6250,00
14285,00
442,00
2564,00
6666,00
636,00
3333,00
4166,00
740,00
5000,00
9090,00
689,00
4761,00
9090,00
847,00
7142,00
12500,00
952,00
5882,00
11111,00
719,00
4761,00
9090,00
925,00
5555,00
11111,00
1149,00
7692,00
10000,00
42,00
1219,00
2439,00
85,00
1886,00
3703,00
89,00
2222,00
2777,00
101,00
1694,00
3125,00
166,00
2272,00
4761,00
245,00
2564,00
5263,00
92,00
1408,00
1190,00
204,00
2325,00
4545,00
207,00
2500,00
3225,00
331,00
3125,00
5263,00
492,00
5000,00
9090,00
680,00
4347,00
8333,00
523,00
4545,00
6250,00
787,00
5882,00
12500,00
990,00
6250,00
11111,00
574,00
5555,00
8333,00
833,00
6250,00
9090,00
990,00
6250,00
12500,00
423,00
4545,00
6666,00
781,00
5882,00
7692,00
735,00
5000,00
7692,00
775,00
5263,00
7692,00
934,00
6666,00
14285,00
1123,00
6666,00
10000,00
641,00
4761,00
4761,00
925,00
3846,00
5000,00
800,00
5263,00
5263,00
21,00
636,00
1754,00
31,00
1041,00
1492,00
64,00
1234,00
2272,00
48,00
1075,00
2127,00
61,00
1388,00
2325,00
131,00
1408,00
2439,00
78,00
1176,00
2173,00
111,00
1388,00
2380,00
191,00
1538,00
2857,00
173,00
1960,00
5000,00
213,00
2777,00
5000,00
353,00
3333,00
7142,00
281,00
2631,00
6666,00
361,00
2702,00
7142,00
505,00
3703,00
8333,00
325,00
2777,00
7692,00
277,00
3571,00
9090,00
588,00
4545,00
8333,00
311,00
2380,00
4761,00
434,00
2857,00
6250,00
500,00
3571,00
6666,00
446,00
3448,00
4166,00
523,00
3571,00
7692,00
595,00
4166,00
7692,00
465,00
3030,00
6250,00
534,00
3846,00
8333,00
636,00
4166,00
8333,00
36,00
1162,00
3333,00
47,00
1204,00
3571,00
109,00
1886,00
4000,00
71,00
1886,00
4545,00
62,00
1351,00
4000,00
215,00
2631,00
5882,00
119,00
2000,00
4347,00
168,00
2325,00
5263,00
294,00
2631,00
5555,00
282,00
3846,00
12500,00
380,00
3448,00
16666,00
819,00
5555,00
10000,00
326,00
4761,00
14285,00
225,00
1282,00
5882,00
1010,00
5000,00
16666,00
452,00
5882,00
16666,00
632,00
5000,00
10000,00
1010,00
6666,00
14285,00
473,00
5263,00
9090,00
763,00
5555,00
10000,00
925,00
7142,00
14285,00
724,00
5882,00
10000,00
740,00
6666,00
9090,00
1063,00
6666,00
9090,00
704,00
6250,00
14285,00
1030,00
6666,00
9090,00
1136,00
9090,00
14285,00
53,00
1333,00
2702,00
78,00
1639,00
4545,00
124,00
2325,00
4166,00
102,00
2173,00
3125,00
144,00
3030,00
5555,00
237,00
3225,00
5263,00
136,00
2325,00
4761,00
182,00
2631,00
4761,00
288,00
3846,00
6250,00
316,00
3846,00
7142,00
373,00
5882,00
7142,00
746,00
6250,00
10000,00
480,00
5000,00
14285,00
578,00
3703,00
9090,00
1075,00
9090,00
16666,00
581,00
6250,00
7692,00
543,00
4347,00
2941,00
980,00
10000,00
8333,00
606,00
6250,00
11111,00
833,00
7142,00
12500,00
1111,00
6250,00
16666,00
934,00
7142,00
11111,00
1020,00
7142,00
16666,00
1204,00
5555,00
12500,00
729,00
7692,00
16666,00
800,00
8333,00
12500,00
1219,00
9090,00
14285,00
21,00
709,00
1190,00
40,00
833,00
1754,00
46,00
943,00
1754,00
58,00
833,00
1754,00
81,00
1030,00
2000,00
129,00
1162,00
2083,00
66,00
847,00
1724,00
119,00
1063,00
1886,00
112,00
1219,00
2222,00
213,00
1666,00
3846,00
294,00
2127,00
5000,00
387,00
2380,00
5882,00
316,00
2083,00
4761,00
393,00
2702,00
6250,00
446,00
3333,00
6250,00
342,00
2325,00
5263,00
427,00
3333,00
7142,00
469,00
3846,00
6250,00
276,00
1818,00
2941,00
349,00
2000,00
4545,00
409,00
2500,00
4166,00
361,00
2325,00
4347,00
436,00
3448,00
5555,00
460,00
3571,00
5555,00
342,00
2380,00
4761,00
438,00
3125,00
5882,00
473,00
3448,00
4347,00
48,00
1470,00
2439,00
71,00
1612,00
3225,00
107,00
1724,00
4166,00
99,00
1612,00
2941,00
125,00
1960,00
4761,00
212,00
2173,00
4347,00
130,00
1612,00
3448,00
198,00
1818,00
4347,00
259,00
2173,00
4166,00
371,00
3448,00
5555,00
490,00
4166,00
8333,00
653,00
4761,00
8333,00
497,00
4000,00
6250,00
591,00
3846,00
10000,00
925,00
7142,00
8333,00
574,00
4347,00
9090,00
757,00
4761,00
8333,00
833,00
4761,00
7142,00
529,00
3571,00
6666,00
694,00
5000,00
9090,00
751,00
5000,00
8333,00
641,00
4545,00
7692,00
787,00
6250,00
7142,00
869,00
4761,00
6250,00
714,00
4761,00
10000,00
884,00
6250,00
5882,00
943,00
6666,00
7142,00
41,00
1515,00
2222,00
82,00
1694,00
3846,00
75,00
2083,00
2631,00
110,00
1923,00
3333,00
148,00
2083,00
4761,00
228,00
2380,00
4545,00
90,00
1923,00
2857,00
186,00
2127,00
4347,00
120,00
2631,00
1694,00
349,00
3448,00
8333,00
502,00
4545,00
11111,00
657,00
4347,00
9090,00
531,00
4761,00
11111,00
549,00
3333,00
9090,00
800,00
5882,00
7142,00
478,00
5000,00
10000,00
662,00
4166,00
9090,00
662,00
4347,00
6666,00
408,00
5000,00
7142,00
769,00
6250,00
10000,00
671,00
5000,00
4166,00
763,00
5555,00
9090,00
884,00
4166,00
11111,00
980,00
5555,00
6250,00
438,00
4545,00
6250,00
724,00
5555,00
6666,00
267,00
2702,00
378,00
