





































































































































































































































































































































































































































































































































































































































































































































































































































































































































































































































































































































1611,00
32776,00
4916,00
10925,00
4917,00
2048,00
2341,00
9835,00
5785,00
8941,00
49180,00
5786,00
19673,00
290,00
153,00
135,00
2810,00
1856,00
1968,00
7028,00
6560,00
4473,00
1668,00
757,00
800,00
10943,00
2897,00
4284,00
32846,00
12317,00
32848,00
3398,00
3649,00
2737,00
19712,00
16426,00
24640,00
32855,00
19713,00
98568,00
532,00
770,00
527,00
3286,00
5799,00
3400,00
7584,00
12325,00
6162,00
1700,00
2465,00
2012,00
12329,00
12330,00
8220,00
16441,00
49325,00
32883,00
3082,00
5192,00
4289,00
19730,00
19731,00
19731,00
14094,00
24666,00
19734,00
709,00
296,00
498,00
4699,00
4934,00
3795,00
8976,00
3185,00
7596,00
2743,00
1828,00
2743,00
16461,00
6584,00
8980,00
49393,00
6174,00
19758,00
5488,00
1335,00
3800,00
12351,00
4117,00
9881,00
9882,00
298,00
4941,00
499,00
457,00
279,00
3408,00
5202,00
3188,00
8985,00
14120,00
7061,00
1977,00
2471,00
1569,00
12358,00
7061,00
8239,00
24719,00
14125,00
19775,00
3662,00
4299,00
2746,00
16481,00
9888,00
16482,00
19779,00
14128,00
16484,00
91,00
84,00
60,00
1476,00
1676,00
1373,00
3190,00
4496,00
3297,00
701,00
791,00
585,00
4300,00
8992,00
3804,00
5819,00
12365,00
7066,00
1545,00
1676,00
1414,00
8999,00
14141,00
7614,00
9899,00
24747,00
14141,00
89,00
56,00
52,00
1867,00
1596,00
1285,00
4304,00
2828,00
3536,00
1100,00
722,00
607,00
8253,00
8253,00
7074,00
12380,00
33013,00
24762,00
1678,00
1395,00
1478,00
11007,00
7621,00
14154,00
19818,00
11010,00
16516,00
54,00
42,00
28,00
1395,00
1395,00
917,00
2065,00
2417,00
1739,00
586,00
485,00
364,00
4720,00
7626,00
4310,00
9013,00
11016,00
7627,00
1322,00
1377,00
768,00
11018,00
9917,00
7629,00
19837,00
19837,00
8266,00
302,00
377,00
290,00
2156,00
3421,00
2480,00
4509,00
8268,00
5512,00
1195,00
1872,00
1256,00
9022,00
9022,00
7089,00
16543,00
7635,00
12407,00
2363,00
3202,00
2421,00
9926,00
9926,00
11030,00
16545,00
99273,00
49639,00
411,00
189,00
225,00
3202,00
3202,00
3677,00
9027,00
7638,00
9027,00
1873,00
964,00
1379,00
14188,00
3973,00
7095,00
16556,00
9030,00
24837,00
3679,00
4515,00
4139,00
24838,00
12419,00
14194,00
99363,00
19872,00
49683,00
251,00
160,00
119,00
2154,00
2312,00
1934,00
4990,00
3792,00
3512,00
1264,00
746,00
707,00
6324,00
4311,00
4311,00
13551,00
3162,00
9486,00
2496,00
2964,00
2564,00
13553,00
10541,00
6326,00
23726,00
15818,00
31638,00
352,00
600,00
366,00
2157,00
3955,00
2712,00
4747,00
9497,00
5937,00
1376,00
2065,00
1484,00
7919,00
13576,00
8639,00
19008,00
47524,00
23762,00
2795,00
4752,00
2795,00
13580,00
15844,00
11883,00
13582,00
47538,00
47539,00
505,00
528,00
409,00
2971,00
5282,00
3962,00
7314,00
9510,00
9510,00
1761,00
3280,00
2378,00
13590,00
13590,00
11893,00
31708,00
23784,00
31715,00
3523,00
5947,00
4757,00
19032,00
10574,00
13596,00
15863,00
13599,00
23799,00
327,00
338,00
170,00
2441,00
4327,00
2800,00
4760,00
8656,00
4761,00
1587,00
2164,00
1443,00
9524,00
13606,00
6803,00
15875,00
31754,00
23816,00
2888,00
4145,00
1733,00
19074,00
10597,00
8671,00
9538,00
9538,00
4335,00
52,00
103,00
37,00
1084,00
1800,00
926,00
1988,00
3670,00
1255,00
450,00
776,00
505,00
2579,00
4545,00
3409,00
5303,00
9546,00
5304,00
757,00
1446,00
593,00
4340,00
8681,00
5305,00
5026,00
19102,00
3183,00
89,00
89,00
50,00
1540,00
1837,00
1005,00
2895,00
3538,00
2221,00
636,00
975,00
482,00
3412,00
5972,00
3822,00
6370,00
11946,00
11946,00
1111,00
2123,00
985,00
6372,00
13655,00
7966,00
13658,00
15934,00
11950,00
38,00
55,00
21,00
996,00
1225,00
625,00
1494,00
2390,00
817,00
459,00
629,00
288,00
3188,00
5314,00
2333,00
6834,00
10631,00
4556,00
587,00
1449,00
357,00
5980,00
7974,00
3827,00
7361,00
13671,00
2990,00
144,00
242,00
152,00
1040,00
1876,00
1051,00
2658,00
4786,00
2991,00
550,00
920,00
517,00
2991,00
5631,00
3545,00
8703,00
15956,00
6838,00
1196,00
2175,00
1196,00
7364,00
10637,00
6382,00
11967,00
31913,00
13677,00
209,00
287,00
177,00
1954,00
3830,00
2082,00
3302,00
5321,00
3548,00
863,00
1497,00
863,00
5989,00
7371,00
6845,00
19167,00
15975,00
11981,00
2083,00
3092,00
2590,00
13694,00
11983,00
11983,00
19173,00
47933,00
31955,00
136,00
163,00
88,00
1155,00
2084,00
958,00
2663,00
5046,00
2523,00
584,00
871,00
460,00
3551,00
6848,00
2905,00
9588,00
10653,00
5046,00
1546,00
1843,00
978,00
8717,00
10654,00
6849,00
13699,00
19179,00
8718,00
155,00
275,00
158,00
1229,00
1957,00
1350,00
2179,00
3689,00
2040,00
639,00
1115,00
743,00
2740,00
5995,00
4360,00
10659,00
13704,00
8721,00
1042,00
2180,00
530,00
8721,00
15989,00
5643,00
2398,00
15991,00
4797,00
256,00
401,00
245,00
1683,00
2593,00
1573,00
2907,00
5645,00
3998,00
931,00
1573,00
1010,00
5998,00
8727,00
5647,00
12003,00
13717,00
10670,00
2342,00
3693,00
1746,00
9605,00
32017,00
7389,00
5650,00
13722,00
12009,00
151,00
266,00
91,00
1316,00
1960,00
1186,00
1747,00
5338,00
1201,00
696,00
1104,00
596,00
3559,00
8010,00
3433,00
6867,00
12017,00
4006,00
907,00
1885,00
445,00
12020,00
10684,00
4181,00
3846,00
8743,00
1577,00
127,00
139,00
79,00
1415,00
2467,00
1355,00
2533,00
4010,00
3565,00
664,00
1002,00
673,00
3703,00
6878,00
4586,00
8755,00
10701,00
8756,00
1395,00
2293,00
1783,00
8027,00
12041,00
10705,00
24087,00
32119,00
24092,00
100,00
80,00
55,00
1721,00
1853,00
1108,00
4820,00
6025,00
3213,00
927,00
927,00
630,00
6428,00
4822,00
3709,00
13778,00
48230,00
16077,00
1786,00
2097,00
1461,00
2243,00
8040,00
8773,00
16085,00
24128,00
24129,00
65,00
67,00
35,00
1322,00
1693,00
893,00
2925,00
5080,00
2244,00
614,00
720,00
346,00
5679,00
10730,00
3115,00
10730,00
12072,00
7429,00
1399,00
1665,00
839,00
6439,00
13798,00
8781,00
10732,00
13798,00
13798,00
295,00
449,00
280,00
2355,00
3018,00
3330,00
3577,00
7431,00
5682,00
1110,00
1894,00
1192,00
7431,00
10734,00
6038,00
19322,00
32203,00
16102,00
2100,00
4600,00
2246,00
19323,00
19323,00
16102,00
24154,00
96622,00
13803,00
360,00
272,00
233,00
4831,00
2928,00
3019,00
8785,00
10738,00
9664,00
1421,00
1208,00
1073,00
6040,00
2478,00
3020,00
32220,00
32219,00
19332,00
3222,00
4202,00
3580,00
13809,00
32222,00
32222,00
48332,00
48333,00
96668,00
241,00
220,00
130,00
3118,00
3118,00
2013,00
6041,00
9667,00
4203,00
1074,00
1223,00
680,00
7437,00
9668,00
3333,00
24171,00
24171,00
6906,00
2358,00
5088,00
1824,00
16114,00
16114,00
16114,00
13813,00
24173,00
24173,00
317,00
519,00
333,00
2102,00
3119,00
2479,00
4605,00
8059,00
4396,00
1086,00
1758,00
1112,00
5691,00
13821,00
5691,00
9675,00
48381,00
19354,00
2360,00
3337,00
2360,00
13825,00
16131,00
8065,00
24197,00
48396,00
10755,00
484,00
579,00
357,00
2766,00
7448,00
3724,00
8069,00
9683,00
6455,00
1827,00
2934,00
2617,00
13836,00
9685,00
8805,00
24217,00
48434,00
24221,00
3340,00
4403,00
2363,00
16149,00
16151,00
3028,00
12116,00
2019,00
5385,00
334,00
487,00
213,00
2254,00
4847,00
2851,00
5387,00
13854,00
4216,00
1293,00
2064,00
1102,00
8085,00
12129,00
7465,00
16175,00
19411,00
10784,00
2426,00
4413,00
1565,00
13869,00
12135,00
6472,00
13870,00
12137,00
7469,00
56,00
92,00
37,00
961,00
1592,00
1079,00
1942,00
2943,00
1766,00
488,00
735,00
490,00
2698,00
6072,00
3886,00
7474,00
16195,00
7474,00
1001,00
1647,00
823,00
5115,00
9721,00
6943,00
3739,00
19447,00
8103,00
75,00
79,00
46,00
1351,00
1985,00
1118,00
3041,00
4424,00
2071,00
743,00
885,00
537,00
4426,00
8852,00
6086,00
8115,00
19477,00
12173,00
1411,00
2164,00
1119,00
7493,00
13918,00
9745,00
12182,00
19492,00
8860,00
34,00
49,00
18,00
928,00
1476,00
749,00
1455,00
2166,00
840,00
490,00
625,00
290,00
2955,00
5736,00
2167,00
5737,00
9753,00
4644,00
762,00
1300,00
348,00
6969,00
9757,00
5421,00
6099,00
10843,00
2502,00
215,00
329,00
209,00
1435,00
2440,00
1549,00
3148,00
5138,00
3254,00
800,00
1355,00
849,00
5424,00
10849,00
6511,00
10851,00
16277,00
12208,00
1526,00
2790,00
1744,00
10854,00
13955,00
10854,00
19538,00
48846,00
24423,00
279,00
306,00
198,00
2326,00
3758,00
2640,00
4885,00
7516,00
5748,00
1357,00
2079,00
1269,00
9772,00
8884,00
8145,00
24442,00
24444,00
19558,00
2444,00
3622,00
2876,00
16301,00
24456,00
19564,00
32608,00
48914,00
24458,00
187,00
192,00
93,00
1631,00
2510,00
1483,00
4256,00
4895,00
2966,00
906,00
1288,00
576,00
5760,00
8161,00
2388,00
16323,00
13991,00
9794,00
1579,00
2721,00
1360,00
10884,00
12245,00
8163,00
24493,00
24496,00
8908,00
213,00
408,00
212,00
1580,00
2579,00
1781,00
3266,00
4900,00
3267,00
942,00
1581,00
1031,00
5766,00
9803,00
5447,00
12258,00
19613,00
8915,00
1556,00
3163,00
1442,00
10897,00
14012,00
12261,00
8174,00
19619,00
7007,00
345,00
557,00
324,00
2087,00
4088,00
2516,00
5164,00
6542,00
5451,00
1291,00
2393,00
1509,00
8922,00
9815,00
5774,00
16361,00
12270,00
16361,00
2653,00
4675,00
2975,00
16363,00
19636,00
16364,00
7553,00
19640,00
12275,00
181,00
309,00
80,00
1664,00
2889,00
1584,00
3387,00
5779,00
1056,00
1079,00
1559,00
798,00
4913,00
8189,00
2729,00
10921,00
10922,00
5173,00
1467,00
2978,00
423,00
9830,00
9830,00
4468,00
4468,00
12289,00
314,00
