




























































































































































































































































































































































































































































































































































































































































































































































































































































































































































































































































































































































































































































































































































































































































































































































61718,00
15436,00
2205,00
3430,00
3250,00
7719,00
61759,00
12351,00
15440,00
30880,00
6862,00
206,00
524,00
320,00
2251,00
4053,00
4677,00
2643,00
6080,00
3800,00
950,00
2338,00
1381,00
6756,00
8686,00
4343,00
5528,00
30406,00
10135,00
1169,00
3378,00
1382,00
12162,00
20271,00
8687,00
10135,00
8687,00
5528,00
450,00
856,00
868,00
3378,00
6082,00
6757,00
7602,00
30410,00
8688,00
1448,00
2339,00
1689,00
20274,00
60823,00
0,57
12164,00
30412,00
15206,00
2896,00
7603,00
2764,00
12165,00
12165,00
10137,00
20275,00
60825,00
0,57
699,00
1216,00
907,00
6082,00
20276,00
20276,00
7603,00
15207,00
20276,00
2896,00
4679,00
2339,00
20276,00
15207,00
12165,00
20276,00
60830,00
30416,00
4345,00
4056,00
3042,00
8691,00
60844,00
12169,00
10140,00
12169,00
12169,00
553,00
790,00
742,00
6085,00
8694,00
3381,00
6086,00
20287,00
8694,00
1901,00
2766,00
1963,00
15218,00
12174,00
20291,00
60874,00
20291,00
7609,00
4058,00
6763,00
2341,00
15218,00
10145,00
5534,00
7609,00
20291,00
7609,00
378,00
811,00
524,00
3204,00
12177,00
8697,00
4683,00
8698,00
4059,00
1845,00
2341,00
2029,00
6765,00
20297,00
8698,00
12178,00
15223,00
30446,00
2537,00
6765,00
708,00
12178,00
20299,00
20300,00
6767,00
15228,00
4686,00
669,00
1050,00
834,00
6093,00
20314,00
4062,00
7618,00
12190,00
10158,00
2257,00
3047,00
2438,00
20319,00
15241,00
5542,00
60967,00
12193,00
15241,00
4689,00
5080,00
3810,00
6775,00
60982,00
12196,00
12198,00
7624,00
8713,00
388,00
835,00
354,00
4357,00
8715,00
3588,00
3389,00
5546,00
2346,00
2542,00
3211,00
1245,00
20340,00
5085,00
3589,00
10171,00
30513,00
6102,00
1795,00
2653,00
753,00
30520,00
20347,00
5086,00
5086,00
1090,00
496,00
149,00
339,00
323,00
1130,00
3213,00
2261,00
2105,00
8723,00
6106,00
610,00
984,00
1221,00
6106,00
7633,00
7633,00
10178,00
15267,00
8724,00
1221,00
2181,00
2544,00
8725,00
8726,00
30541,00
30542,00
20361,00
20366,00
219,00
473,00
477,00
1420,00
4073,00
5092,00
3594,00
8729,00
6790,00
925,00
1198,00
1746,00
6111,00
8730,00
12223,00
12223,00
0,57
30559,00
2350,00
3820,00
3216,00
1528,00
20373,00
15280,00
12224,00
61121,00
61121,00
233,00
488,00
459,00
1652,00
3820,00
3395,00
2778,00
6112,00
5093,00
814,00
1455,00
1358,00
5556,00
15280,00
12224,00
7640,00
30564,00
10188,00
2107,00
4366,00
2778,00
8733,00
61138,00
12227,00
6793,00
0,57
8735,00
366,00
764,00
728,00
3822,00
10192,00
8736,00
6795,00
10192,00
7644,00
1359,00
1698,00
2265,00
8737,00
8737,00
12232,00
20388,00
8737,00
30582,00
3058,00
3398,00
6796,00
30584,00
12234,00
10196,00
30588,00
20392,00
61178,00
485,00
703,00
955,00
5561,00
10196,00
15294,00
6797,00
15294,00
8739,00
2039,00
1653,00
4078,00
5561,00
2353,00
7648,00
20395,00
30593,00
61187,00
5099,00
3599,00
6798,00
10198,00
12239,00
15299,00
61199,00
30599,00
20399,00
493,00
874,00
987,00
4080,00
7651,00
6121,00
8745,00
15304,00
12243,00
1654,00
2354,00
2267,00
5102,00
5103,00
5567,00
15311,00
30622,00
7655,00
4374,00
4711,00
3827,00
30622,00
12249,00
7655,00
8749,00
20415,00
15313,00
387,00
631,00
680,00
2784,00
6125,00
4375,00
6125,00
20418,00
10209,00
1750,00
1914,00
2187,00
8751,00
8751,00
15316,00
10210,00
12254,00
0,57
4084,00
2917,00
4377,00
8754,00
61280,00
10214,00
61290,00
61297,00
61297,00
547,00
817,00
875,00
2786,00
5572,00
3606,00
8757,00
30652,00
15326,00
2270,00
1751,00
2665,00
30653,00
6130,00
6812,00
20436,00
30655,00
12262,00
4379,00
3065,00
4716,00
12263,00
8759,00
1657,00
61315,00
30657,00
12263,00
613,00
1057,00
863,00
3607,00
5574,00
5109,00
6813,00
20441,00
6132,00
1978,00
2114,00
1460,00
15331,00
7665,00
4089,00
15336,00
20449,00
7668,00
4382,00
3834,00
3228,00
20449,00
15337,00
5577,00
12269,00
30675,00
3834,00
25,00
68,00
51,00
475,00
1095,00
902,00
645,00
1658,00
1252,00
220,00
356,00
409,00
1658,00
2557,00
2789,00
3835,00
7671,00
7671,00
356,00
902,00
524,00
3836,00
10230,00
6820,00
3230,00
10231,00
6821,00
58,00
112,00
109,00
705,00
1497,00
1427,00
974,00
2558,00
3070,00
391,00
479,00
646,00
3232,00
5117,00
6824,00
3612,00
12283,00
6824,00
705,00
1335,00
1096,00
4724,00
12284,00
8774,00
8774,00
20474,00
10237,00
43,00
123,00
72,00
706,00
1575,00
1253,00
945,00
2559,00
1861,00
391,00
590,00
608,00
3412,00
4095,00
6142,00
3613,00
6825,00
5584,00
487,00
916,00
596,00
7679,00
6826,00
10239,00
5585,00
12288,00
3072,00
82,00
130,00
155,00
975,00
1807,00
2195,00
1661,00
4728,00
4098,00
469,00
627,00
731,00
3616,00
4729,00
7684,00
8782,00
7684,00
7684,00
931,00
1661,00
1159,00
6148,00
8782,00
4729,00
15370,00
15370,00
12296,00
118,00
168,00
210,00
1336,00
3236,00
3416,00
2928,00
6150,00
7688,00
741,00
891,00
1008,00
7689,00
5126,00
10252,00
5592,00
20505,00
10252,00
1398,00
1618,00
1708,00
10252,00
61516,00
6151,00
10252,00
30758,00
30758,00
120,00
209,00
209,00
1618,00
2929,00
2460,00
2929,00
5126,00
4101,00
661,00
992,00
866,00
4732,00
5592,00
5126,00
6835,00
5592,00
6152,00
1464,00
2050,00
1160,00
5593,00
8789,00
5594,00
7691,00
15383,00
7691,00
64,00
159,00
98,00
1183,00
2279,00
2366,00
1619,00
4733,00
2367,00
586,00
759,00
769,00
4103,00
5596,00
4735,00
7694,00
8794,00
10259,00
961,00
2280,00
879,00
15403,00
8801,00
10269,00
7703,00
12326,00
6163,00
149,00
251,00
236,00
1467,00
2801,00
2680,00
2680,00
5603,00
4741,00
963,00
1081,00
1232,00
8806,00
6849,00
12329,00
20549,00
8806,00
8806,00
2568,00
1988,00
1761,00
10274,00
6850,00
3853,00
15415,00
8808,00
6851,00
74,00
223,00
84,00
1468,00
2055,00
1666,00
1989,00
5139,00
948,00
881,00
963,00
725,00
5140,00
3084,00
3629,00
8814,00
10283,00
3427,00
811,00
1667,00
383,00
10284,00
6170,00
3856,00
1763,00
5142,00
269,00
