





































































































































































































































































































































































































































































































































































































































































































































































































































































































































































































































































































































5882,00
2777,00
4347,00
11111,00
3125,00
7142,00
11111,00
5555,00
5555,00
12500,00
5555,00
8333,00
7692,00
460,00
1428,00
2222,00
819,00
1388,00
4545,00
1515,00
4000,00
4166,00
1351,00
3846,00
5882,00
1923,00
2777,00
7142,00
3333,00
5555,00
12500,00
2631,00
7692,00
11111,00
6666,00
14285,00
20000,00
5555,00
11111,00
11111,00
740,00
2000,00
2272,00
1449,00
3448,00
5263,00
1923,00
4000,00
6250,00
1754,00
4761,00
7142,00
3333,00
7692,00
14285,00
4761,00
7692,00
14285,00
2564,00
6666,00
11111,00
5882,00
14285,00
11111,00
5882,00
12500,00
16666,00
884,00
2564,00
3846,00
1250,00
2564,00
3846,00
1818,00
4000,00
4347,00
2040,00
8333,00
10000,00
3846,00
4761,00
11111,00
4000,00
5263,00
20000,00
3333,00
9090,00
20000,00
5000,00
10000,00
11111,00
5555,00
9090,00
14285,00
735,00
1923,00
3125,00
1470,00
3448,00
6666,00
1818,00
4761,00
6250,00
1785,00
4347,00
4347,00
3030,00
6250,00
10000,00
3703,00
5555,00
12500,00
2857,00
10000,00
10000,00
6666,00
12500,00
20000,00
9090,00
25000,00
20000,00
264,00
1176,00
1587,00
591,00
2222,00
2564,00
781,00
2564,00
3846,00
1010,00
3125,00
3846,00
2083,00
6666,00
7692,00
2127,00
4761,00
7692,00
1515,00
4545,00
5555,00
2777,00
8333,00
9090,00
3448,00
16666,00
11111,00
216,00
970,00
1851,00
460,00
1282,00
2127,00
606,00
1470,00
2380,00
1204,00
3571,00
5000,00
2941,00
5882,00
9090,00
2702,00
9090,00
11111,00
1754,00
4000,00
7692,00
3225,00
11111,00
25000,00
3846,00
11111,00
11111,00
251,00
990,00
1449,00
531,00
1428,00
3030,00
632,00
1562,00
2500,00
1000,00
3225,00
4347,00
2380,00
5000,00
12500,00
2439,00
5555,00
8333,00
1666,00
4347,00
6666,00
3571,00
12500,00
20000,00
4761,00
8333,00
12500,00
729,00
2500,00
3333,00
1408,00
3703,00
4545,00
1724,00
3846,00
6666,00
2325,00
5000,00
6666,00
3333,00
7142,00
10000,00
4166,00
3846,00
7142,00
3333,00
7692,00
6666,00
5555,00
11111,00
10000,00
11111,00
16666,00
10000,00
429,00
1886,00
3846,00
1190,00
2380,00
5555,00
1754,00
3030,00
6250,00
3225,00
7692,00
10000,00
3448,00
4761,00
20000,00
5555,00
6666,00
33333,00
5000,00
11111,00
20000,00
8333,00
8333,00
11111,00
9090,00
16666,00
14285,00
625,00
2500,00
3846,00
1265,00
4000,00
4761,00
1666,00
4166,00
8333,00
2173,00
5882,00
9090,00
5000,00
10000,00
10000,00
3225,00
2564,00
6666,00
4000,00
11111,00
25000,00
7142,00
10000,00
16666,00
6666,00
11111,00
16666,00
1111,00
2777,00
4000,00
1724,00
4761,00
6250,00
1818,00
4761,00
6250,00
2631,00
5882,00
7142,00
6666,00
10000,00
10000,00
6250,00
8333,00
10000,00
4545,00
12500,00
10000,00
6666,00
14285,00
12500,00
7692,00
12500,00
9090,00
869,00
3703,00
4347,00
1754,00
5000,00
7142,00
1818,00
4545,00
3846,00
3333,00
11111,00
14285,00
7142,00
7692,00
25000,00
6666,00
8333,00
8333,00
5882,00
16666,00
9090,00
7692,00
16666,00
14285,00
5263,00
7142,00
6250,00
833,00
3846,00
5263,00
1960,00
6250,00
6250,00
1923,00
6250,00
5263,00
2777,00
8333,00
10000,00
5555,00
7692,00
16666,00
4545,00
10000,00
8333,00
4166,00
9090,00
16666,00
9090,00
14285,00
25000,00
7692,00
9090,00
10000,00
10,00
71,00
115,00
34,00
139,00
308,00
51,00
233,00
267,00
94,00
272,00
363,00
204,00
574,00
826,00
267,00
769,00
1041,00
157,00
469,00
505,00
362,00
1136,00
1265,00
418,00
1408,00
1250,00
10,00
56,00
120,00
23,00
93,00
245,00
51,00
203,00
303,00
113,00
326,00
460,00
223,00
531,00
1098,00
327,00
961,00
1351,00
193,00
574,00
684,00
423,00
1219,00
1538,00
520,00
1818,00
1639,00
10,00
59,00
93,00
27,00
108,00
244,00
41,00
200,00
194,00
94,00
274,00
375,00
194,00
549,00
819,00
277,00
840,00
1075,00
157,00
480,00
515,00
374,00
1123,00
1351,00
383,00
1282,00
1000,00
61,00
259,00
401,00
118,00
480,00
806,00
217,00
729,00
1123,00
204,00
549,00
781,00
485,00
1470,00
1923,00
561,00
1960,00
2631,00
353,00
869,00
1219,00
769,00
2040,00
2857,00
1020,00
3333,00
4166,00
48,00
207,00
467,00
87,00
296,00
892,00
200,00
625,00
1086,00
278,00
840,00
1000,00
606,00
1408,00
2500,00
793,00
2857,00
3225,00
450,00
1162,00
1538,00
1052,00
2564,00
3448,00
1351,00
4347,00
5263,00
51,00
210,00
409,00
93,00
364,00
757,00
185,00
606,00
1000,00
206,00
584,00
800,00
480,00
1449,00
1960,00
571,00
1562,00
2222,00
367,00
980,00
1388,00
800,00
2325,00
2777,00
970,00
3571,00
3225,00
103,00
347,00
421,00
248,00
769,00
1020,00
229,00
961,00
990,00
250,00
714,00
840,00
578,00
1666,00
2173,00
699,00
2127,00
2564,00
383,00
1136,00
769,00
900,00
2777,00
2941,00
1086,00
3030,00
3846,00
114,00
393,00
598,00
219,00
909,00
1111,00
260,00
909,00
1136,00
331,00
952,00
1136,00
800,00
2325,00
3030,00
934,00
2777,00
3571,00
510,00
1449,00
1587,00
1136,00
3571,00
3846,00
1612,00
5555,00
4545,00
92,00
355,00
446,00
227,00
746,00
1098,00
191,00
847,00
769,00
271,00
800,00
980,00
584,00
1639,00
2439,00
746,00
2173,00
3225,00
404,00
1298,00
1333,00
925,00
3225,00
3703,00
1098,00
3703,00
1960,00
87,00
358,00
505,00
164,00
657,00
943,00
265,00
800,00
1428,00
268,00
800,00
980,00
602,00
1851,00
2439,00
735,00
2083,00
2941,00
460,00
1315,00
1587,00
1020,00
3225,00
4000,00
1333,00
4545,00
5882,00
63,00
273,00
578,00
112,00
362,00
819,00
229,00
684,00
1369,00
333,00
1052,00
1282,00
613,00
1351,00
3333,00
925,00
2380,00
3846,00
578,00
1724,00
2173,00
699,00
3703,00
4166,00
1666,00
5000,00
5000,00
72,00
298,00
529,00
130,00
492,00
934,00
211,00
819,00
1063,00
256,00
819,00
1075,00
602,00
1923,00
2631,00
740,00
2127,00
3225,00
497,00
1388,00
1666,00
990,00
3333,00
4347,00
1351,00
4000,00
5000,00
253,00
826,00
1075,00
512,00
1470,00
2222,00
751,00
1694,00
2439,00
609,00
2000,00
2777,00
1449,00
4000,00
5555,00
1694,00
3703,00
6666,00
1000,00
2857,00
4000,00
2325,00
7142,00
9090,00
3333,00
7142,00
9090,00
178,00
666,00
1333,00
313,00
671,00
1960,00
729,00
1923,00
3125,00
769,00
2631,00
3571,00
1030,00
970,00
3448,00
2702,00
5000,00
8333,00
1428,00
5263,00
6666,00
3125,00
7692,00
10000,00
4166,00
8333,00
9090,00
212,00
709,00
1086,00
416,00
1388,00
2325,00
689,00
1960,00
2941,00
621,00
1851,00
2500,00
1219,00
2439,00
3703,00
1694,00
3030,00
5555,00
1075,00
3030,00
4166,00
2439,00
7142,00
9090,00
3030,00
6250,00
12500,00
334,00
925,00
1351,00
724,00
2173,00
2941,00
840,00
2000,00
3030,00
684,00
2380,00
2702,00
1562,00
6250,00
6250,00
1886,00
4545,00
6666,00
1219,00
3846,00
4347,00
2439,00
9090,00
12500,00
2941,00
7692,00
9090,00
400,00
1063,00
1754,00
666,00
1818,00
2272,00
854,00
2272,00
3571,00
961,00
3225,00
4000,00
1923,00
4166,00
7142,00
2777,00
4545,00
7692,00
1428,00
4545,00
4545,00
2702,00
8333,00
2222,00
4000,00
7692,00
8333,00
336,00
925,00
1470,00
781,00
2127,00
3333,00
819,00
2040,00
3030,00
763,00
2272,00
3030,00
1562,00
4166,00
6666,00
2000,00
3846,00
5882,00
1315,00
4761,00
4761,00
2857,00
9090,00
9090,00
3703,00
7142,00
5000,00
121,00
598,00
729,00
353,00
1136,00
1612,00
308,00
1492,00
1515,00
446,00
1449,00
1785,00
1000,00
3125,00
5000,00
1111,00
5000,00
4761,00
662,00
1923,00
2500,00
1754,00
5882,00
6666,00
1492,00
5555,00
4347,00
110,00
564,00
826,00
255,00
877,00
1176,00
304,00
1111,00
1408,00
534,00
1851,00
2040,00
1190,00
4166,00
5555,00
1282,00
4347,00
5882,00
813,00
2857,00
3703,00
1818,00
5882,00
7142,00
2127,00
6666,00
6666,00
96,00
507,00
515,00
249,00
980,00
1492,00
228,00
1063,00
657,00
462,00
1388,00
1694,00
1098,00
2564,00
4347,00
1204,00
3703,00
4347,00
704,00
2083,00
2500,00
1639,00
5555,00
6666,00
1449,00
5882,00
2380,00
395,00
1204,00
1886,00
917,00
3030,00
2777,00
1030,00
3448,00
4761,00
1041,00
2941,00
4545,00
2439,00
6666,00
9090,00
2500,00
7142,00
10000,00
1538,00
4761,00
6250,00
3846,00
12500,00
14285,00
5263,00
16666,00
16666,00
273,00
1219,00
2272,00
781,00
2325,00
4347,00
909,00
2272,00
5555,00
1219,00
3846,00
5000,00
2564,00
4761,00
8333,00
2777,00
6666,00
9090,00
1886,00
6250,00
9090,00
4000,00
11111,00
14285,00
5263,00
16666,00
20000,00
343,00
1369,00
1960,00
694,00
2777,00
3571,00
854,00
2941,00
2941,00
1030,00
3333,00
5000,00
2325,00
5263,00
9090,00
2380,00
4761,00
7692,00
1785,00
5882,00
5882,00
4347,00
7142,00
10000,00
3846,00
10000,00
11111,00
425,00
1639,00
1785,00
1219,00
3030,00
4000,00
826,00
3448,00
2500,00
1162,00
3333,00
4347,00
2702,00
7142,00
11111,00
3125,00
8333,00
8333,00
1724,00
7142,00
6666,00
3571,00
11111,00
16666,00
2564,00
6250,00
3125,00
450,00
1851,00
3030,00
1219,00
4000,00
5263,00
1149,00
3448,00
2439,00
1562,00
6250,00
7142,00
3225,00
4761,00
14285,00
3448,00
5000,00
10000,00
2380,00
8333,00
10000,00
5555,00
12500,00
11111,00
4761,00
9090,00
3333,00
293,00
1515,00
1538,00
900,00
3225,00
4545,00
628,00
2702,00
1098,00
1449,00
5263,00
5555,00
2702,00
5555,00
10000,00
2702,00
5263,00
5882,00
1492,00
6250,00
5263,00
4761,00
14285,00
14285,00
1265,00
5555,00
334,00
