





































































































































































































































































































































































































































































































































































































































































































































































































































































































































































































































































































































2139,00
14261,00
7131,00
8557,00
6112,00
1945,00
1337,00
611,00
8558,00
10701,00
10701,00
10702,00
10702,00
5352,00
4282,00
1784,00
21411,00
5352,00
4282,00
14274,00
7137,00
7137,00
4282,00
3058,00
2379,00
42829,00
3569,00
4759,00
931,00
14277,00
14277,00
3569,00
2254,00
1298,00
8567,00
5355,00
5355,00
14280,00
6120,00
8568,00
1382,00
1098,00
649,00
3895,00
3570,00
1785,00
10713,00
10713,00
3296,00
2142,00
911,00
549,00
4763,00
3572,00
2679,00
8574,00
6124,00
5359,00
2144,00
498,00
354,00
5360,00
3573,00
1786,00
14296,00
6127,00
4289,00
2383,00
1588,00
549,00
5362,00
3574,00
1532,00
14299,00
14299,00
8579,00
2042,00
476,00
366,00
6129,00
1191,00
1716,00
6130,00
8582,00
5364,00
2258,00
858,00
404,00
8583,00
3576,00
2044,00
14311,00
10733,00
6133,00
1866,00
954,00
456,00
4294,00
3067,00
1262,00
21474,00
10737,00
7158,00
2147,00
1073,00
456,00
6136,00
3304,00
1789,00
10738,00
14318,00
8592,00
2148,00
976,00
433,00
4296,00
2685,00
1952,00
6137,00
5371,00
2864,00
8594,00
14323,00
4774,00
42972,00
14324,00
8594,00
10743,00
10743,00
10743,00
4775,00
5371,00
3305,00
21491,00
842,00
7163,00
1074,00
10746,00
6141,00
5373,00
5373,00
2149,00
10748,00
21496,00
14331,00
8600,00
43003,00
6143,00
10750,00
21503,00
21503,00
754,00
21506,00
8606,00
14343,00
43031,00
10757,00
4305,00
4783,00
3075,00
14350,00
14350,00
14351,00
419,00
14351,00
2870,00
4784,00
2870,00
2870,00
8620,00
14368,00
21573,00
8629,00
784,00
8634,00
8634,00
7200,00
6171,00
43201,00
43201,00
14406,00
10804,00
14411,00
10808,00
10809,00
14417,00
7208,00
14418,00
21637,00
10818,00
5411,00
21646,00
21646,00
3937,00
8661,00
2887,00
10831,00
43324,00
7220,00
435,00
10834,00
5417,00
21676,00
10840,00
3098,00
43376,00
14458,00
43395,00
1239,00
43396,00
21704,00
8682,00
6201,00
4824,00
1009,00
43435,00
14478,00
21718,00
10862,00
10862,00
6208,00
4828,00
3343,00
790,00
10869,00
7247,00
21743,00
21743,00
14496,00
43497,00
8699,00
10876,00
43506,00
43513,00
43514,00
1403,00
1450,00
43521,00
5440,00
3957,00
3109,00
43536,00
14514,00
14514,00
14514,00
10887,00
14516,00
4839,00
3959,00
2903,00
43558,00
21784,00
10892,00
1117,00
43576,00
43576,00
8716,00
5447,00
4358,00
5448,00
14529,00
21796,00
14534,00
43607,00
43607,00
10904,00
8725,00
3966,00
43633,00
632,00
10910,00
928,00
5455,00
14550,00
7275,00
4850,00
2728,00
808,00
14555,00
7276,00
21829,00
43667,00
21833,00
2568,00
2569,00
1040,00
10923,00
5462,00
4369,00
14567,00
14567,00
6243,00
2300,00
1560,00
950,00
6244,00
10929,00
5464,00
10929,00
21861,00
6246,00
2915,00
2429,00
652,00
7290,00
14581,00
4374,00
43753,00
21876,00
5470,00
3978,00
2735,00
1017,00
8753,00
21884,00
4863,00
21886,00
21886,00
7296,00
2188,00
1751,00
995,00
21893,00
8758,00
4866,00
14598,00
14600,00
8761,00
2920,00
2190,00
755,00
10955,00
14608,00
4869,00
43829,00
7304,00
10957,00
3984,00
1992,00
932,00
10959,00
10959,00
4384,00
21924,00
21924,00
8770,00
3132,00
2088,00
894,00
10963,00
8771,00
4385,00
10964,00
21928,00
10964,00
2923,00
1461,00
654,00
14622,00
6267,00
3988,00
7312,00
7312,00
3656,00
332,00
471,00
195,00
4876,00
4388,00
2089,00
2925,00
3657,00
1567,00
769,00
332,00
217,00
4388,00
3134,00
2438,00
10972,00
14629,00
2926,00
348,00
264,00
114,00
3657,00
3135,00
1829,00
3991,00
6271,00
1568,00
896,00
784,00
467,00
4879,00
6273,00
2583,00
3136,00
4391,00
2583,00
861,00
493,00
242,00
6273,00
2927,00
2195,00
7319,00
8783,00
2927,00
675,00
362,00
203,00
3378,00
5490,00
2745,00
5490,00
10981,00
2584,00
708,00
1071,00
348,00
3994,00
3380,00
2312,00
2746,00
8309,00
3777,00
966,00
649,00
314,00
8311,00
5195,00
2187,00
8312,00
10390,00
4157,00
407,00
483,00
151,00
5939,00
3464,00
1979,00
2771,00
8315,00
1732,00
716,00
399,00
202,00
5197,00
2446,00
1386,00
10396,00
5198,00
3465,00
533,00
221,00
148,00
2772,00
1260,00
1039,00
8318,00
5199,00
2773,00
478,00
205,00
120,00
2773,00
2080,00
1188,00
8320,00
6935,00
2774,00
924,00
611,00
341,00
4161,00
3468,00
1387,00
5202,00
4162,00
4162,00
717,00
260,00
186,00
3202,00
2081,00
1435,00
10407,00
10407,00
4625,00
501,00
303,00
166,00
3203,00
3203,00
1343,00
5949,00
10412,00
3786,00
661,00
490,00
274,00
3205,00
2451,00
1068,00
5208,00
6945,00
2604,00
833,00
396,00
215,00
4167,00
2604,00
1126,00
4167,00
8335,00
3789,00
496,00
330,00
153,00
2779,00
1437,00
887,00
4633,00
10424,00
2606,00
85,00
61,00
20,00
672,00
473,00
192,00
948,00
1017,00
372,00
103,00
37,00
15,00
683,00
389,00
203,00
1192,00
869,00
453,00
61,00
32,00
9,00
541,00
413,00
183,00
834,00
1043,00
285,00
132,00
76,00
32,00
479,00
369,00
150,00
1304,00
1159,00
485,00
110,00
37,00
14,00
596,00
356,00
170,00
1347,00
1347,00
509,00
85,00
37,00
13,00
542,00
449,00
194,00
1265,00
1100,00
491,00
104,00
71,00
24,00
398,00
312,00
119,00
733,00
1072,00
340,00
115,00
63,00
23,00
557,00
398,00
146,00
1267,00
1101,00
464,00
82,00
46,00
11,00
510,00
351,00
149,00
606,00
951,00
240,00
4187,00
6978,00
2463,00
10468,00
10468,00
2617,00
41876,00
951,00
10470,00
5983,00
3221,00
1675,00
41893,00
13964,00
5985,00
8380,00
10475,00
8380,00
2619,00
1676,00
1232,00
8381,00
8382,00
10478,00
10479,00
20959,00
5988,00
10480,00
5241,00
3225,00
10482,00
41931,00
3225,00
41932,00
13979,00
20969,00
8388,00
2467,00
3227,00
13986,00
41960,00
6993,00
41963,00
8393,00
20982,00
3228,00
1748,00
1498,00
2468,00
13989,00
20984,00
20986,00
6995,00
20986,00
4663,00
5996,00
2798,00
5996,00
20988,00
6996,00
10494,00
41979,00
5997,00
3816,00
2469,00
1554,00
13994,00
20993,00
10496,00
10496,00
10497,00
6998,00
3499,00
2624,00
1024,00
21006,00
14004,00
14007,00
10505,00
21011,00
6003,00
5252,00
3232,00
1616,00
42038,00
42039,00
5255,00
21023,00
824,00
10512,00
4205,00
2002,00
1025,00
10513,00
7009,00
3504,00
42056,00
42062,00
8413,00
3824,00
1237,00
738,00
7012,00
3506,00
3825,00
21037,00
21037,00
8415,00
7013,00
2629,00
1913,00
618,00
42087,00
7014,00
42087,00
8417,00
21044,00
3006,00
1275,00
1079,00
21054,00
2216,00
5264,00
14039,00
21059,00
42120,00
3008,00
1316,00
1108,00
6018,00
7021,00
5266,00
14044,00
21067,00
7022,00
3830,00
2808,00
1504,00
5267,00
8427,00
6019,00
10535,00
21071,00
14047,00
5269,00
3242,00
1832,00
6022,00
6022,00
4684,00
42160,00
21080,00
21080,00
3243,00
1621,00
1171,00
10540,00
4216,00
4216,00
21083,00
42167,00
42168,00
843,00
739,00
360,00
3012,00
3244,00
1171,00
7028,00
14057,00
3244,00
1110,00
463,00
303,00
2812,00
1834,00
1171,00
8437,00
5273,00
2812,00
843,00
430,00
206,00
2812,00
2482,00
1241,00
5276,00
10552,00
1835,00
959,00
827,00
317,00
3015,00
3015,00
861,00
14075,00
7037,00
4691,00
1241,00
534,00
340,00
3016,00
3248,00
1055,00
14077,00
8446,00
4223,00
898,00
435,00
234,00
2484,00
2484,00
898,00
8449,00
5281,00
3841,00
1006,00
621,00
274,00
4696,00
2224,00
845,00
8453,00
8454,00
2818,00
1031,00
681,00
289,00
4697,00
3019,00
1142,00
8457,00
8457,00
3252,00
919,00
486,00
237,00
3253,00
1922,00
983,00
3524,00
4229,00
2014,00
3524,00
4230,00
1113,00
21151,00
42306,00
6043,00
5288,00
682,00
7051,00
10578,00
3022,00
2644,00
10578,00
21157,00
6045,00
5290,00
7054,00
4703,00
1924,00
1924,00
984,00
8467,00
21168,00
14112,00
3024,00
42339,00
5292,00
5292,00
6049,00
4234,00
8469,00
42349,00
7058,00
14116,00
1144,00
21176,00
4235,00
3025,00
1925,00
14118,00
7059,00
14118,00
4235,00
21179,00
7059,00
2229,00
2232,00
902,00
8497,00
10624,00
4249,00
10626,00
21268,00
4726,00
3272,00
3038,00
2025,00
8507,00
8507,00
8507,00
3867,00
733,00
4726,00
7090,00
7090,00
3038,00
21272,00
42547,00
42547,00
14182,00
42548,00
21274,00
1037,00
1849,00
462,00
10637,00
8510,00
8512,00
1850,00
42565,00
2128,00
8514,00
8514,00
2240,00
21288,00
14192,00
4731,00
21290,00
10645,00
21290,00
8516,00
3275,00
3275,00
21294,00
14196,00
21295,00
1038,00
10648,00
8519,00
4732,00
2129,00
1183,00
8519,00
10649,00
7100,00
774,00
42612,00
21306,00
14205,00
6087,00
3551,00
42618,00
21309,00
21309,00
14207,00
968,00
21310,00
8524,00
3278,00
3278,00
42627,00
21314,00
14209,00
42628,00
42628,00
21314,00
3875,00
2030,00
1093,00
42633,00
10658,00
10658,00
21317,00
14212,00
14213,00
21319,00
4737,00
2132,00
21323,00
14218,00
14218,00
10663,00
21327,00
42655,00
6093,00
6093,00
3046,00
14221,00
42663,00
42667,00
42668,00
42669,00
14224,00
2667,00
1580,00
748,00
592,00
10670,00
6097,00
21342,00
21343,00
8537,00
871,00
1293,00
341,00
8539,00
5337,00
2512,00
4271,00
14243,00
2670,00
1424,00
1095,00
569,00
8547,00
7122,00
3561,00
10684,00
8548,00
2849,00
821,00
821,00
213,00
7123,00
7123,00
2514,00
6106,00
8549,00
1474,00
1424,00
1424,00
628,00
10687,00
8550,00
3053,00
8552,00
14254,00
5345,00
1710,00
1155,00
593,00
14255,00
3887,00
2375,00
21383,00
10691,00
5346,00
1644,00
994,00
365,00
14256,00
8553,00
4276,00
14256,00
6110,00
7128,00
1425,00
1379,00
423,00
10694,00
6111,00
2673,00
4753,00
21392,00
3056,00
1944,00
1426,00
555,00
21393,00
14262,00
3565,00
14262,00
42791,00
5346,00
838,00
737,00
139,00
6110,00
7129,00
1645,00
1782,00
4278,00
225,00
