





































































































































































































































































































































































































































































































































































































































































































































































































































































































































































































































































































































2054,00
1666,00
2465,00
3424,00
716,00
3082,00
3425,00
1063,00
751,00
3245,00
1340,00
3245,00
2283,00
6166,00
8809,00
7708,00
12334,00
5607,00
10280,00
6168,00
4406,00
3084,00
4113,00
5609,00
8814,00
3428,00
3085,00
6856,00
3857,00
3428,00
2683,00
2204,00
4115,00
6858,00
1991,00
4116,00
10291,00
2375,00
7718,00
4116,00
1992,00
2807,00
3860,00
4752,00
6864,00
5616,00
2686,00
5616,00
6865,00
1716,00
3432,00
4119,00
2942,00
2808,00
6866,00
2059,00
5150,00
6867,00
519,00
1437,00
1584,00
883,00
2943,00
4415,00
835,00
2688,00
2688,00
4416,00
6870,00
7729,00
5152,00
4416,00
8834,00
4122,00
5622,00
7731,00
2474,00
7731,00
6185,00
4123,00
3093,00
12372,00
3639,00
4124,00
8839,00
1345,00
2946,00
4420,00
2210,00
1875,00
5157,00
1875,00
4126,00
3438,00
6189,00
8842,00
8842,00
7737,00
10318,00
15478,00
5159,00
5628,00
5160,00
2580,00
4422,00
5630,00
4423,00
4423,00
10323,00
4129,00
7744,00
6196,00
1770,00
5163,00
5633,00
4131,00
6196,00
15492,00
2213,00
4767,00
7747,00
1511,00
2695,00
3262,00
2817,00
4428,00
3646,00
2695,00
4428,00
6888,00
1631,00
2214,00
2952,00
3100,00
6200,00
6889,00
2480,00
2952,00
3263,00
574,00
1016,00
1216,00
1292,00
2585,00
2585,00
1170,00
3650,00
2298,00
2216,00
5171,00
6896,00
3651,00
7758,00
4433,00
2216,00
4138,00
4139,00
3268,00
4777,00
5645,00
4436,00
3653,00
12426,00
3883,00
5650,00
4780,00
1172,00
2486,00
2960,00
1942,00
3885,00
5180,00
2303,00
4441,00
4145,00
2961,00
5182,00
5182,00
3659,00
4147,00
4443,00
2827,00
3888,00
2304,00
2489,00
5186,00
4148,00
5186,00
4149,00
6916,00
2490,00
5659,00
3890,00
1220,00
2964,00
3112,00
3891,00
4151,00
4789,00
2491,00
5189,00
5189,00
2306,00
3278,00
3893,00
3893,00
4450,00
6231,00
3115,00
6231,00
7790,00
2597,00
3281,00
3896,00
2834,00
6928,00
5196,00
2969,00
2011,00
5670,00
945,00
1485,00
2151,00
1485,00
2836,00
4457,00
1600,00
2972,00
3671,00
5201,00
8916,00
8916,00
10403,00
3901,00
8918,00
7804,00
6243,00
12486,00
2714,00
5675,00
7804,00
5203,00
3672,00
10406,00
5676,00
6244,00
12489,00
2602,00
3469,00
5677,00
2973,00
2973,00
10410,00
2839,00
4164,00
5205,00
6941,00
10411,00
12494,00
3904,00
4165,00
8926,00
3675,00
4166,00
3906,00
4464,00
4167,00
5683,00
5683,00
6252,00
10420,00
2977,00
1454,00
3290,00
2501,00
4168,00
5212,00
2085,00
3292,00
7821,00
2979,00
3680,00
4470,00
1840,00
2844,00
2980,00
2845,00
6955,00
6955,00
3477,00
6260,00
8944,00
1423,00
2981,00
3130,00
3479,00
6263,00
7829,00
2847,00
5220,00
6960,00
728,00
1278,00
1423,00
1491,00
2848,00
3297,00
1010,00
2160,00
2506,00
3298,00
5222,00
6267,00
4477,00
7835,00
8954,00
3918,00
7836,00
6966,00
3483,00
5699,00
6270,00
4823,00
6270,00
12542,00
4180,00
4824,00
15679,00
1695,00
2986,00
4481,00
2851,00
4826,00
6274,00
2413,00
4182,00
4183,00
4184,00
6276,00
7846,00
12554,00
31386,00
15693,00
8967,00
8968,00
3923,00
3304,00
5707,00
8969,00
6976,00
5232,00
20930,00
3693,00
12559,00
3925,00
1847,00
3695,00
3926,00
2731,00
3306,00
4833,00
1653,00
2856,00
1745,00
1013,00
2993,00
2857,00
4490,00
5715,00
7859,00
2328,00
7859,00
2245,00
1654,00
3699,00
3494,00
4839,00
7864,00
7864,00
3311,00
10486,00
6991,00
542,00
1398,00
1368,00
1798,00
3146,00
3933,00
925,00
3702,00
1798,00
5245,00
7868,00
5722,00
5245,00
12590,00
12590,00
6295,00
15739,00
8993,00
5246,00
5723,00
8994,00
7870,00
31485,00
10496,00
12596,00
15745,00
20994,00
2422,00
3149,00
3937,00
3705,00
10499,00
10499,00
4845,00
7875,00
5727,00
3316,00
4848,00
3939,00
7003,00
6304,00
7004,00
3708,00
7882,00
2866,00
5734,00
9010,00
9011,00
10513,00
21028,00
15772,00
9012,00
21031,00
21032,00
1314,00
3944,00
3944,00
3944,00
5261,00
10522,00
2104,00
10523,00
2255,00
3006,00
5262,00
4510,00
7893,00
12632,00
10528,00
7897,00
9025,00
9025,00
2256,00
4513,00
5744,00
7899,00
10532,00
15798,00
4862,00
7901,00
5747,00
1149,00
2180,00
2180,00
2258,00
5268,00
4516,00
1859,00
5269,00
3719,00
6325,00
10542,00
12653,00
15816,00
10544,00
12653,00
7908,00
7908,00
12654,00
4867,00
9039,00
10546,00
7910,00
31642,00
9040,00
9040,00
12657,00
12657,00
2751,00
5754,00
5754,00
5274,00
12659,00
10550,00
3516,00
9043,00
10551,00
4869,00
7034,00
7913,00
12664,00
9047,00
12666,00
5757,00
7916,00
7037,00
5758,00
10556,00
12667,00
15834,00
15835,00
63341,00
6334,00
7917,00
10557,00
2533,00
4524,00
5759,00
7038,00
21120,00
15840,00
6336,00
9052,00
7040,00
1920,00
3961,00
3961,00
4875,00
6339,00
10566,00
3337,00
9058,00
5284,00
2264,00
3523,00
4227,00
3523,00
7047,00
7928,00
3171,00
5285,00
7048,00
453,00
1350,00
906,00
1442,00
4533,00
3967,00
690,00
2189,00
1715,00
5290,00
7054,00
9071,00
9074,00
12704,00
7057,00
4886,00
12705,00
12708,00
6355,00
7944,00
12710,00
9079,00
31777,00
31781,00
9080,00
9080,00
9081,00
2192,00
3178,00
4238,00
3739,00
10598,00
7066,00
3533,00
7067,00
6360,00
4892,00
9087,00
5782,00
12722,00
15903,00
9087,00
2446,00
5783,00
3742,00
5301,00
7952,00
10604,00
9090,00
15910,00
21214,00
7957,00
12731,00
15916,00
1552,00
3745,00
3537,00
7074,00
12735,00
12736,00
1769,00
6368,00
1592,00
3538,00
7076,00
7076,00
9099,00
15923,00
9099,00
6370,00
7962,00
6370,00
5308,00
7963,00
7964,00
4901,00
21238,00
10619,00
3353,00
7965,00
4903,00
1875,00
3036,00
3543,00
2899,00
4907,00
7088,00
3752,00
9114,00
6380,00
12762,00
15955,00
12766,00
10639,00
10639,00
6385,00
12770,00
15964,00
7983,00
4257,00
9125,00
10647,00
10647,00
12781,00
63911,00
12782,00
10652,00
15983,00
4262,00
7105,00
9137,00
1827,00
9138,00
15994,00
15994,00
7997,00
10665,00
12801,00
10669,00
10670,00
9146,00
9149,00
16012,00
2668,00
6405,00
604,00
3768,00
7118,00
5825,00
8010,00
9154,00
21362,00
8013,00
16029,00
9160,00
3375,00
10690,00
9163,00
7128,00
32082,00
32090,00
4937,00
7133,00
3378,00
4938,00
8027,00
7136,00
21410,00
8029,00
16062,00
9177,00
12849,00
10710,00
3780,00
7140,00
10713,00
5843,00
6428,00
6429,00
7144,00
9186,00
7146,00
2217,00
4020,00
4288,00
3575,00
5851,00
8047,00
5852,00
7153,00
5365,00
10732,00
12880,00
21469,00
64416,00
16104,00
12886,00
12888,00
16110,00
9206,00
4958,00
21490,00
16125,00
5375,00
3795,00
7171,00
5867,00
10761,00
1793,00
6459,00
9228,00
12921,00
6460,00
8076,00
12923,00
5874,00
12926,00
16158,00
5876,00
16160,00
9235,00
10775,00
6465,00
12930,00
5877,00
4973,00
1796,00
3803,00
16166,00
12933,00
7186,00
7186,00
12938,00
4043,00
1577,00
727,00
4622,00
8091,00
8092,00
6475,00
10792,00
12952,00
4982,00
9252,00
8097,00
2944,00
5889,00
7198,00
5891,00
9257,00
8100,00
6480,00
10802,00
16203,00
3601,00
6481,00
7202,00
5893,00
21611,00
32423,00
4323,00
32434,00
10812,00
1802,00
3414,00
3414,00
3089,00
8110,00
9269,00
2495,00
5900,00
4993,00
7213,00
21642,00
8116,00
8117,00
32471,00
5412,00
9280,00
21653,00
16241,00
6496,00
21656,00
13000,00
65001,00
65003,00
10837,00
13005,00
21678,00
10839,00
4065,00
9292,00
6505,00
5914,00
13013,00
3253,00
4647,00
8137,00
5918,00
10850,00
9300,00
13027,00
10856,00
16292,00
13033,00
21725,00
16296,00
10864,00
9313,00
21732,00
21735,00
21736,00
13041,00
32605,00
7245,00
21743,00
10872,00
3837,00
10873,00
8155,00
9321,00
32625,00
21751,00
4078,00
6526,00
4079,00
2331,00
5439,00
5439,00
5021,00
9326,00
13057,00
4080,00
9327,00
3841,00
3109,00
4664,00
6531,00
5938,00
8165,00
10886,00
4666,00
8165,00
7258,00
975,00
2419,00
2722,00
2969,00
5939,00
5940,00
1390,00
4356,00
2253,00
5445,00
9336,00
13071,00
3439,00
21786,00
21787,00
8170,00
8170,00
9338,00
7264,00
10896,00
10897,00
16347,00
13078,00
32697,00
8174,00
7266,00
8176,00
2516,00
7269,00
8178,00
8179,00
16360,00
13089,00
5951,00
16366,00
9353,00
1769,00
9358,00
4679,00
3853,00
5039,00
13103,00
1771,00
5040,00
1074,00
5957,00
9363,00
16389,00
5960,00
8196,00
21862,00
5962,00
9371,00
5467,00
1562,00
4686,00
4374,00
4375,00
9375,00
9375,00
2431,00
5967,00
2051,00
5470,00
7294,00
8206,00
8207,00
16416,00
16415,00
8208,00
10944,00
13133,00
4690,00
6567,00
8208,00
16416,00
8209,00
32842,00
5474,00
16424,00
10948,00
2119,00
3457,00
3864,00
5053,00
10949,00
9386,00
3864,00
7301,00
6571,00
5975,00
9389,00
13145,00
8216,00
16432,00
65736,00
16434,00
13148,00
13148,00
7305,00
21914,00
21915,00
13149,00
32875,00
32877,00
10957,00
32873,00
16436,00
4109,00
8218,00
10958,00
5978,00
13152,00
21922,00
8220,00
12270,00
30676,00
8764,00
12271,00
12272,00
12274,00
6819,00
15344,00
15344,00
6138,00
7674,00
8770,00
15350,00
10233,00
10234,00
15351,00
20469,00
7676,00
15352,00
7676,00
3232,00
7677,00
6825,00
5119,00
12286,00
12286,00
8776,00
20480,00
7680,00
1429,00
6144,00
6145,00
6146,00
5588,00
20489,00
5122,00
10246,00
12295,00
2673,00
7687,00
5591,00
5125,00
12302,00
20504,00
6151,00
10252,00
12303,00
854,00
2674,00
2930,00
2279,00
6837,00
6153,00
1139,00
2930,00
2198,00
5130,00
10260,00
12312,00
15391,00
30785,00
12314,00
12314,00
12314,00
12314,00
4398,00
20525,00
12315,00
30789,00
20526,00
30790,00
30794,00
20529,00
8798,00
2933,00
7699,00
6844,00
5599,00
7700,00
10266,00
5133,00
8800,00
5600,00
2567,00
12321,00
6846,00
10269,00
12324,00
15405,00
3423,00
8803,00
2934,00
7703,00
15407,00
20543,00
8804,00
7703,00
61631,00
15408,00
20544,00
6848,00
1257,00
5136,00
3244,00
4402,00
7704,00
10273,00
1208,00
4403,00
302,00
