





































































































































































































































































































































































































































































































































































































































































































































































































































































































































































































































































































































3571,00
6493,00
1930,00
3247,00
14289,00
35725,00
14291,00
11910,00
14294,00
17868,00
14295,00
11920,00
11920,00
23849,00
23856,00
14316,00
17896,00
17897,00
14320,00
14320,00
10229,00
7957,00
23874,00
23875,00
17907,00
71630,00
11939,00
23880,00
35832,00
17916,00
17917,00
23894,00
71688,00
35845,00
23900,00
23903,00
23905,00
23916,00
14351,00
10250,00
2657,00
2990,00
2242,00
2871,00
1495,00
1407,00
997,00
740,00
603,00
4223,00
5129,00
3591,00
3592,00
3781,00
3124,00
2178,00
1633,00
1283,00
5991,00
5136,00
6537,00
4794,00
4794,00
3424,00
2247,00
1844,00
1498,00
17993,00
35987,00
14396,00
8999,00
14405,00
12005,00
7203,00
8004,00
5541,00
14409,00
36027,00
36027,00
24019,00
24020,00
24022,00
36033,00
8008,00
6553,00
36044,00
36053,00
18028,00
12022,00
18034,00
24048,00
12024,00
18038,00
9019,00
36082,00
36089,00
24063,00
18048,00
14438,00
24065,00
24067,00
24068,00
8023,00
24071,00
18055,00
12038,00
10319,00
18063,00
18065,00
24092,00
14455,00
24095,00
12049,00
36148,00
36148,00
24103,00
24110,00
36166,00
36169,00
24116,00
12058,00
1722,00
1608,00
1167,00
1206,00
916,00
682,00
354,00
305,00
237,00
4021,00
3147,00
2129,00
2262,00
2194,00
1392,00
1049,00
842,00
613,00
3812,00
3450,00
2498,00
2684,00
2499,00
1858,00
1115,00
1020,00
805,00
10357,00
8056,00
8057,00
9065,00
6593,00
5579,00
3022,00
2267,00
2198,00
72568,00
24193,00
36297,00
18150,00
14522,00
14526,00
6052,00
5188,00
5188,00
12106,00
12107,00
36324,00
14530,00
14530,00
12109,00
9082,00
6606,00
5590,00
72672,00
36344,00
12115,00
14540,00
18177,00
3161,00
6610,00
8079,00
5194,00
24247,00
24249,00
24249,00
24250,00
36375,00
36377,00
10394,00
9096,00
9097,00
24261,00
72788,00
36401,00
24268,00
12134,00
36409,00
12137,00
12142,00
24286,00
3167,00
2277,00
2024,00
2208,00
1869,00
1429,00
985,00
722,00
560,00
4290,00
4052,00
4560,00
3648,00
4293,00
3475,00
2354,00
1489,00
1216,00
9126,00
5616,00
4867,00
4867,00
6084,00
3319,00
2518,00
2086,00
1521,00
14607,00
14607,00
12175,00
12175,00
14610,00
10438,00
9134,00
6644,00
4873,00
12185,00
24374,00
18283,00
18286,00
12191,00
24383,00
14630,00
7315,00
9146,00
18296,00
1219,00
36605,00
14645,00
36618,00
14652,00
18317,00
24429,00
12215,00
24432,00
24434,00
18326,00
24435,00
36654,00
18332,00
9166,00
24448,00
12225,00
24451,00
12228,00
24460,00
18347,00
36704,00
18354,00
12236,00
4320,00
18363,00
73457,00
73462,00
36728,00
73458,00
36734,00
73469,00
36736,00
24492,00
24496,00
3674,00
2940,00
2451,00
2723,00
2451,00
1599,00
1149,00
897,00
681,00
5255,00
5660,00
4906,00
5257,00
4600,00
3681,00
2301,00
2045,00
1389,00
6138,00
6696,00
6139,00
6697,00
5667,00
4604,00
2729,00
2233,00
1675,00
73711,00
24574,00
24575,00
10532,00
18435,00
9218,00
6147,00
6706,00
5269,00
8198,00
36895,00
14758,00
24602,00
14763,00
10547,00
12305,00
6712,00
4102,00
12307,00
73850,00
73861,00
36932,00
24622,00
36934,00
18467,00
12313,00
8208,00
24631,00
24631,00
73895,00
36949,00
24633,00
14784,00
18481,00
10560,00
10561,00
73945,00
24649,00
36978,00
18489,00
24653,00
18489,00
24653,00
18490,00
12328,00
9248,00
24663,00
24663,00
73992,00
24665,00
74010,00
18503,00
24672,00
10575,00
540,00
949,00
510,00
813,00
655,00
465,00
162,00
164,00
84,00
3085,00
2848,00
1806,00
1851,00
1511,00
1105,00
813,00
602,00
460,00
3086,00
2469,00
1722,00
1899,00
1683,00
1255,00
796,00
692,00
490,00
8234,00
9263,00
4631,00
6738,00
5701,00
3901,00
2745,00
2003,00
1398,00
7413,00
14827,00
18535,00
12357,00
9268,00
10593,00
6741,00
6741,00
2247,00
8239,00
18538,00
9269,00
14832,00
14832,00
12361,00
8241,00
4636,00
3904,00
7418,00
12365,00
3905,00
8244,00
10600,00
8246,00
3534,00
6185,00
1484,00
12375,00
24750,00
8250,00
37128,00
37132,00
24755,00
9283,00
9285,00
6190,00
10611,00
24762,00
14857,00
37144,00
37144,00
24763,00
18572,00
18572,00
4127,00
2857,00
2476,00
1580,00
1857,00
1486,00
1076,00
790,00
599,00
442,00
6193,00
5717,00
4130,00
4956,00
3540,00
2563,00
1689,00
1239,00
941,00
5721,00
4375,00
4132,00
5313,00
3719,00
2975,00
1804,00
1363,00
1151,00
9547,00
22276,00
16707,00
11138,00
11139,00
7426,00
5570,00
4775,00
4178,00
16719,00
22294,00
22297,00
16725,00
13381,00
22305,00
16731,00
13389,00
7438,00
22317,00
66954,00
33478,00
13391,00
33479,00
16741,00
16743,00
11163,00
9568,00
22327,00
16745,00
33493,00
33494,00
3349,00
16750,00
13402,00
13403,00
7447,00
9576,00
22345,00
859,00
13408,00
33531,00
67068,00
16767,00
16769,00
22361,00
33544,00
33545,00
22366,00
1290,00
972,00
33563,00
22380,00
33582,00
16792,00
2488,00
2316,00
1493,00
1919,00
1723,00
1179,00
746,00
672,00
451,00
6722,00
6112,00
4202,00
4803,00
3956,00
2491,00
1818,00
1529,00
1085,00
4806,00
4486,00
1529,00
4487,00
3959,00
2804,00
1923,00
1603,00
1141,00
6122,00
13468,00
11224,00
8420,00
11228,00
6125,00
5183,00
5183,00
3546,00
22468,00
33713,00
33714,00
22478,00
33723,00
22482,00
7495,00
9638,00
8434,00
9639,00
33743,00
16872,00
13498,00
16874,00
13499,00
6136,00
13505,00
11255,00
16887,00
33776,00
11259,00
33779,00
33780,00
22521,00
8445,00
11268,00
3380,00
22541,00
67625,00
67636,00
22546,00
67655,00
16916,00
22558,00
11280,00
16923,00
33851,00
554,00
11284,00
1302,00
22571,00
879,00
9674,00
22577,00
8466,00
1935,00
2116,00
1693,00
1736,00
1472,00
940,00
529,00
370,00
316,00
3986,00
4236,00
3389,00
4237,00
2712,00
2119,00
1443,00
1279,00
929,00
6167,00
5219,00
4240,00
3770,00
3992,00
2423,00
1696,00
1385,00
969,00
33949,00
22634,00
11318,00
6791,00
5224,00
6174,00
4245,00
3396,00
3575,00
9706,00
33974,00
16989,00
22655,00
7551,00
13594,00
13595,00
11331,00
8498,00
22665,00
68004,00
11334,00
2194,00
7557,00
9717,00
7558,00
7558,00
7559,00
13607,00
22680,00
17012,00
34030,00
17019,00
22696,00
9729,00
9729,00
6192,00
11355,00
22711,00
6194,00
34073,00
34082,00
68185,00
17051,00
22736,00
8528,00
9748,00
22751,00
11376,00
17065,00
34137,00
34143,00
68303,00
34154,00
34155,00
6831,00
3596,00
3796,00
4271,00
2734,00
2136,00
1519,00
1036,00
844,00
7599,00
6844,00
8555,00
7605,00
4278,00
3423,00
3260,00
2536,00
1712,00
8561,00
7613,00
9789,00
6853,00
8567,00
5712,00
3808,00
3116,00
2285,00
17143,00
17145,00
13717,00
68587,00
8573,00
11431,00
13718,00
7621,00
5278,00
17155,00
22877,00
34319,00
13729,00
6865,00
11443,00
11444,00
9810,00
9811,00
34355,00
22908,00
68728,00
34366,00
22911,00
22912,00
13748,00
34372,00
13749,00
11459,00
68765,00
34383,00
68767,00
34384,00
34392,00
11465,00
11466,00
8601,00
22937,00
34412,00
22942,00
17207,00
13766,00
17212,00
17216,00
8609,00
17220,00
22964,00
34453,00
1466,00
34458,00
34459,00
34474,00
1044,00
22988,00
11496,00
4312,00
3136,00
3136,00
4059,00
3451,00
2030,00
1605,00
1302,00
1015,00
5312,00
6278,00
5313,00
7675,00
7675,00
4934,00
3004,00
2559,00
1772,00
9872,00
7679,00
5759,00
6912,00
7681,00
5318,00
4067,00
3640,00
2305,00
5764,00
34593,00
23064,00
5323,00
13842,00
11537,00
8653,00
13845,00
8655,00
17313,00
34628,00
69258,00
13852,00
17315,00
17316,00
34636,00
9898,00
17325,00
17333,00
23119,00
69358,00
23129,00
17348,00
5783,00
11567,00
23136,00
23138,00
69419,00
69425,00
17357,00
1157,00
1157,00
34721,00
23153,00
13893,00
8683,00
17369,00
34745,00
1198,00
69502,00
1616,00
69507,00
9930,00
17378,00
34758,00
23172,00
11588,00
23181,00
34776,00
23187,00
34781,00
69565,00
23191,00
13914,00
1420,00
1740,00
1141,00
1657,00
1420,00
1009,00
343,00
470,00
223,00
6333,00
4354,00
3871,00
4645,00
3667,00
2248,00
2112,00
1394,00
1106,00
3875,00
5366,00
4104,00
4984,00
4984,00
2584,00
1368,00
1317,00
943,00
34907,00
13963,00
17458,00
23279,00
11640,00
8730,00
2910,00
4366,00
3676,00
9982,00
13974,00
23294,00
23298,00
17476,00
23302,00
8738,00
11655,00
7770,00
69968,00
23323,00
17495,00
34991,00
17496,00
23336,00
11668,00
23343,00
8755,00
11674,00
17512,00
5837,00
70064,00
23356,00
17518,00
4122,00
14015,00
2595,00
70090,00
14019,00
70101,00
35053,00
1230,00
70131,00
70133,00
14026,00
17534,00
11690,00
17539,00
7017,00
23395,00
70187,00
35098,00
17551,00
23407,00
6384,00
5852,00
3901,00
3344,00
3902,00
3697,00
2422,00
1713,00
1301,00
949,00
6388,00
6389,00
7030,00
7813,00
8790,00
6395,00
4138,00
2814,00
2069,00
6397,00
7037,00
11730,00
7822,00
5866,00
5416,00
3707,00
3201,00
2515,00
14088,00
8806,00
17613,00
23484,00
17614,00
23486,00
10066,00
14093,00
8809,00
14096,00
35241,00
23495,00
70491,00
23499,00
70503,00
35254,00
14103,00
14104,00
23507,00
23513,00
1439,00
14107,00
11756,00
23514,00
10083,00
14119,00
14120,00
70620,00
23541,00
70634,00
70634,00
35321,00
70649,00
23552,00
23554,00
14136,00
10098,00
17673,00
1644,00
35355,00
70713,00
1724,00
35363,00
17683,00
23578,00
35373,00
17688,00
70753,00
1862,00
70770,00
70774,00
35388,00
35388,00
70787,00
2359,00
4164,00
1646,00
5057,00
4165,00
2623,00
1106,00
1336,00
616,00
10122,00
7875,00
10126,00
10127,00
6445,00
6445,00
4727,00
4171,00
2363,00
2533,00
5456,00
3547,00
7883,00
5913,00
5913,00
2446,00
2956,00
1043,00
6454,00
71003,00
35503,00
17755,00
35513,00
17761,00
14210,00
23689,00
8883,00
7107,00
17771,00
71087,00
17772,00
71096,00
23700,00
14222,00
7902,00
10161,00
7113,00
23711,00
23711,00
35569,00
14231,00
11860,00
14233,00
71169,00
14235,00
8898,00
35598,00
11866,00
35606,00
1396,00
23744,00
11874,00
23751,00
2851,00
35648,00
71301,00
1828,00
35656,00
71317,00
35669,00
1132,00
1019,00
71360,00
469,00
1081,00
7138,00
23796,00
17849,00
23799,00
7140,00
14280,00
489,00
