





































































































































































































































































































































































































































































































































































































































































































































































































































































































































































































































































































































5263,00
5882,00
980,00
1351,00
50000,00
50000,00
100000,00
16666,00
12500,00
20000,00
20000,00
5555,00
3571,00
100000,00
33333,00
100000,00
100000,00
33333,00
25000,00
14285,00
12500,00
5882,00
20000,00
14285,00
50000,00
100000,00
9090,00
25000,00
20000,00
6666,00
6250,00
16666,00
50000,00
50000,00
50000,00
16666,00
50000,00
20000,00
16666,00
5263,00
20000,00
14285,00
25000,00
20000,00
16666,00
8333,00
4000,00
2702,00
1369,00
25000,00
12500,00
50000,00
14285,00
9090,00
7692,00
7692,00
3030,00
2500,00
12500,00
10000,00
50000,00
14285,00
12500,00
11111,00
4761,00
4761,00
2631,00
25000,00
50000,00
20000,00
16666,00
10000,00
14285,00
11111,00
5000,00
2777,00
33333,00
100000,00
100000,00
25000,00
6666,00
20000,00
16666,00
7142,00
4761,00
50000,00
100000,00
100000,00
14285,00
33333,00
20000,00
11111,00
16666,00
5263,00
100000,00
25000,00
33333,00
50000,00
20000,00
20000,00
6666,00
6666,00
5000,00
25000,00
16666,00
25000,00
25000,00
11111,00
14285,00
33333,00
6250,00
6666,00
4166,00
33333,00
33333,00
1098,00
10000,00
7142,00
6666,00
9090,00
3571,00
4545,00
3448,00
1724,00
1818,00
869,00
574,00
206,00
77,00
31,00
8333,00
5000,00
2941,00
1694,00
884,00
537,00
337,00
86,00
45,00
10000,00
5555,00
3571,00
1851,00
1075,00
636,00
369,00
190,00
76,00
20000,00
9090,00
5555,00
4166,00
1923,00
1162,00
1041,00
434,00
221,00
20000,00
16666,00
7142,00
3846,00
1960,00
1282,00
1204,00
537,00
312,00
25000,00
12500,00
11111,00
4545,00
2083,00
1388,00
1315,00
641,00
386,00
16666,00
16666,00
8333,00
6250,00
3333,00
1886,00
1639,00
980,00
458,00
16666,00
25000,00
12500,00
10000,00
3703,00
2083,00
2127,00
1041,00
671,00
16666,00
20000,00
9090,00
11111,00
3846,00
2272,00
2380,00
1162,00
641,00
14285,00
12500,00
3225,00
3448,00
1818,00
970,00
892,00
350,00
171,00
20000,00
12500,00
7692,00
3703,00
1851,00
1098,00
1075,00
349,00
237,00
16666,00
10000,00
6666,00
3703,00
1923,00
1219,00
1190,00
625,00
338,00
16666,00
16666,00
11111,00
11111,00
4166,00
2127,00
2325,00
1000,00
505,00
20000,00
14285,00
16666,00
9090,00
2564,00
2127,00
1960,00
671,00
537,00
33333,00
20000,00
20000,00
16666,00
4347,00
2631,00
2631,00
1333,00
729,00
50000,00
33333,00
20000,00
14285,00
7692,00
3571,00
3846,00
2040,00
1000,00
33333,00
16666,00
16666,00
16666,00
8333,00
3571,00
3448,00
1562,00
1123,00
50000,00
50000,00
12500,00
16666,00
9090,00
3703,00
3846,00
2127,00
1369,00
14285,00
14285,00
6666,00
5263,00
2439,00
1428,00
1351,00
800,00
354,00
33333,00
20000,00
12500,00
6666,00
2631,00
1612,00
1785,00
847,00
490,00
12500,00
16666,00
12500,00
5000,00
2777,00
1724,00
1818,00
961,00
520,00
20000,00
100000,00
20000,00
11111,00
6666,00
2941,00
2777,00
1785,00
1052,00
50000,00
50000,00
25000,00
12500,00
5882,00
3448,00
3125,00
1724,00
1030,00
100000,00
33333,00
20000,00
20000,00
8333,00
3448,00
3571,00
1923,00
1176,00
11111,00
33333,00
14285,00
20000,00
14285,00
7142,00
4000,00
2777,00
1234,00
25000,00
33333,00
20000,00
20000,00
9090,00
11111,00
4761,00
2380,00
1639,00
16666,00
50000,00
50000,00
14285,00
12500,00
7692,00
4166,00
2325,00
1136,00
2127,00
5882,00
2083,00
5263,00
5882,00
2702,00
359,00
375,00
101,00
14285,00
12500,00
7692,00
11111,00
4761,00
2631,00
1075,00
653,00
254,00
11111,00
14285,00
5555,00
8333,00
8333,00
3125,00
719,00
806,00
210,00
14285,00
16666,00
16666,00
20000,00
7692,00
5882,00
2439,00
1666,00
662,00
33333,00
50000,00
25000,00
20000,00
7692,00
6250,00
5882,00
2272,00
1470,00
50000,00
50000,00
16666,00
14285,00
10000,00
7142,00
6666,00
3333,00
1754,00
6666,00
14285,00
4000,00
10000,00
11111,00
8333,00
2173,00
2564,00
751,00
11111,00
33333,00
16666,00
16666,00
20000,00
9090,00
7142,00
4761,00
1754,00
5882,00
50000,00
8333,00
12500,00
20000,00
11111,00
4761,00
5555,00
1176,00
33333,00
25000,00
20000,00
11111,00
9090,00
5000,00
2040,00
1818,00
613,00
50000,00
25000,00
25000,00
12500,00
6666,00
5882,00
4545,00
2564,00
1190,00
33333,00
50000,00
14285,00
9090,00
12500,00
6666,00
3571,00
2500,00
1612,00
25000,00
50000,00
100000,00
33333,00
10000,00
7142,00
6250,00
4347,00
1515,00
50000,00
100000,00
100000,00
16666,00
16666,00
16666,00
11111,00
5555,00
3333,00
16666,00
33333,00
25000,00
33333,00
25000,00
20000,00
12500,00
5882,00
5000,00
50000,00
14285,00
25000,00
14285,00
12500,00
8333,00
5882,00
6250,00
2272,00
25000,00
20000,00
33333,00
100000,00
33333,00
33333,00
25000,00
7692,00
5555,00
20000,00
16666,00
16666,00
20000,00
25000,00
16666,00
11111,00
11111,00
5555,00
12500,00
11111,00
7692,00
14285,00
12500,00
7692,00
1886,00
2222,00
591,00
33333,00
25000,00
14285,00
25000,00
14285,00
9090,00
5263,00
4761,00
1785,00
12500,00
33333,00
1923,00
16666,00
16666,00
8333,00
3448,00
4000,00
1351,00
14285,00
33333,00
20000,00
100000,00
25000,00
14285,00
6666,00
5263,00
2325,00
25000,00
100000,00
33333,00
50000,00
25000,00
33333,00
14285,00
8333,00
5263,00
14285,00
50000,00
33333,00
25000,00
33333,00
25000,00
7692,00
9090,00
6666,00
14285,00
50000,00
8333,00
50000,00
16666,00
10000,00
4347,00
5000,00
1587,00
100000,00
50000,00
50000,00
100000,00
20000,00
50000,00
33333,00
10000,00
6666,00
10000,00
33333,00
25000,00
11111,00
20000,00
50000,00
5263,00
9090,00
2127,00
9090,00
11111,00
4545,00
4761,00
3571,00
1408,00
625,00
277,00
118,00
14285,00
7142,00
5555,00
7142,00
4166,00
1923,00
1123,00
427,00
198,00
12500,00
25000,00
9090,00
9090,00
4347,00
2325,00
1219,00
806,00
280,00
33333,00
20000,00
25000,00
6666,00
5000,00
3448,00
2500,00
1204,00
621,00
50000,00
50000,00
25000,00
20000,00
8333,00
4545,00
4347,00
2325,00
1136,00
25000,00
100000,00
20000,00
3571,00
5882,00
4761,00
4347,00
2272,00
1075,00
20000,00
20000,00
14285,00
14285,00
11111,00
8333,00
2702,00
1785,00
1123,00
20000,00
14285,00
11111,00
25000,00
12500,00
8333,00
4545,00
3846,00
2000,00
50000,00
25000,00
33333,00
16666,00
20000,00
11111,00
8333,00
4347,00
2631,00
50000,00
33333,00
9090,00
12500,00
5555,00
3703,00
2941,00
1190,00
641,00
50000,00
33333,00
20000,00
16666,00
7142,00
4000,00
3703,00
1785,00
970,00
25000,00
20000,00
33333,00
10000,00
10000,00
5555,00
4000,00
1851,00
1351,00
50000,00
33333,00
33333,00
33333,00
10000,00
9090,00
5263,00
2564,00
1666,00
50000,00
100000,00
100000,00
16666,00
7142,00
8333,00
8333,00
3571,00
3125,00
100000,00
50000,00
100000,00
50000,00
14285,00
10000,00
14285,00
5555,00
2857,00
100000,00
33333,00
50000,00
25000,00
20000,00
9090,00
8333,00
4347,00
2702,00
50000,00
33333,00
50000,00
50000,00
25000,00
12500,00
12500,00
7692,00
5555,00
100000,00
100000,00
33333,00
100000,00
33333,00
25000,00
14285,00
9090,00
5000,00
20000,00
12500,00
20000,00
12500,00
8333,00
5263,00
2941,00
2040,00
961,00
33333,00
16666,00
25000,00
20000,00
10000,00
6250,00
4347,00
2272,00
1694,00
25000,00
33333,00
20000,00
12500,00
9090,00
6250,00
5555,00
3448,00
2127,00
20000,00
25000,00
33333,00
20000,00
14285,00
10000,00
7142,00
4000,00
2272,00
100000,00
50000,00
50000,00
100000,00
20000,00
20000,00
20000,00
6666,00
4000,00
100000,00
100000,00
50000,00
16666,00
16666,00
5882,00
14285,00
5882,00
2777,00
100000,00
50000,00
11111,00
20000,00
12500,00
11111,00
7692,00
3703,00
2127,00
50000,00
25000,00
25000,00
50000,00
50000,00
20000,00
20000,00
7692,00
6250,00
25000,00
100000,00
50000,00
16666,00
50000,00
25000,00
14285,00
11111,00
3846,00
1136,00
1923,00
591,00
1176,00
581,00
384,00
91,00
51,00
11,00
3703,00
3030,00
1666,00
1250,00
588,00
396,00
210,00
73,00
29,00
2500,00
4000,00
1428,00
1369,00
719,00
467,00
158,00
119,00
28,00
6666,00
5882,00
3846,00
2439,00
1282,00
813,00
505,00
298,00
108,00
16666,00
10000,00
5000,00
2564,00
1351,00
840,00
862,00
395,00
193,00
14285,00
14285,00
5555,00
2631,00
1515,00
943,00
925,00
467,00
213,00
5555,00
8333,00
2631,00
4347,00
2127,00
1408,00
625,00
568,00
163,00
20000,00
10000,00
6666,00
5000,00
2173,00
1388,00
1587,00
793,00
392,00
9090,00
12500,00
5000,00
5882,00
2777,00
1785,00
1075,00
943,00
257,00
5263,00
7692,00
3225,00
2325,00
1098,00
709,00
505,00
225,00
91,00
8333,00
8333,00
4761,00
2380,00
1123,00
729,00
813,00
297,00
142,00
8333,00
7142,00
5555,00
2325,00
1408,00
877,00
694,00
367,00
182,00
9090,00
9090,00
5555,00
5882,00
2631,00
1428,00
1265,00
662,00
256,00
12500,00
25000,00
16666,00
6250,00
2325,00
1694,00
1724,00
699,00
347,00
20000,00
14285,00
20000,00
7692,00
3030,00
1923,00
1886,00
892,00
444,00
25000,00
33333,00
14285,00
9090,00
4545,00
2564,00
1612,00
1250,00
497,00
25000,00
25000,00
20000,00
11111,00
5263,00
3225,00
3125,00
1492,00
819,00
25000,00
25000,00
12500,00
11111,00
8333,00
3225,00
2564,00
1754,00
699,00
4545,00
7692,00
2564,00
3448,00
1612,00
1052,00
549,00
476,00
140,00
16666,00
11111,00
5882,00
3846,00
1785,00
1123,00
1190,00
584,00
335,00
6666,00
20000,00
5555,00
4545,00
2127,00
1351,00
961,00
684,00
213,00
8333,00
16666,00
16666,00
8333,00
4347,00
2325,00
1612,00
1234,00
546,00
11111,00
20000,00
16666,00
10000,00
3846,00
2702,00
2439,00
1190,00
735,00
33333,00
20000,00
20000,00
10000,00
4545,00
2631,00
2439,00
1449,00
746,00
5000,00
100000,00
4545,00
10000,00
7142,00
3846,00
1234,00
1351,00
323,00
14285,00
33333,00
25000,00
12500,00
7692,00
4545,00
3225,00
1923,00
869,00
4545,00
20000,00
7692,00
11111,00
9090,00
4545,00
1538,00
1923,00
201,00
