














































































































































































































































































































































































































































































































































































































































































































































































8333,00
2127,00
14285,00
8333,00
2500,00
3448,00
4166,00
1333,00
8333,00
7142,00
1562,00
9090,00
8333,00
1785,00
7692,00
5882,00
1351,00
12500,00
5555,00
1369,00
10000,00
7142,00
2500,00
6666,00
5000,00
1351,00
10000,00
7142,00
1470,00
12500,00
6250,00
1785,00
3703,00
4761,00
709,00
5555,00
4545,00
1086,00
7692,00
4761,00
1190,00
4761,00
3225,00
775,00
5263,00
3703,00
884,00
5882,00
4347,00
1136,00
3448,00
2857,00
689,00
4166,00
3703,00
729,00
5555,00
3225,00
892,00
7142,00
7692,00
1851,00
10000,00
8333,00
2173,00
8333,00
7692,00
2040,00
5555,00
1408,00
1408,00
9090,00
5555,00
1492,00
6666,00
5882,00
2222,00
11111,00
5882,00
1538,00
9090,00
5555,00
2040,00
12500,00
6666,00
2173,00
7692,00
5882,00
1818,00
20000,00
6666,00
2500,00
14285,00
7692,00
2083,00
25000,00
5555,00
2173,00
16666,00
5882,00
1724,00
33333,00
8333,00
4347,00
10000,00
5555,00
2127,00
16666,00
8333,00
2000,00
20000,00
8333,00
3125,00
9090,00
4166,00
1030,00
11111,00
5555,00
1449,00
11111,00
5882,00
1515,00
5882,00
2500,00
1136,00
10000,00
5000,00
1041,00
9090,00
6250,00
1818,00
7142,00
5263,00
1000,00
5882,00
4761,00
1176,00
8333,00
6666,00
1176,00
9090,00
5000,00
1694,00
12500,00
11111,00
2325,00
5882,00
4347,00
1754,00
11111,00
8333,00
1851,00
9090,00
7142,00
1612,00
5555,00
5882,00
1923,00
12500,00
6666,00
1754,00
11111,00
16666,00
2857,00
9090,00
9090,00
2564,00
12500,00
6666,00
1428,00
8333,00
10000,00
2000,00
7142,00
3703,00
1408,00
7692,00
7692,00
1785,00
12500,00
9090,00
2040,00
10000,00
6250,00
2000,00
7142,00
5000,00
1562,00
8333,00
9090,00
2000,00
12500,00
7142,00
2083,00
7692,00
5000,00
1086,00
7692,00
5555,00
1136,00
7692,00
4545,00
1369,00
6250,00
4000,00
961,00
5555,00
5555,00
1020,00
9090,00
5555,00
1333,00
5555,00
4166,00
833,00
5000,00
3846,00
877,00
6666,00
5000,00
1000,00
12500,00
4761,00
1075,00
9090,00
6250,00
1851,00
25000,00
5882,00
1562,00
7692,00
4761,00
1282,00
8333,00
4347,00
1190,00
11111,00
9090,00
1923,00
14285,00
4347,00
1149,00
14285,00
5263,00
1587,00
16666,00
6666,00
2222,00
8333,00
3846,00
909,00
9090,00
3703,00
1149,00
14285,00
5882,00
1351,00
8333,00
2631,00
862,00
11111,00
2127,00
543,00
16666,00
8333,00
1666,00
8333,00
4347,00
781,00
8333,00
3846,00
1030,00
10000,00
6666,00
1492,00
5000,00
2941,00
561,00
5555,00
3571,00
793,00
5555,00
4545,00
1000,00
4545,00
1960,00
444,00
5000,00
2127,00
473,00
5882,00
4166,00
900,00
3030,00
2040,00
467,00
4000,00
2272,00
543,00
4166,00
2631,00
628,00
12500,00
8333,00
1960,00
16666,00
6666,00
2500,00
14285,00
9090,00
2083,00
20000,00
7692,00
2040,00
9090,00
4347,00
1408,00
14285,00
7692,00
2439,00
12500,00
7142,00
2083,00
14285,00
12500,00
2040,00
9090,00
8333,00
2631,00
8333,00
5000,00
1162,00
12500,00
4347,00
1123,00
10000,00
7142,00
1351,00
7692,00
2857,00
847,00
6250,00
204,00
221,00
10000,00
4347,00
1351,00
12500,00
5000,00
1063,00
14285,00
4545,00
1098,00
14285,00
7142,00
1492,00
7692,00
4347,00
806,00
9090,00
4000,00
1000,00
7142,00
5000,00
1351,00
6250,00
2857,00
653,00
6250,00
1449,00
371,00
8333,00
4000,00
1315,00
5000,00
3225,00
684,00
5555,00
3571,00
909,00
6250,00
4761,00
892,00
12500,00
9090,00
1851,00
11111,00
10000,00
2439,00
7142,00
7692,00
1960,00
11111,00
6666,00
1851,00
9090,00
6250,00
1492,00
6250,00
5000,00
1818,00
8333,00
5555,00
1785,00
11111,00
11111,00
2083,00
8333,00
5555,00
2173,00
20000,00
5882,00
1666,00
12500,00
6666,00
1369,00
7692,00
5263,00
1492,00
11111,00
4545,00
1265,00
11111,00
4000,00
909,00
10000,00
4347,00
1538,00
10000,00
6666,00
1075,00
8333,00
4347,00
1086,00
12500,00
4761,00
1369,00
6666,00
3571,00
854,00
5882,00
4000,00
787,00
6666,00
4761,00
1041,00
6666,00
3703,00
714,00
6666,00
2702,00
636,00
6666,00
4166,00
1020,00
3571,00
2631,00
653,00
3571,00
2702,00
680,00
3846,00
3030,00
675,00
6250,00
3846,00
763,00
9090,00
6666,00
1234,00
7692,00
4166,00
1219,00
6250,00
3846,00
952,00
7142,00
4761,00
1030,00
6666,00
5000,00
1282,00
5263,00
3030,00
847,00
5000,00
4761,00
925,00
5882,00
4166,00
1063,00
5263,00
3703,00
523,00
6250,00
4545,00
757,00
6250,00
4761,00
970,00
5882,00
3030,00
574,00
5263,00
4000,00
653,00
6666,00
4761,00
990,00
3846,00
1754,00
520,00
3571,00
2439,00
613,00
5000,00
2857,00
729,00
2272,00
1388,00
244,00
2083,00
1666,00
371,00
2380,00
1886,00
490,00
2000,00
1369,00
245,00
2325,00
1639,00
306,00
2272,00
1851,00
436,00
1388,00
1020,00
194,00
1492,00
1204,00
263,00
1639,00
1282,00
312,00
9090,00
5263,00
1282,00
11111,00
5555,00
1449,00
12500,00
9090,00
1639,00
6666,00
3448,00
1123,00
9090,00
4000,00
1041,00
9090,00
4166,00
1587,00
7692,00
4761,00
1136,00
6666,00
6250,00
1282,00
10000,00
5882,00
1562,00
5000,00
2941,00
892,00
8333,00
4347,00
869,00
11111,00
4761,00
1351,00
7692,00
2702,00
763,00
5882,00
1538,00
478,00
9090,00
4000,00
1369,00
5555,00
2777,00
704,00
5263,00
3333,00
714,00
7692,00
5000,00
1098,00
4347,00
1886,00
390,00
4000,00
2272,00
452,00
4761,00
3333,00
684,00
3333,00
1470,00
271,00
3846,00
1219,00
233,00
3846,00
1724,00
520,00
2173,00
1562,00
272,00
2173,00
1562,00
353,00
2941,00
1923,00
444,00
7142,00
4347,00
1136,00
6666,00
5882,00
1282,00
9090,00
6666,00
1428,00
7692,00
5000,00
1086,00
9090,00
5882,00
961,00
7692,00
6250,00
1282,00
7692,00
4000,00
1086,00
6250,00
5555,00
1190,00
8333,00
5000,00
1234,00
5263,00
2857,00
763,00
5263,00
3703,00
666,00
7692,00
3448,00
1030,00
5000,00
3571,00
869,00
7142,00
4347,00
684,00
7692,00
4347,00
1123,00
4761,00
3225,00
714,00
5555,00
4166,00
729,00
5555,00
3846,00
729,00
3125,00
2040,00
327,00
3125,00
2222,00
409,00
3333,00
2439,00
510,00
2941,00
1694,00
326,00
3030,00
1886,00
342,00
3333,00
2439,00
534,00
1851,00
1333,00
251,00
1886,00
1587,00
303,00
2173,00
1515,00
251,00
1388,00
3703,00
787,00
5555,00
6666,00
2272,00
1851,00
5263,00
1428,00
5882,00
5555,00
1886,00
5555,00
11111,00
2380,00
4761,00
6666,00
2777,00
4545,00
5263,00
1408,00
12500,00
14285,00
4000,00
5555,00
12500,00
1851,00
3333,00
5263,00
1818,00
9090,00
8333,00
2631,00
7692,00
8333,00
2500,00
7142,00
6250,00
3125,00
14285,00
7692,00
2941,00
12500,00














































































































































































































































































































































































































































































































































































































































































































