




























































































































































































































































































































































































































































































































































































































































































































































































































































































































































































































































































































































































































































































































































































































































































































































12500,00
3225,00
5882,00
8333,00
2272,00
8333,00
8333,00
8333,00
8333,00
10000,00
2777,00
2173,00
4545,00
694,00
5555,00
6250,00
1785,00
5263,00
7692,00
1149,00
3846,00
3846,00
3846,00
3846,00
5555,00
1449,00
6250,00
8333,00
1851,00
4000,00
4000,00
892,00
6666,00
6250,00
1265,00
7692,00
4347,00
1265,00
14285,00
12500,00
2564,00
8333,00
12500,00
12500,00
2631,00
12500,00
2631,00
8333,00
8333,00
3125,00
14285,00
10000,00
2857,00
1923,00
1923,00
1923,00
1923,00
1923,00
2631,00
11111,00
12500,00
2777,00
8333,00
7692,00
3125,00
7142,00
11111,00
2777,00
9090,00
14285,00
3225,00
12500,00
12500,00
3333,00
14285,00
12500,00
3846,00
16666,00
10000,00
3125,00
25000,00
16666,00
6666,00
20000,00
16666,00
3225,00
16666,00
20000,00
3571,00
16666,00
14285,00
4166,00
7142,00
7692,00
2000,00
5882,00
8333,00
1785,00
7692,00
9090,00
2380,00
14285,00
9090,00
2222,00
10000,00
9090,00
1960,00
11111,00
11111,00
3571,00
11111,00
7142,00
1818,00
9090,00
9090,00
1666,00
14285,00
8333,00
2040,00
4761,00
6666,00
1639,00
8333,00
16666,00
3030,00
1111,00
3846,00
1176,00
14285,00
11111,00
2857,00
14285,00
11111,00
2941,00
1886,00
4166,00
2083,00
7142,00
6666,00
757,00
14285,00
14285,00
3846,00
4545,00
7142,00
1515,00
11111,00
10000,00
2173,00
10000,00
10000,00
2777,00
7142,00
7142,00
2500,00
12500,00
12500,00
4166,00
12500,00
9090,00
2631,00
11111,00
11111,00
4000,00
9090,00
10000,00
3333,00
14285,00
20000,00
3703,00
6250,00
11111,00
3703,00
5882,00
7692,00
1298,00
5882,00
9090,00
1923,00
3703,00
6250,00
1492,00
14285,00
6666,00
1754,00
7142,00
10000,00
1694,00
14285,00
12500,00
2325,00
9090,00
5000,00
1333,00
8333,00
6666,00
1492,00
8333,00
7142,00
1388,00
11111,00
14285,00
2325,00
16666,00
11111,00
3125,00
20000,00
7692,00
3225,00
9090,00
11111,00
2127,00
8333,00
12500,00
2631,00
5882,00
11111,00
3125,00
20000,00
11111,00
2439,00
7692,00
11111,00
2631,00
14285,00
16666,00
4000,00
5263,00
7692,00
1785,00
5882,00
12500,00
2127,00
9090,00
9090,00
2857,00
12500,00
12500,00
2380,00
14285,00
9090,00
2325,00
25000,00
20000,00
3225,00
14285,00
8333,00
2127,00
2127,00
12500,00
2325,00
14285,00
12500,00
3225,00
5882,00
5882,00
1388,00
6666,00
5000,00
1351,00
9090,00
5263,00
1724,00
6250,00
4000,00
952,00
7142,00
4761,00
1176,00
7692,00
4761,00
1639,00
5000,00
4347,00
980,00
5555,00
4347,00
1020,00
7142,00
3448,00
1123,00
7692,00
20000,00
4545,00
50000,00
11111,00
4166,00
10000,00
10000,00
2941,00
16666,00
20000,00
6250,00
10000,00
8333,00
1666,00
14285,00
20000,00
6250,00
14285,00
11111,00
3846,00
25000,00
10000,00
5000,00
10000,00
16666,00
4166,00
12500,00
12500,00
3125,00
14285,00
12500,00
2272,00
20000,00
12500,00
4166,00
25000,00
12500,00
3703,00
9090,00
4545,00
1818,00
16666,00
14285,00
5555,00
25000,00
16666,00
3225,00
16666,00
12500,00
2941,00
25000,00
14285,00
4347,00
10000,00
10000,00
2000,00
11111,00
9090,00
2380,00
10000,00
7692,00
2631,00
12500,00
8333,00
2083,00
6250,00
5263,00
1587,00
9090,00
6250,00
2857,00
8333,00
4545,00
1639,00
9090,00
7142,00
1666,00
7692,00
3571,00
1886,00
16666,00
11111,00
3125,00
12500,00
10000,00
4347,00
8333,00
7692,00
2500,00
9090,00
7142,00
3448,00
6666,00
12500,00
3125,00
7142,00
8333,00
2857,00
20000,00
11111,00
3333,00
10000,00
20000,00
3448,00
11111,00
8333,00
3703,00
11111,00
10000,00
2380,00
10000,00
16666,00
2127,00
16666,00
8333,00
2439,00
14285,00
11111,00
3125,00
12500,00
11111,00
1754,00
12500,00
9090,00
3225,00
12500,00
12500,00
2127,00
11111,00
11111,00
1315,00
16666,00
12500,00
3125,00
11111,00
7692,00
1470,00
10000,00
7692,00
1851,00
10000,00
9090,00
2083,00
10000,00
7142,00
1694,00
7692,00
8333,00
1587,00
10000,00
5263,00
2083,00
5000,00
3571,00
1219,00
5000,00
5882,00
1351,00
5555,00
3571,00
1492,00
3846,00
7692,00
1250,00
16666,00
10000,00
2000,00
25000,00
14285,00
1612,00
11111,00
8333,00
1818,00
9090,00
7692,00
1886,00
10000,00
12500,00
2325,00
6666,00
5263,00
1298,00
8333,00
7692,00
1639,00
4761,00
9090,00
1587,00
9090,00
6250,00
1449,00
10000,00
7692,00
1492,00
12500,00
10000,00
1785,00
8333,00
6666,00
1449,00
10000,00
7142,00
1428,00
11111,00
8333,00
1754,00
5555,00
4761,00
1020,00
5882,00
5263,00
1176,00
7692,00
6250,00
1190,00
2941,00
2777,00
396,00
3448,00
2777,00
671,00
3125,00
3703,00
709,00
2941,00
2500,00
549,00
4545,00
2631,00
694,00
4000,00
3703,00
694,00
2083,00
1785,00
346,00
2500,00
2000,00
512,00
2500,00
2173,00
487,00
8333,00
10000,00
2040,00
9090,00
5882,00
1724,00
7142,00
9090,00
2325,00
12500,00
14285,00
2173,00
14285,00
14285,00
2083,00
16666,00
14285,00
3846,00
12500,00
9090,00
1886,00
11111,00
10000,00
2380,00
12500,00
11111,00
2500,00
5882,00
6666,00
1724,00
6250,00
9090,00
1886,00
11111,00
11111,00
2325,00
10000,00
9090,00
1818,00
9090,00
6666,00
1694,00
14285,00
10000,00
2941,00
9090,00
7142,00
1612,00
8333,00
7692,00
1851,00
11111,00
8333,00
2040,00
5882,00
4545,00
840,00
5882,00
5263,00
1041,00
6666,00
4761,00
1136,00
3846,00
4347,00
862,00
5000,00
4761,00
793,00
5555,00
4761,00
1149,00
4347,00
3030,00
645,00
4545,00
3333,00
793,00
4761,00
3571,00
757,00
5000,00
8333,00
1265,00
14285,00
12500,00
2702,00
5882,00
10000,00
1639,00
12500,00
11111,00
2040,00
12500,00
7692,00
2500,00
8333,00
10000,00
2272,00
9090,00
8333,00
1515,00
12500,00
8333,00
2222,00
7142,00
10000,00
1449,00
4545,00
7142,00
1639,00
8333,00
7142,00
1923,00
6666,00
7142,00
1960,00
9090,00
6666,00
1785,00
12500,00
8333,00
1851,00
12500,00
10000,00
2173,00
8333,00
6250,00
1351,00
9090,00
6666,00
1562,00
7142,00
6666,00
1470,00
5000,00
3846,00
478,00
5000,00
3571,00
806,00
5000,00
4761,00
617,00
4761,00
3448,00
641,00
4166,00
3571,00
751,00
5263,00
3846,00
877,00
2857,00
2380,00
342,00
3333,00
2564,00
584,00
2777,00
2564,00
144,00
