





































































































































































































































































































































































































































































































































































































































































































































































































































































































































































































































































































































1886,00
11111,00
6666,00
8333,00
990,00
500,00
662,00
5000,00
1265,00
2439,00
8333,00
5882,00
5882,00
3125,00
4545,00
2272,00
12500,00
6666,00
5882,00
12500,00
16666,00
11111,00
2380,00
2631,00
1612,00
5555,00
2941,00
5000,00
11111,00
16666,00
12500,00
1136,00
961,00
892,00
6250,00
2564,00
5263,00
16666,00
11111,00
8333,00
5555,00
5882,00
4761,00
12500,00
9090,00
12500,00
8333,00
11111,00
16666,00
3703,00
2083,00
2222,00
8333,00
4761,00
5000,00
6250,00
12500,00
12500,00
1315,00
1562,00
1388,00
5555,00
4761,00
4347,00
6666,00
9090,00
11111,00
7142,00
6666,00
4347,00
11111,00
8333,00
6666,00
16666,00
9090,00
20000,00
3333,00
3846,00
2564,00
14285,00
5882,00
7692,00
11111,00
10000,00
14285,00
1562,00
1515,00
1785,00
5263,00
3703,00
5263,00
10000,00
10000,00
9090,00
4000,00
4761,00
2857,00
11111,00
10000,00
6666,00
9090,00
11111,00
16666,00
2777,00
2500,00
1754,00
10000,00
5882,00
5882,00
11111,00
12500,00
11111,00
1315,00
1388,00
1123,00
4761,00
3846,00
3225,00
7142,00
10000,00
5555,00
5555,00
5263,00
4347,00
10000,00
11111,00
6250,00
7692,00
7692,00
16666,00
4000,00
3333,00
1754,00
7692,00
11111,00
10000,00
5555,00
16666,00
16666,00
1351,00
1538,00
1020,00
4761,00
6666,00
6666,00
9090,00
16666,00
12500,00
5000,00
5882,00
3333,00
14285,00
20000,00
6666,00
11111,00
16666,00
11111,00
3448,00
2777,00
2222,00
12500,00
7142,00
11111,00
12500,00
10000,00
12500,00
1428,00
1250,00
1219,00
5263,00
4166,00
5263,00
16666,00
9090,00
6250,00
2631,00
3333,00
1923,00
7692,00
16666,00
9090,00
10000,00
9090,00
11111,00
2222,00
2439,00
1694,00
7142,00
6666,00
11111,00
8333,00
14285,00
16666,00
980,00
1219,00
854,00
6250,00
5555,00
4166,00
5882,00
9090,00
6250,00
6666,00
8333,00
5000,00
10000,00
7142,00
7692,00
25000,00
5000,00
50000,00
4545,00
2702,00
2325,00
14285,00
6250,00
10000,00
5882,00
4545,00
14285,00
1369,00
1492,00
1587,00
4761,00
5882,00
5263,00
10000,00
14285,00
14285,00
8333,00
7692,00
5000,00
16666,00
9090,00
12500,00
20000,00
14285,00
16666,00
4347,00
3448,00
4166,00
16666,00
6250,00
7142,00
9090,00
7692,00
16666,00
2000,00
1666,00
1587,00
11111,00
4761,00
6250,00
11111,00
16666,00
12500,00
4347,00
6666,00
2941,00
16666,00
16666,00
11111,00
12500,00
50000,00
20000,00
2941,00
2500,00
3125,00
16666,00
7142,00
9090,00
12500,00
4000,00
14285,00
1694,00
1666,00
1694,00
7142,00
5555,00
5555,00
12500,00
10000,00
11111,00
6666,00
6250,00
6666,00
20000,00
11111,00
16666,00
16666,00
5555,00
25000,00
3846,00
3571,00
3571,00
11111,00
7692,00
7142,00
9090,00
14285,00
7692,00
1666,00
1851,00
1587,00
6666,00
6666,00
5555,00
8333,00
6666,00
14285,00
9090,00
8333,00
5263,00
20000,00
16666,00
20000,00
100000,00
33333,00
33333,00
4545,00
5555,00
3125,00
20000,00
14285,00
20000,00
11111,00
25000,00
10000,00
2500,00
2222,00
2127,00
10000,00
12500,00
7692,00
14285,00
16666,00
25000,00
5263,00
7142,00
4545,00
25000,00
25000,00
14285,00
16666,00
25000,00
33333,00
5000,00
4347,00
2631,00
14285,00
5555,00
8333,00
20000,00
25000,00
25000,00
1612,00
1818,00
1204,00
6250,00
5000,00
6250,00
8333,00
6250,00
5555,00
155,00
281,00
139,00
1075,00
1282,00
847,00
1315,00
1886,00
854,00
140,00
139,00
82,00
735,00
606,00
390,00
1369,00
1639,00
854,00
29,00
39,00
19,00
280,00
279,00
188,00
420,00
666,00
299,00
204,00
261,00
142,00
1265,00
1666,00
787,00
1960,00
2272,00
1333,00
125,00
114,00
80,00
806,00
518,00
414,00
1470,00
1694,00
884,00
34,00
30,00
19,00
288,00
239,00
170,00
636,00
680,00
408,00
121,00
170,00
84,00
862,00
1136,00
534,00
1075,00
1754,00
833,00
81,00
100,00
54,00
578,00
609,00
342,00
1041,00
1234,00
671,00
22,00
27,00
11,00
245,00
196,00
127,00
355,00
460,00
189,00
438,00
531,00
296,00
2083,00
2272,00
1369,00
2439,00
3448,00
2000,00
251,00
202,00
130,00
1204,00
892,00
684,00
1923,00
2564,00
1388,00
64,00
58,00
39,00
404,00
431,00
280,00
813,00
1020,00
617,00
346,00
448,00
225,00
2272,00
2000,00
1492,00
3125,00
3333,00
2173,00
216,00
146,00
119,00
1234,00
416,00
510,00
2564,00
2702,00
1492,00
53,00
37,00
29,00
413,00
247,00
229,00
1063,00
970,00
641,00
222,00
297,00
159,00
1351,00
1851,00
862,00
2173,00
3125,00
1612,00
140,00
178,00
98,00
884,00
751,00
625,00
1639,00
1923,00
1086,00
50,00
42,00
27,00
387,00
271,00
207,00
763,00
757,00
446,00
401,00
552,00
294,00
1818,00
2857,00
1851,00
1470,00
2272,00
1515,00
284,00
255,00
166,00
1098,00
884,00
775,00
1612,00
2439,00
1960,00
53,00
72,00
35,00
431,00
483,00
314,00
540,00
1086,00
432,00
386,00
492,00
276,00
2000,00
2702,00
1428,00
3333,00
4000,00
2439,00
260,00
278,00
181,00
1754,00
1250,00
800,00
2631,00
3571,00
1754,00
69,00
69,00
43,00
526,00
448,00
311,00
854,00
1333,00
729,00
229,00
310,00
162,00
1538,00
1754,00
1020,00
1785,00
3030,00
1234,00
161,00
207,00
114,00
900,00
961,00
609,00
1754,00
2439,00
1369,00
40,00
55,00
23,00
361,00
324,00
206,00
454,00
819,00
227,00
934,00
1265,00
719,00
4347,00
6250,00
2631,00
6666,00
5882,00
6666,00
680,00
892,00
531,00
3333,00
3125,00
2040,00
3703,00
5000,00
5000,00
282,00
363,00
233,00
1204,00
1470,00
1298,00
3571,00
3703,00
2439,00
800,00
1075,00
595,00
2777,00
4545,00
2222,00
7142,00
6666,00
4166,00
606,00
746,00
460,00
4000,00
2173,00
1886,00
7692,00
6250,00
2564,00
323,00
325,00
206,00
641,00
1315,00
934,00
2941,00
4347,00
2380,00
546,00
694,00
378,00
3030,00
5263,00
2173,00
4545,00
7142,00
4545,00
377,00
500,00
270,00
2439,00
3125,00
1818,00
4761,00
5882,00
3333,00
221,00
268,00
158,00
1369,00
1388,00
806,00
2500,00
3125,00
1515,00
1449,00
2222,00
1250,00
7692,00
7692,00
4347,00
10000,00
8333,00
8333,00
1388,00
1176,00
847,00
4545,00
3225,00
2777,00
6666,00
7692,00
8333,00
476,00
520,00
314,00
2083,00
2325,00
1351,00
4545,00
6666,00
4347,00
1265,00
1639,00
1041,00
6666,00
7142,00
5555,00
10000,00
9090,00
7142,00
990,00
568,00
694,00
2702,00
806,00
1515,00
6666,00
6666,00
5000,00
492,00
299,00
258,00
1923,00
917,00
1162,00
4545,00
5555,00
3703,00
934,00
1204,00
666,00
7142,00
9090,00
3703,00
9090,00
12500,00
7142,00
740,00
970,00
495,00
3571,00
3225,00
2439,00
7142,00
7692,00
5882,00
392,00
438,00
264,00
2127,00
1587,00
1111,00
4166,00
6666,00
3333,00
2000,00
2631,00
1351,00
5882,00
5263,00
4545,00
10000,00
6666,00
14285,00
1052,00
1219,00
833,00
4347,00
3225,00
3030,00
3125,00
7142,00
7142,00
490,00
613,00
340,00
1923,00
2439,00
1724,00
5555,00
5555,00
3125,00
1612,00
2040,00
1098,00
4545,00
7692,00
3703,00
12500,00
11111,00
10000,00
1298,00
1515,00
917,00
8333,00
5555,00
3448,00
16666,00
11111,00
9090,00
523,00
526,00
330,00
2500,00
2000,00
1075,00
5000,00
5000,00
3846,00
980,00
1265,00
787,00
6666,00
6250,00
5882,00
10000,00
11111,00
9090,00
769,00
990,00
546,00
4545,00
4545,00
2439,00
7142,00
6666,00
4545,00
413,00
429,00
239,00
1886,00
2222,00
847,00
4545,00
4347,00
1515,00
1298,00
1785,00
1041,00
4761,00
9090,00
5882,00
5882,00
9090,00
4166,00
1149,00
1265,00
549,00
3571,00
5000,00
3703,00
3703,00
10000,00
5882,00
326,00
529,00
211,00
1886,00
3125,00
1960,00
2000,00
5000,00
1851,00
1298,00
1639,00
1162,00
5263,00
10000,00
5882,00
8333,00
11111,00
8333,00
1063,00
1149,00
746,00
5263,00
4761,00
3703,00
6250,00
6250,00
8333,00
495,00
537,00
318,00
2380,00
2857,00
2040,00
4347,00
6250,00
2500,00
1000,00
1111,00
699,00
4545,00
8333,00
4347,00
3571,00
7142,00
4545,00
714,00
917,00
490,00
4545,00
4000,00
3030,00
4761,00
6666,00
4761,00
226,00
408,00
173,00
2380,00
2380,00
1470,00
2040,00
3571,00
1030,00
2631,00
3030,00
1666,00
7142,00
5555,00
9090,00
8333,00
8333,00
6666,00
1369,00
1428,00
675,00
8333,00
5263,00
5263,00
6666,00
10000,00
9090,00
621,00
729,00
401,00
2702,00
3448,00
2564,00
3448,00
7142,00
4545,00
2272,00
3030,00
1666,00
9090,00
16666,00
9090,00
14285,00
9090,00
9090,00
1666,00
1694,00
1449,00
11111,00
4166,00
4761,00
11111,00
16666,00
6666,00
735,00
781,00
526,00
3448,00
4166,00
2631,00
4545,00
3571,00
3571,00
1515,00
1612,00
1111,00
6666,00
11111,00
7142,00
6250,00
14285,00
9090,00
1162,00
1333,00
869,00
5882,00
5263,00
7142,00
7142,00
9090,00
7142,00
606,00
675,00
429,00
2857,00
2083,00
1639,00
4761,00
6250,00
3846,00
1075,00
2439,00
1470,00
5882,00
5882,00
7142,00
3225,00
2500,00
3448,00
1282,00
1408,00
1136,00
5263,00
3448,00
5263,00
6250,00
9090,00
11111,00
370,00
719,00
317,00
2777,00
2631,00
2272,00
1886,00
3703,00
1818,00
1886,00
3030,00
1754,00
9090,00
12500,00
10000,00
10000,00
8333,00
11111,00
1694,00
2000,00
1250,00
7692,00
4761,00
4761,00
8333,00
11111,00
7692,00
689,00
961,00
483,00
4347,00
3448,00
3333,00
6250,00
6666,00
3571,00
1030,00
2127,00
1250,00
10000,00
11111,00
7142,00
6250,00
10000,00
3846,00
1234,00
1538,00
990,00
5882,00
3225,00
3333,00
8333,00
11111,00
5263,00
288,00
645,00
175,00
2380,00
2500,00
1265,00
1612,00
4166,00
242,00
