














































































































































































































































































































































































































































































































































































































































































































































































30442,00
15221,00
15221,00
12178,00
12178,00
271,00
507,00
553,00
1845,00
4059,00
4349,00
4349,00
5535,00
6765,00
1068,00
1790,00
1845,00
8700,00
12180,00
8701,00
10152,00
20308,00
30464,00
1965,00
3385,00
2539,00
12188,00
10158,00
8707,00
12190,00
8707,00
7619,00
261,00
476,00
609,00
2102,00
4354,00
3586,00
3208,00
8709,00
5080,00
967,00
1847,00
1563,00
6098,00
7622,00
10165,00
4691,00
15248,00
12199,00
2103,00
2346,00
2905,00
12201,00
10168,00
61012,00
8716,00
15253,00
10168,00
415,00
717,00
824,00
3589,00
6102,00
4358,00
6780,00
10171,00
7628,00
1356,00
792,00
2260,00
7630,00
7630,00
7630,00
7630,00
12208,00
15264,00
2907,00
4070,00
2775,00
6784,00
8722,00
6105,00
30531,00
61062,00
20354,00
678,00
710,00
1090,00
4071,00
5551,00
5088,00
8723,00
6785,00
10178,00
2442,00
1327,00
2908,00
10179,00
4071,00
8725,00
20360,00
15271,00
30542,00
4072,00
3394,00
3394,00
7637,00
30550,00
10183,00
15275,00
6789,00
12221,00
555,00
898,00
1018,00
5092,00
4700,00
4074,00
5092,00
12223,00
8730,00
1608,00
1328,00
2350,00
6112,00
8731,00
12224,00
12224,00
20373,00
20373,00
4701,00
4701,00
7640,00
7640,00
30561,00
8731,00
61124,00
20374,00
20373,00
481,00
773,00
793,00
3217,00
6791,00
5093,00
6112,00
7640,00
10187,00
1697,00
2264,00
1971,00
5557,00
6113,00
12226,00
7642,00
12227,00
15284,00
3596,00
3218,00
8735,00
8735,00
20382,00
12231,00
10192,00
15289,00
15289,00
643,00
873,00
837,00
5096,00
6115,00
6115,00
6795,00
4368,00
5560,00
1973,00
3822,00
2352,00
15291,00
5560,00
6796,00
30584,00
20389,00
12234,00
4705,00
4369,00
5098,00
10196,00
12235,00
7647,00
0,57
1853,00
10196,00
657,00
577,00
764,00
3823,00
10196,00
8740,00
6118,00
3823,00
8740,00
2266,00
2266,00
1912,00
10197,00
12237,00
7648,00
6798,00
30595,00
20398,00
4371,00
1569,00
5563,00
15299,00
8743,00
30602,00
15301,00
536,00
6120,00
103,00
196,00
291,00
1073,00
2186,00
2661,00
1800,00
4373,00
5103,00
537,00
658,00
987,00
3602,00
4082,00
10207,00
7655,00
8749,00
6124,00
1155,00
3062,00
3062,00
6805,00
12250,00
12250,00
12250,00
15313,00
15312,00
181,00
232,00
464,00
1655,00
1976,00
3828,00
3828,00
12251,00
7657,00
785,00
583,00
1303,00
8752,00
3063,00
6808,00
8753,00
12255,00
20426,00
2356,00
3605,00
3405,00
6810,00
6810,00
61301,00
15325,00
20434,00
15325,00
226,00
348,00
431,00
1702,00
5573,00
5108,00
3065,00
8757,00
6130,00
863,00
1179,00
1393,00
4379,00
7663,00
12262,00
6812,00
30657,00
15328,00
2270,00
2358,00
3606,00
8759,00
20438,00
30657,00
15329,00
61317,00
15329,00
242,00
331,00
498,00
2666,00
2787,00
3832,00
5575,00
8760,00
10220,00
1075,00
689,00
1572,00
4718,00
2921,00
4719,00
12269,00
10224,00
20449,00
2788,00
4089,00
3228,00
8764,00
8764,00
8764,00
10225,00
61350,00
20451,00
235,00
146,00
613,00
2360,00
915,00
6817,00
7670,00
10227,00
15342,00
876,00
277,00
2360,00
2557,00
179,00
3835,00
15343,00
6137,00
61378,00
3068,00
2668,00
3069,00
20461,00
20462,00
5580,00
12278,00
61397,00
12279,00
441,00
451,00
797,00
3837,00
3411,00
5581,00
7675,00
8772,00
15351,00
1395,00
974,00
1981,00
4386,00
2362,00
3838,00
10236,00
10236,00
8774,00
2924,00
3071,00
3838,00
15355,00
7677,00
8774,00
30711,00
12284,00
20475,00
365,00
538,00
740,00
3071,00
6142,00
7678,00
4725,00
12285,00
12285,00
1428,00
1498,00
2792,00
10238,00
15357,00
15357,00
15357,00
20477,00
61431,00
2457,00
2925,00
4726,00
8777,00
7680,00
15360,00
10240,00
61450,00
0,57
507,00
633,00
991,00
4727,00
3841,00
6146,00
6146,00
6147,00
15367,00
1982,00
1463,00
2794,00
8782,00
3616,00
7684,00
61479,00
61479,00
61479,00
5123,00
2794,00
6831,00
30740,00
8782,00
6148,00
61481,00
61481,00
20493,00
534,00
614,00
647,00
3617,00
6833,00
5590,00
5125,00
20500,00
8787,00
2050,00
1618,00
1255,00
10252,00
4393,00
2278,00
12303,00
61515,00
7689,00
4731,00
4731,00
5126,00
20505,00
10252,00
8788,00
30758,00
20505,00
12303,00
19,00
35,00
56,00
424,00
683,00
831,00
842,00
1464,00
1281,00
167,00
246,00
351,00
1500,00
2796,00
3618,00
2563,00
6152,00
5126,00
407,00
723,00
580,00
2929,00
6152,00
6152,00
5127,00
5594,00
5127,00
31,00
50,00
86,00
634,00
1043,00
1337,00
1079,00
1923,00
2675,00
336,00
340,00
549,00
2564,00
2798,00
5129,00
7694,00
10259,00
7694,00
724,00
789,00
1026,00
2931,00
6845,00
5134,00
7701,00
12324,00
15407,00
42,00
74,00
87,00
684,00
1185,00
1208,00
1044,00
1926,00
2370,00
336,00
513,00
493,00
3424,00
4109,00
4403,00
3852,00
10274,00
6849,00
670,00
893,00
978,00
5604,00
6164,00
15412,00
7706,00
10276,00
12332,00
41,00
56,00
107,00
752,00
994,00
1163,00
1666,00
2371,00
3627,00
358,00
303,00
550,00
3246,00
2284,00
4112,00
5140,00
4407,00
6855,00
822,00
869,00
907,00
4407,00
6856,00
3247,00
7713,00
7713,00
8815,00
53,00
46,00
135,00
1234,00
693,00
1668,00
2205,00
2940,00
5146,00
502,00
203,00
772,00
2573,00
660,00
5061,00
6749,00
4338,00
8677,00
1292,00
1124,00
1481,00
6074,00
4672,00
4338,00
10124,00
5062,00
7593,00
78,00
107,00
161,00
979,00
1446,00
2025,00
2250,00
3574,00
5523,00
537,00
419,00
639,00
4340,00
2762,00
4674,00
5524,00
1899,00
6076,00
1381,00
1266,00
1266,00
4341,00
6077,00
4342,00
12158,00
15197,00
10131,00
74,00
113,00
140,00
949,00
1961,00
1688,00
1482,00
3576,00
3199,00
533,00
552,00
707,00
3800,00
3378,00
3040,00
5527,00
12161,00
20268,00
980,00
1321,00
1013,00
5527,00
10134,00
10134,00
8687,00
7601,00
8687,00
110,00
149,00
191,00
1414,00
2171,00
2171,00
2432,00
3378,00
4678,00
868,00
894,00
950,00
5528,00
3201,00
5068,00
15205,00
5529,00
8688,00
1600,00
1689,00
1962,00
12164,00
15205,00
8689,00
15205,00
4344,00
30412,00
96,00
138,00
137,00
1448,00
2339,00
1843,00
2172,00
2534,00
2896,00
633,00
675,00
683,00
4678,00
5068,00
2896,00
6082,00
6082,00
6082,00
1216,00
1126,00
1267,00
8689,00
7603,00
8689,00
4344,00
5069,00
3578,00
132,00
357,00
266,00
1414,00
4680,00
2897,00
1962,00
6760,00
3802,00
742,00
1267,00
1484,00
7606,00
10142,00
5071,00
10143,00
30430,00
7607,00
1086,00
3043,00
1415,00
5071,00
15216,00
6087,00
12174,00
20291,00
5072,00
263,00
591,00
487,00
1790,00
6087,00
4682,00
4348,00
6763,00
6087,00
1170,00
2341,00
1902,00
10146,00
15220,00
10147,00
12177,00














































































































































































































































































































































































































































































































































































































































































































