





































































































































































































































































































































































































































































































































































































































































































































































































































































































































































































































































































































7692,00
4000,00
5000,00
16666,00
3333,00
7142,00
11111,00
5882,00
6666,00
14285,00
6250,00
9090,00
8333,00
537,00
1694,00
2564,00
952,00
1612,00
4761,00
1639,00
5882,00
4761,00
1492,00
5263,00
6250,00
2439,00
3448,00
8333,00
4545,00
9090,00
20000,00
2631,00
9090,00
11111,00
7142,00
14285,00
25000,00
5882,00
12500,00
16666,00
833,00
2173,00
2631,00
1666,00
3448,00
5555,00
2083,00
4347,00
7142,00
1851,00
5000,00
7142,00
4166,00
9090,00
14285,00
5555,00
8333,00
14285,00
2777,00
7692,00
12500,00
6250,00
14285,00
11111,00
6250,00
14285,00
20000,00
1063,00
2777,00
4166,00
1449,00
2777,00
4000,00
2222,00
5263,00
5263,00
2272,00
8333,00
11111,00
5263,00
6250,00
12500,00
5555,00
5882,00
20000,00
3571,00
9090,00
20000,00
5882,00
11111,00
12500,00
6666,00
12500,00
16666,00
833,00
2040,00
3448,00
1724,00
3448,00
7142,00
2083,00
6250,00
7142,00
1851,00
4545,00
4545,00
3571,00
7142,00
10000,00
4761,00
5882,00
12500,00
2857,00
10000,00
12500,00
6666,00
14285,00
20000,00
9090,00
33333,00
33333,00
309,00
1351,00
1818,00
671,00
2857,00
3448,00
943,00
3225,00
5263,00
1075,00
3571,00
4166,00
2325,00
7142,00
7692,00
2325,00
4761,00
8333,00
1562,00
5000,00
6250,00
3030,00
9090,00
10000,00
4000,00
16666,00
16666,00
252,00
1052,00
2173,00
526,00
1562,00
2500,00
699,00
1754,00
2857,00
1250,00
3846,00
5263,00
3225,00
6250,00
9090,00
3125,00
11111,00
11111,00
2000,00
4347,00
9090,00
3703,00
12500,00
25000,00
4545,00
25000,00
12500,00
290,00
1149,00
1754,00
609,00
1694,00
4000,00
735,00
2000,00
3125,00
1111,00
3448,00
4347,00
2631,00
5263,00
12500,00
3030,00
7142,00
10000,00
1754,00
5000,00
6666,00
3703,00
12500,00
20000,00
5882,00
14285,00
20000,00
877,00
2777,00
3571,00
1639,00
3846,00
5555,00
2173,00
4166,00
9090,00
2564,00
5263,00
7692,00
3571,00
7142,00
10000,00
5263,00
4166,00
7692,00
3448,00
9090,00
6666,00
5882,00
12500,00
11111,00
12500,00
16666,00
11111,00
485,00
2083,00
3846,00
1298,00
2500,00
5555,00
1886,00
3703,00
6666,00
3225,00
10000,00
10000,00
4000,00
5263,00
20000,00
5882,00
7692,00
33333,00
5263,00
16666,00
25000,00
8333,00
8333,00
11111,00
10000,00
20000,00
14285,00
757,00
2941,00
4166,00
1388,00
4545,00
5263,00
1923,00
5000,00
11111,00
2439,00
6250,00
10000,00
5263,00
11111,00
11111,00
4545,00
3125,00
7692,00
4166,00
11111,00
25000,00
7142,00
11111,00
16666,00
7142,00
12500,00
20000,00
1315,00
3125,00
5000,00
2173,00
5882,00
8333,00
2272,00
6250,00
9090,00
2702,00
6250,00
7692,00
7142,00
11111,00
14285,00
8333,00
10000,00
14285,00
5000,00
16666,00
11111,00
9090,00
16666,00
14285,00
9090,00
25000,00
14285,00
980,00
3846,00
4347,00
2000,00
5555,00
7142,00
2040,00
5555,00
4347,00
3448,00
11111,00
14285,00
10000,00
10000,00
25000,00
9090,00
10000,00
11111,00
6250,00
25000,00
9090,00
10000,00
20000,00
16666,00
6250,00
10000,00
7142,00
917,00
3846,00
5263,00
2127,00
6250,00
6250,00
2272,00
8333,00
5882,00
3030,00
8333,00
10000,00
6250,00
8333,00
25000,00
5882,00
11111,00
9090,00
4545,00
11111,00
20000,00
9090,00
14285,00
33333,00
10000,00
12500,00
16666,00
12,00
80,00
132,00
38,00
157,00
357,00
58,00
268,00
313,00
103,00
297,00
380,00
225,00
649,00
877,00
303,00
877,00
1136,00
170,00
492,00
549,00
396,00
1219,00
1388,00
473,00
1492,00
1408,00
11,00
64,00
136,00
26,00
106,00
284,00
58,00
236,00
370,00
126,00
359,00
500,00
257,00
606,00
1204,00
374,00
1136,00
1562,00
221,00
621,00
775,00
483,00
1408,00
1694,00
625,00
2000,00
2040,00
12,00
67,00
108,00
31,00
122,00
281,00
47,00
234,00
232,00
103,00
298,00
390,00
214,00
598,00
884,00
311,00
917,00
1190,00
173,00
518,00
555,00
411,00
1204,00
1470,00
440,00
1408,00
1219,00
70,00
302,00
427,00
130,00
561,00
877,00
253,00
862,00
1315,00
219,00
595,00
806,00
520,00
1538,00
2000,00
628,00
2173,00
2702,00
362,00
925,00
1265,00
800,00
2127,00
2941,00
1041,00
3333,00
4347,00
54,00
231,00
534,00
97,00
334,00
980,00
220,00
719,00
1298,00
300,00
869,00
1052,00
684,00
1639,00
2702,00
869,00
3030,00
3571,00
483,00
1250,00
1587,00
1123,00
2941,00
4166,00
1408,00
4545,00
5555,00
57,00
232,00
442,00
102,00
411,00
826,00
207,00
689,00
1234,00
222,00
617,00
833,00
526,00
1562,00
2127,00
628,00
1754,00
2564,00
387,00
1041,00
1428,00
833,00
2500,00
3030,00
1020,00
3703,00
3571,00
115,00
370,00
462,00
276,00
862,00
1086,00
264,00
1052,00
1149,00
258,00
746,00
877,00
613,00
1724,00
2272,00
763,00
2380,00
2702,00
404,00
1136,00
854,00
943,00
2777,00
3225,00
1176,00
3225,00
4000,00
125,00
436,00
662,00
239,00
1020,00
1265,00
292,00
1063,00
1333,00
342,00
970,00
1162,00
826,00
2325,00
3125,00
980,00
2941,00
3703,00
546,00
1492,00
1639,00
1190,00
3703,00
4166,00
1694,00
5882,00
5263,00
103,00
383,00
480,00
249,00
819,00
1176,00
218,00
970,00
877,00
284,00
826,00
1010,00
617,00
1818,00
2564,00
819,00
2564,00
4000,00
429,00
1333,00
1388,00
970,00
3225,00
3846,00
1219,00
4166,00
2173,00
98,00
404,00
558,00
180,00
740,00
1075,00
295,00
943,00
1612,00
279,00
840,00
1020,00
645,00
2000,00
2500,00
806,00
2173,00
3225,00
471,00
1351,00
1612,00
1063,00
3333,00
4000,00
1428,00
5000,00
5882,00
69,00
307,00
649,00
123,00
413,00
952,00
255,00
751,00
1428,00
354,00
1162,00
1315,00
666,00
1470,00
3448,00
1020,00
2564,00
4166,00
617,00
1818,00
2272,00
740,00
3846,00
4166,00
1785,00
5263,00
5263,00
81,00
338,00
591,00
143,00
552,00
1030,00
228,00
877,00
1190,00
276,00
884,00
1098,00
680,00
2040,00
2631,00
800,00
2173,00
3448,00
515,00
1470,00
1754,00
1063,00
3703,00
4545,00
1388,00
4000,00
5000,00
284,00
917,00
1162,00
578,00
1694,00
2439,00
884,00
2000,00
2857,00
632,00
2083,00
2941,00
1538,00
4166,00
5555,00
1886,00
3846,00
7142,00
1020,00
3125,00
4347,00
2380,00
7692,00
11111,00
3448,00
7692,00
12500,00
199,00
746,00
1515,00
348,00
751,00
2222,00
826,00
2173,00
3448,00
833,00
2777,00
3571,00
1176,00
1098,00
3703,00
3030,00
5882,00
9090,00
1492,00
5263,00
6666,00
3333,00
9090,00
11111,00
4761,00
9090,00
12500,00
238,00
806,00
1250,00
476,00
1515,00
2702,00
735,00
2083,00
3571,00
662,00
2000,00
2777,00
1351,00
2631,00
4000,00
1818,00
3333,00
5882,00
1098,00
3333,00
4545,00
2777,00
7142,00
9090,00
3030,00
6666,00
12500,00
362,00
980,00
1449,00
806,00
2272,00
3125,00
892,00
2173,00
3846,00
719,00
2380,00
2777,00
1639,00
6250,00
6666,00
2127,00
4761,00
6666,00
1265,00
3846,00
4761,00
2564,00
9090,00
12500,00
3225,00
8333,00
9090,00
446,00
1136,00
1851,00
729,00
2083,00
2564,00
970,00
2631,00
4000,00
1030,00
3448,00
4166,00
2127,00
5000,00
8333,00
3225,00
5263,00
10000,00
1587,00
4761,00
4545,00
2941,00
9090,00
2500,00
4545,00
10000,00
11111,00
371,00
990,00
1562,00
862,00
2272,00
3571,00
900,00
2272,00
3703,00
800,00
2325,00
3125,00
1612,00
4166,00
7142,00
2272,00
4000,00
6250,00
1388,00
4761,00
5000,00
2941,00
9090,00
9090,00
3703,00
7692,00
5882,00
136,00
657,00
847,00
390,00
1250,00
1754,00
366,00
1785,00
2127,00
478,00
1492,00
1851,00
1086,00
3333,00
5263,00
1298,00
5555,00
4761,00
699,00
2000,00
2564,00
1851,00
5882,00
6666,00
1724,00
5882,00
5000,00
123,00
598,00
943,00
281,00
961,00
1388,00
340,00
1265,00
1724,00
568,00
1923,00
2173,00
1265,00
4761,00
5882,00
1449,00
4761,00
6666,00
884,00
2857,00
3846,00
1923,00
6666,00
7142,00
2380,00
7142,00
8333,00
107,00
568,00
595,00
280,00
1136,00
1666,00
257,00
1282,00
793,00
490,00
1470,00
1785,00
1190,00
2631,00
4347,00
1333,00
3703,00
4347,00
757,00
2127,00
2702,00
1724,00
5555,00
6666,00
1587,00
6250,00
2777,00
448,00
1351,00
2000,00
1052,00
3571,00
3030,00
1298,00
3846,00
5263,00
1136,00
2941,00
4545,00
2702,00
6666,00
10000,00
2941,00
7142,00
10000,00
1612,00
5263,00
6666,00
4347,00
14285,00
16666,00
5263,00
16666,00
16666,00
304,00
1265,00
2380,00
869,00
2380,00
4347,00
1020,00
2564,00
5882,00
1282,00
3846,00
5000,00
2631,00
4761,00
8333,00
3030,00
7692,00
10000,00
2000,00
6666,00
10000,00
4347,00
11111,00
20000,00
5555,00
16666,00
20000,00
400,00
1515,00
2272,00
763,00
2941,00
4000,00
961,00
3030,00
3448,00
1075,00
3448,00
5000,00
2564,00
5555,00
10000,00
2631,00
5263,00
7692,00
1923,00
6250,00
6666,00
4761,00
10000,00
10000,00
4166,00
12500,00
12500,00
469,00
1754,00
2000,00
1388,00
3448,00
5000,00
970,00
3703,00
3333,00
1234,00
3571,00
4761,00
2857,00
8333,00
12500,00
4166,00
11111,00
11111,00
1818,00
7692,00
7142,00
4347,00
14285,00
20000,00
2941,00
7692,00
3571,00
507,00
1886,00
3225,00
1388,00
4166,00
5555,00
1265,00
3571,00
2777,00
1639,00
6250,00
7142,00
3703,00
5555,00
14285,00
3703,00
5555,00
11111,00
2702,00
10000,00
10000,00
6250,00
12500,00
14285,00
5882,00
12500,00
4761,00
334,00
1612,00
1612,00
990,00
3333,00
5000,00
714,00
3030,00
1315,00
1470,00
5555,00
5882,00
3030,00
6666,00
10000,00
2941,00
7142,00
5882,00
1639,00
6666,00
5263,00
5000,00
14285,00
14285,00
1408,00
7692,00
366,00
