





































































































































































































































































































































































































































































































































































































































































































































































































































































































































































































































































































































871,00
7145,00
2233,00
2978,00
5956,00
2102,00
3249,00
3971,00
1153,00
1624,00
5958,00
3574,00
2234,00
3574,00
5106,00
4468,00
8937,00
5958,00
17874,00
11916,00
7149,00
8937,00
7149,00
2979,00
4468,00
8937,00
2553,00
3973,00
7151,00
2979,00
2979,00
2554,00
2751,00
4471,00
3974,00
2751,00
2981,00
3578,00
2983,00
2237,00
2238,00
1492,00
994,00
1989,00
3979,00
1377,00
3257,00
2239,00
1327,00
1791,00
1493,00
640,00
3982,00
1378,00
943,00
2560,00
1792,00
1054,00
969,00
535,00
271,00
1280,00
943,00
465,00
1024,00
763,00
478,00
5979,00
2242,00
1793,00
3987,00
2111,00
2564,00
3988,00
2564,00
1994,00
5984,00
1795,00
1561,00
4488,00
854,00
1795,00
7181,00
2244,00
1889,00
1795,00
970,00
748,00
1632,00
764,00
921,00
1496,00
1238,00
835,00
2395,00
3266,00
1711,00
7189,00
3594,00
3594,00
2765,00
2765,00
3595,00
2397,00
2765,00
1797,00
2765,00
1634,00
1997,00
7191,00
2247,00
2996,00
1634,00
1438,00
922,00
1892,00
1331,00
1198,00
1198,00
1160,00
749,00
390,00
467,00
211,00
1498,00
817,00
506,00
1160,00
1240,00
404,00
734,00
499,00
215,00
1332,00
749,00
536,00
1332,00
1199,00
473,00
294,00
224,00
81,00
562,00
342,00
160,00
486,00
414,00
157,00
2001,00
1334,00
923,00
1286,00
1801,00
1092,00
1060,00
1386,00
1639,00
2003,00
1244,00
858,00
2405,00
1387,00
1336,00
3007,00
1899,00
1164,00
736,00
456,00
325,00
722,00
694,00
429,00
839,00
839,00
601,00
1062,00
1337,00
1003,00
1805,00
1263,00
1176,00
1176,00
1705,00
1218,00
1483,00
1100,00
812,00
2843,00
2007,00
1625,00
1218,00
1551,00
1137,00
812,00
533,00
325,00
1137,00
922,00
588,00
813,00
599,00
397,00
813,00
697,00
375,00
1102,00
569,00
495,00
1265,00
923,00
743,00
589,00
257,00
162,00
777,00
206,00
162,00
854,00
384,00
359,00
417,00
138,00
81,00
510,00
169,00
87,00
570,00
294,00
162,00
1900,00
1221,00
1221,00
834,00
670,00
1368,00
1425,00
1316,00
1316,00
1267,00
658,00
570,00
744,00
133,00
226,00
1488,00
834,00
950,00
951,00
389,00
276,00
744,00
186,00
179,00
1007,00
580,00
332,00
1489,00
1223,00
951,00
1181,00
1181,00
979,00
1269,00
1007,00
1370,00
1489,00
856,00
713,00
1713,00
926,00
1181,00
1269,00
407,00
1070,00
835,00
634,00
385,00
901,00
552,00
417,00
745,00
552,00
413,00
332,00
303,00
128,00
571,00
457,00
206,00
496,00
445,00
190,00
389,00
213,00
95,00
504,00
175,00
106,00
562,00
333,00
159,00
137,00
73,00
25,00
179,00
85,00
36,00
148,00
104,00
42,00
880,00
528,00
423,00
903,00
553,00
572,00
880,00
715,00
497,00
953,00
403,00
290,00
686,00
240,00
236,00
673,00
361,00
290,00
309,00
161,00
94,00
312,00
117,00
84,00
258,00
160,00
101,00
762,00
635,00
418,00
1226,00
660,00
660,00
903,00
880,00
497,00
837,00
563,00
306,00
880,00
429,00
390,00
582,00
483,00
377,00
252,00
180,00
96,00
327,00
170,00
134,00
191,00
132,00
75,00
390,00
3818,00
477,00
4909,00
11455,00
4295,00
2455,00
17186,00
1227,00
3437,00
3819,00
1636,00
3124,00
6874,00
4296,00
11458,00
4910,00
8593,00
954,00
1375,00
435,00
1909,00
2292,00
1273,00
1719,00
2645,00
881,00
4299,00
3821,00
1495,00
5734,00
34409,00
4920,00
6888,00
8611,00
3131,00
5740,00
11482,00
2649,00
8612,00
34450,00
11483,00
17226,00
5742,00
11484,00
3132,00
8613,00
1566,00
2871,00
4922,00
3828,00
3445,00
17229,00
3132,00
2027,00
2871,00
1566,00
11488,00
8616,00
6893,00
2297,00
4923,00
1813,00
5744,00
11489,00
5744,00
8618,00
6895,00
17239,00
5746,00
34479,00
6895,00
1814,00
2028,00
1188,00
6896,00
11497,00
3832,00
2874,00
3451,00
1500,00
3138,00
3138,00
1726,00
3138,00
6904,00
2466,00
11510,00
4933,00
3139,00
4316,00
6906,00
2031,00
4933,00
8632,00
2877,00
4933,00
4934,00
2302,00
2657,00
2033,00
863,00
1645,00
3141,00
1151,00
3141,00
3839,00
2468,00
3839,00
8639,00
6911,00
11519,00
6911,00
4937,00
17280,00
34561,00
5760,00
8641,00
6913,00
5761,00
3841,00
8644,00
3457,00
34578,00
17291,00
4322,00
4322,00
11527,00
1921,00
4323,00
6917,00
3144,00
6919,00
17299,00
3844,00
8650,00
2661,00
4325,00
8654,00
8654,00
2165,00
4330,00
5773,00
5773,00
3464,00
8661,00
5775,00
8663,00
372,00
4331,00
3465,00
5776,00
5776,00
3850,00
4951,00
2039,00
3852,00
11556,00
2039,00
4333,00
203,00
5779,00
1083,00
1576,00
693,00
3152,00
4335,00
2890,00
1576,00
3469,00
963,00
2668,00
3153,00
991,00
2668,00
4956,00
1576,00
4336,00
2891,00
1734,00
630,00
788,00
154,00
1334,00
2313,00
630,00
708,00
1509,00
373,00
4958,00
4958,00
1577,00
4959,00
8679,00
2314,00
4959,00
11573,00
2480,00
6944,00
8680,00
2043,00
5788,00
11578,00
11580,00
6948,00
3860,00
3159,00
2673,00
1829,00
808,00
3475,00
2896,00
1579,00
2317,00
2482,00
939,00
2317,00
5794,00
2172,00
5794,00
4345,00
2897,00
1390,00
5794,00
1337,00
4346,00
8692,00
2483,00
4967,00
6954,00
3477,00
3161,00
3864,00
3864,00
1581,00
2319,00
552,00
3480,00
2047,00
1740,00
967,00
1450,00
590,00
1123,00
1392,00
1088,00
4353,00
4354,00
1393,00
2488,00
2488,00
711,00
2680,00
2050,00
1025,00
4358,00
6972,00
1835,00
2906,00
2682,00
1586,00
969,00
969,00
520,00
969,00
1837,00
775,00
1343,00
1746,00
602,00
4365,00
4365,00
1587,00
4989,00
4365,00
2054,00
3881,00
4368,00
1839,00
5826,00
3496,00
2185,00
6994,00
5828,00
5828,00
4371,00
4371,00
4372,00
3180,00
1943,00
1093,00
744,00
2691,00
1206,00
2058,00
2332,00
1521,00
3500,00
2692,00
1944,00
3182,00
5002,00
3501,00
2918,00
2918,00
1750,00
4377,00
2334,00
1592,00
5003,00
4378,00
5838,00
2694,00
3184,00
2335,00
2335,00
2060,00
1592,00
2502,00
8760,00
2336,00
2696,00
2921,00
1402,00
2697,00
3187,00
1593,00
7013,00
3506,00
2063,00
4383,00
7015,00
2063,00
3507,00
1461,00
899,00
2698,00
3898,00
1403,00
3189,00
2924,00
1299,00
2507,00
1404,00
638,00
1847,00
1595,00
923,00
1950,00
2194,00
856,00
5852,00
5852,00
7023,00
8780,00
17561,00
8780,00
5854,00
8781,00
8781,00
295,00
11708,00
3902,00
3902,00
975,00
1527,00
17563,00
3903,00
2702,00
3903,00
2702,00
1527,00
3904,00
3904,00
2066,00
4392,00
5020,00
2510,00
3904,00
2703,00
2510,00
7028,00
7028,00
3194,00
5857,00
3194,00
3514,00
2510,00
2930,00
3196,00
5861,00
7033,00
2511,00
3197,00
4396,00
2931,00
3908,00
3198,00
2706,00
4398,00
2706,00
2932,00
4398,00
4398,00
2200,00
1955,00
1408,00
782,00
2200,00
2933,00
902,00
2071,00
1600,00
1135,00
1467,00
1067,00
457,00
1956,00
2071,00
903,00
1531,00
1531,00
568,00
664,00
482,00
182,00
1036,00
978,00
338,00
766,00
719,00
338,00
2517,00
3203,00
1602,00
3916,00
2349,00
1468,00
2517,00
3524,00
2073,00
3916,00
2517,00
1678,00
8812,00
1958,00
2350,00
4406,00
3204,00
1678,00
1258,00
1036,00
597,00
1355,00
1175,00
470,00
1215,00
1468,00
750,00
3525,00
2712,00
1356,00
2204,00
3206,00
1959,00
1763,00
4408,00
2519,00
2204,00
2713,00
1216,00
5879,00
2940,00
1960,00
2205,00
2352,00
1960,00
1138,00
1680,00
692,00
1470,00
2206,00
1138,00
1038,00
1357,00
619,00
159,00
367,00
91,00
821,00
619,00
299,00
383,00
579,00
165,00
527,00
392,00
148,00
802,00
642,00
324,00
981,00
630,00
267,00
141,00
173,00
33,00
356,00
291,00
101,00
195,00
271,00
66,00
1177,00
955,00
579,00
1359,00
1473,00
822,00
722,00
1360,00
643,00
1538,00
1072,00
536,00
2211,00
1608,00
956,00
1310,00
1769,00
693,00
631,00
411,00
209,00
536,00
528,00
310,00
580,00
536,00
268,00
632,00
1011,00
318,00
983,00
1072,00
823,00
454,00
957,00
376,00
1265,00
957,00
528,00
1540,00
1771,00
1142,00
864,00
1180,00
681,00
421,00
443,00
133,00
723,00
805,00
361,00
377,00
479,00
165,00
521,00
479,00
224,00
1074,00
824,00
303,00
788,00
771,00
337,00
514,00
270,00
128,00
754,00
377,00
164,00
754,00
601,00
217,00
257,00
136,00
47,00
298,00
190,00
66,00
358,00
249,00
93,00
1075,00
1223,00
611,00
1223,00
1182,00
1075,00
959,00
1223,00
985,00
1419,00
788,00
507,00
1267,00
385,00
354,00
1419,00
1109,00
537,00
710,00
403,00
179,00
724,00
322,00
183,00
623,00
582,00
279,00
1224,00
888,00
710,00
888,00
1110,00
634,00
1015,00
866,00
756,00
960,00
1110,00
538,00
1975,00
1077,00
911,00
867,00
740,00
487,00
538,00
461,00
197,00
725,00
573,00
277,00
493,00
456,00
212,00
136,00
210,00
58,00
399,00
320,00
158,00
199,00
286,00
97,00
254,00
167,00
62,00
345,00
191,00
90,00
294,00
265,00
103,00
62,00
49,00
8,00
144,00
70,00
25,00
69,00
77,00
18,00
624,00
556,00
276,00
1017,00
548,00
409,00
584,00
775,00
312,00
604,00
409,00
224,00
758,00
342,00
249,00
495,00
387,00
251,00
249,00
145,00
62,00
297,00
138,00
74,00
180,00
152,00
65,00
283,00
469,00
175,00
673,00
575,00
360,00
283,00
510,00
172,00
566,00
476,00
205,00
673,00
566,00
346,00
435,00
435,00
219,00
126,00
143,00
40,00
239,00
166,00
85,00
69,00
91,00
22,00
