




























































































































































































































































































































































































































































































































































































































































































































































































































































































































































































































































































































































































































































































































































































































































































































































5252,00
241,00
11817,00
5908,00
665,00
9455,00
6753,00
400,00
7879,00
2780,00
136,00
2626,00
5909,00
549,00
4727,00
11819,00
685,00
2954,00
3939,00
223,00
5909,00
9455,00
859,00
15759,00
9455,00
531,00
5253,00
4298,00
210,00
15759,00
9457,00
503,00
15763,00
7881,00
372,00
3940,00
2782,00
116,00
5255,00
7883,00
278,00
5255,00
6757,00
181,00
2056,00
1576,00
42,00
5255,00
4730,00
309,00
7883,00
3942,00
162,00
2489,00
1314,00
26,00
4730,00
3379,00
202,00
4300,00
2490,00
110,00
1153,00
927,00
18,00
11831,00
7888,00
1028,00
47328,00
11832,00
498,00
6761,00
4733,00
170,00
15778,00
15778,00
1127,00
15778,00
3641,00
526,00
7890,00
4303,00
124,00
11836,00
4734,00
676,00
15782,00
5260,00
391,00
4734,00
2785,00
77,00
9469,00
5918,00
910,00
7891,00
6764,00
538,00
11838,00
5919,00
258,00
3642,00
5262,00
739,00
23679,00
7893,00
577,00
6766,00
4736,00
214,00
7894,00
7895,00
584,00
11843,00
6767,00
370,00
3644,00
2961,00
132,00
1895,00
2961,00
67,00
3644,00
2256,00
66,00
623,00
526,00
12,00
3644,00
2493,00
110,00
6768,00
1528,00
57,00
861,00
515,00
10,00
1102,00
1528,00
54,00
1974,00
789,00
43,00
359,00
283,00
4,00
23699,00
5924,00
254,00
11849,00
5266,00
183,00
2257,00
1692,00
51,00
47401,00
6771,00
343,00
15804,00
2634,00
180,00
5268,00
1635,00
44,00
11853,00
3951,00
227,00
5268,00
1635,00
127,00
1823,00
846,00
27,00
7904,00
5928,00
296,00
7904,00
3648,00
253,00
3952,00
1756,00
77,00
15810,00
4743,00
331,00
9486,00
3388,00
205,00
4312,00
1581,00
76,00
6776,00
3388,00
196,00
5930,00
2372,00
128,00
1976,00
988,00
39,00
6778,00
11862,00
405,00
15818,00
6779,00
302,00
4314,00
3650,00
82,00
5273,00
9492,00
527,00
7910,00
7910,00
365,00
1695,00
3955,00
63,00
15821,00
5933,00
392,00
5273,00
5933,00
282,00
1825,00
2063,00
51,00
7913,00
9496,00
698,00
3957,00
15828,00
474,00
5935,00
3652,00
255,00
5936,00
7915,00
989,00
0,57
9499,00
766,00
15832,00
7916,00
306,00
23749,00
9499,00
791,00
2159,00
6785,00
565,00
3392,00
3392,00
172,00
15835,00
23755,00
1104,00
7918,00
23756,00
778,00
9503,00
6788,00
365,00
5939,00
11879,00
709,00
11880,00
15840,00
864,00
6789,00
6789,00
316,00
15843,00
23767,00
731,00
6792,00
11886,00
485,00
7925,00
3396,00
194,00
11888,00
9511,00
420,00
11891,00
4324,00
250,00
3963,00
2973,00
56,00
4758,00
5947,00
403,00
15861,00
2069,00
138,00
4328,00
1442,00
30,00
15870,00
6801,00
390,00
5951,00
5951,00
171,00
2505,00
1322,00
26,00
11904,00
11905,00
1161,00
23812,00
6803,00
680,00
9525,00
4329,00
240,00
23814,00
23815,00
915,00
6804,00
1082,00
190,00
9526,00
2506,00
93,00
47634,00
15881,00
850,00
47644,00
9529,00
449,00
9529,00
3403,00
90,00
3970,00
11916,00
851,00
23835,00
11917,00
821,00
7945,00
4767,00
313,00
7945,00
7945,00
1059,00
11918,00
11919,00
691,00
11920,00
6811,00
317,00
15894,00
23842,00
822,00
15895,00
15896,00
476,00
11922,00
3974,00
182,00
7948,00
2980,00
132,00
3974,00
1703,00
84,00
1255,00
900,00
20,00
3180,00
2168,00
137,00
3975,00
1766,00
64,00
993,00
662,00
12,00
5300,00
1703,00
119,00
4770,00
1362,00
65,00
782,00
496,00
9,00
9541,00
4336,00
378,00
3975,00
5300,00
209,00
2981,00
2168,00
71,00
11926,00
11926,00
454,00
9541,00
2074,00
166,00
3976,00
2074,00
46,00
5964,00
5302,00
356,00
6817,00
1988,00
141,00
2511,00
935,00
35,00
9544,00
5965,00
524,00
11930,00
6817,00
361,00
5965,00
2807,00
127,00
9544,00
7953,00
482,00
15907,00
4338,00
307,00
6817,00
2074,00
104,00
11931,00
6817,00
303,00
5302,00
3408,00
183,00
3672,00
1646,00
61,00
2653,00
4777,00
287,00
11943,00
7962,00
408,00
2514,00
3413,00
74,00
23891,00
9556,00
575,00
7964,00
7964,00
367,00
2654,00
2986,00
97,00
4344,00
5973,00
314,00
5973,00
3676,00
221,00
1991,00
1648,00
51,00
11951,00
9561,00
901,00
7967,00
15935,00
654,00
6829,00
6829,00
287,00
15935,00
9561,00
956,00
15935,00
7968,00
682,00
5976,00
4780,00
271,00
0,57
9563,00
621,00
9563,00
6831,00
408,00
6831,00
3188,00
155,00
3188,00
7971,00
473,00
11957,00
15943,00
771,00
5978,00
4783,00
225,00
15944,00
15945,00
902,00
0,57
9567,00
590,00
15945,00
4783,00
225,00
7973,00
15946,00
508,00
11960,00
6834,00
368,00
4784,00
2990,00
130,00
4349,00
7974,00
382,00
11961,00
7974,00
265,00
3417,00
3680,00
76,00
11961,00
7974,00
503,00
15949,00
6835,00
314,00
3190,00
3190,00
67,00
9572,00
4786,00
349,00
6837,00
3681,00
211,00
2393,00
1914,00
47,00
9573,00
11967,00
1346,00
11782,00
7854,00
654,00
6735,00
7857,00
277,00
47147,00
15715,00
1240,00
47151,00
6736,00
760,00
11788,00
5239,00
235,00
15716,00
9430,00
714,00
15718,00
6736,00
467,00
4288,00
3369,00
153,00
15723,00
9433,00
857,00
15723,00
9434,00
664,00
23585,00
4717,00
260,00
11793,00
47172,00
1072,00
23588,00
15727,00
637,00
15728,00
5898,00
251,00
23594,00
15729,00
637,00
47190,00
11797,00
377,00
5899,00
3371,00
143,00
2052,00
2949,00
104,00
7866,00
2776,00
114,00
1522,00
1123,00
23,00
7866,00
3146,00
183,00
5244,00
2052,00
111,00
1815,00
1180,00
25,00
3631,00
2484,00
109,00
3631,00
1815,00
77,00
890,00
694,00
13,00
5902,00
3147,00
472,00
9443,00
2951,00
300,00
7869,00
1816,00
97,00
6745,00
2951,00
390,00
23609,00
2360,00
249,00
4292,00
1573,00
89,00
15740,00
2951,00
255,00
9444,00
2053,00
156,00
3374,00
1152,00
50,00
11810,00
3149,00
384,00
6750,00
2779,00
289,00
5906,00
1629,00
91,00
11812,00
3375,00
366,00
9450,00
2362,00
229,00
4726,00
1390,00
85,00
7877,00
2625,00
203,00
7877,00
1629,00
135,00
1969,00
1027,00
39,00
