














































































































































































































































































































































































































































































































































































































































































































































































7925,00
792,00
15852,00
4324,00
286,00
7927,00
5945,00
3398,00
11894,00
9516,00
2162,00
5286,00
4758,00
1321,00
15863,00
11902,00
3173,00
0,57
11902,00
2645,00
15870,00
11902,00
1133,00
47610,00
23805,00
2506,00
5952,00
23808,00
1642,00
23811,00
4762,00
710,00
6803,00
6803,00
4329,00
23813,00
47626,00
3402,00
6804,00
23815,00
1323,00
7938,00
15877,00
4330,00
47633,00
15878,00
1642,00
7940,00
7940,00
916,00
23823,00
5955,00
2802,00
23824,00
15882,00
1537,00
23834,00
11917,00
567,00
11917,00
5296,00
1444,00
9534,00
11918,00
836,00
15891,00
2979,00
345,00
15892,00
2384,00
1444,00
23840,00
7947,00
745,00
15895,00
4335,00
285,00
15896,00
9537,00
1324,00
15896,00
2980,00
794,00
3668,00
2270,00
191,00
23847,00
15899,00
4336,00
15900,00
11925,00
1703,00
23851,00
15901,00
1223,00
23851,00
11925,00
3975,00
0,57
3975,00
1325,00
23851,00
7950,00
1014,00
47703,00
47703,00
2650,00
23851,00
6815,00
1590,00
9541,00
9541,00
603,00
47706,00
23853,00
4770,00
23853,00
23853,00
2168,00
0,57
23853,00
1163,00
9542,00
11928,00
2806,00
47715,00
15906,00
1767,00
23860,00
23860,00
1060,00
0,57
47721,00
2386,00
15907,00
11930,00
1255,00
23860,00
15907,00
568,00
5302,00
5965,00
486,00
15907,00
5965,00
311,00
3408,00
2074,00
119,00
7953,00
7953,00
604,00
9544,00
2651,00
300,00
3977,00
1645,00
94,00
4339,00
2983,00
487,00
11934,00
1706,00
228,00
2514,00
838,00
72,00
47775,00
9555,00
1194,00
47783,00
15927,00
823,00
7963,00
3981,00
398,00
47788,00
11947,00
1257,00
47788,00
5309,00
770,00
6826,00
4344,00
325,00
47797,00
5310,00
919,00
9560,00
4780,00
582,00
7967,00
3187,00
227,00
0,57
15935,00
1493,00
23902,00
15935,00
975,00
11951,00
5861,00
414,00
46894,00
23447,00
1379,00
46896,00
7816,00
808,00
15635,00
6701,00
342,00
0,57
15638,00
919,00
15638,00
7819,00
527,00
11730,00
4265,00
204,00
23462,00
11734,00
1877,00
46942,00
9389,00
2235,00
0,57
11736,00
745,00
23475,00
9390,00
2235,00
23475,00
15650,00
2134,00
11738,00
11739,00
661,00
0,57
23479,00
1806,00
23479,00
9391,00
1381,00
15655,00
4696,00
447,00
46969,00
5871,00
2935,00
11743,00
6710,00
1957,00
23491,00
15661,00
1740,00
0,57
9396,00
6711,00
23493,00
7831,00
3356,00
46989,00
46990,00
1807,00
23495,00
23495,00
3915,00
11747,00
9398,00
3132,00
11747,00
11748,00
959,00
23496,00
11749,00
3133,00
23498,00
9399,00
3615,00
46997,00
46997,00
1678,00
23501,00
15669,00
4273,00
47055,00
47069,00
2614,00
23534,00
23534,00
1148,00
23534,00
15692,00
3363,00
23542,00
47086,00
1743,00
0,57
15698,00
735,00
23550,00
0,57
1884,00
23550,00
11775,00
1811,00
11775,00
7850,00
663,00
9420,00
6728,00
2141,00
11775,00
2479,00
567,00
15703,00
3624,00
346,00
23556,00
47113,00
2141,00
23558,00
11779,00
1385,00
15705,00
3624,00
371,00
11779,00
47125,00
5236,00
15709,00
9425,00
2480,00
11782,00
15709,00
1178,00
47128,00
7855,00
5238,00
7857,00
287,00
371,00
23573,00
1964,00
575,00
23577,00
0,57
3627,00
23577,00
11787,00
1683,00
47153,00
15718,00
773,00
15718,00
0,57
5896,00
47169,00
15723,00
3930,00
0,57
23584,00
1474,00
15723,00
11792,00
4288,00
15723,00
15723,00
2050,00
23586,00
15724,00
1521,00
23591,00
0,57
2949,00
0,57
11797,00
1685,00
47188,00
11797,00
842,00
7865,00
9438,00
637,00
23597,00
4290,00
445,00
5899,00
2622,00
199,00
15733,00
6742,00
890,00
23600,00
4291,00
323,00
9440,00
4291,00
145,00
9440,00
7867,00
726,00
47204,00
5900,00
390,00
9441,00
2776,00
127,00
0,57
9441,00
1686,00
23605,00
5901,00
1049,00
15739,00
4721,00
621,00
47218,00
15739,00
1888,00
0,57
2360,00
674,00
23609,00
3147,00
387,00
0,57
47219,00
1628,00
15739,00
23609,00
1004,00
9444,00
5246,00
321,00
47227,00
15746,00
2147,00
0,57
9448,00
1687,00
23621,00
11812,00
569,00
47252,00
23626,00
1629,00
23625,00
15750,00
1243,00
0,57
15751,00
441,00
47254,00
47262,00
1277,00
47262,00
11815,00
762,00
15754,00
5908,00
289,00
5251,00
9453,00
1477,00
15755,00
15755,00
1750,00
15756,00
9453,00
727,00
15756,00
47268,00
2148,00
15758,00
15758,00
1750,00
9455,00
4727,00
525,00
11819,00
9455,00
1277,00
47278,00
15759,00
815,00
23639,00
7879,00
340,00
23639,00
9455,00
3939,00
23639,00
4727,00
1477,00
15759,00
9455,00
1477,00
0,57
15762,00
2488,00
0,57
15763,00
2251,00
23647,00
11823,00
1182,00
15766,00
11825,00
2252,00
15767,00
23650,00
1244,00
47301,00
5912,00
675,00
11825,00
7883,00
2365,00
47305,00
47305,00
1752,00
0,57
7884,00
1314,00
0,57
23653,00
2782,00
47312,00
47312,00
2252,00
0,57
23660,00
946,00
23664,00
11832,00
1972,00
47330,00
23666,00
1213,00
47332,00
9466,00
577,00
47334,00
0,57
1527,00
15780,00
15780,00
946,00
6763,00
9469,00
622,00
47347,00
47348,00
1821,00
23674,00
23674,00
1315,00
15783,00
3642,00
591,00
23674,00
9469,00
1183,00
47355,00
9471,00
861,00
7892,00
4735,00
358,00
15786,00
47358,00
5262,00
11841,00
5920,00
2255,00
15788,00
11841,00
1393,00
23685,00
47371,00
5263,00
23688,00
5264,00
1974,00
23690,00
7896,00
1155,00
15793,00
47380,00
2060,00
11845,00
9476,00
1435,00
15793,00
23690,00
717,00
11845,00
15793,00
2493,00
15794,00
7897,00
2060,00
0,57
15798,00
1215,00
23698,00
15799,00
3949,00
47398,00
0,57
2494,00
11849,00
5924,00
1030,00
47398,00
23699,00
1974,00
0,57
23699,00
1102,00
0,57
23700,00
592,00
5925,00
7902,00
729,00
9483,00
7902,00
578,00
5926,00
3161,00
230,00
11854,00
7903,00
862,00
23709,00
5269,00
460,00
5928,00
2789,00
188,00
7904,00
7904,00
521,00
15809,00
4742,00
318,00
5269,00
2496,00
123,00
15810,00
11858,00
1437,00
47433,00
9486,00
1103,00
23718,00
6776,00
474,00
47445,00
15815,00
1216,00
0,57
7907,00
832,00
0,57
11861,00
409,00
0,57
11863,00
895,00
0,57
6779,00
564,00
11864,00
4314,00
237,00
23730,00
15820,00
1318,00
0,57
15821,00
1009,00
15821,00
7910,00
416,00
0,57
15821,00
1217,00
0,57
15823,00
895,00
15825,00
7913,00
354,00
23741,00
9496,00
895,00
0,57
9497,00
539,00
7915,00
3392,00
201,00
730,00
4749,00
141,00
5277,00
7916,00
287,00
969,00
1826,00
44,00
9499,00
9500,00
413,00
15833,00
4318,00
323,00
2639,00
2639,00
54,00
3959,00
4319,00
195,00
6787,00
3167,00
193,00
950,00
1284,00
24,00
2500,00
5940,00
766,00
7920,00
11881,00
594,00
3168,00
2501,00
216,00
6791,00
15848,00
950,00
47552,00
9510,00
709,00
11888,00














































































































































































































































































































































































































































































































































































































































































































