





































































































































































































































































































































































































































































































































































































































































































































































































































































































































































































































































































































4166,00
12500,00
5882,00
5882,00
5263,00
4347,00
7692,00
11111,00
14285,00
25000,00
16666,00
12500,00
14285,00
1612,00
1960,00
2857,00
5882,00
10000,00
11111,00
8333,00
8333,00
7142,00
3571,00
3846,00
7142,00
8333,00
6250,00
11111,00
16666,00
7142,00
20000,00
8333,00
7692,00
14285,00
50000,00
11111,00
20000,00
25000,00
50000,00
20000,00
549,00
787,00
884,00
1923,00
3333,00
3125,00
2777,00
4347,00
5263,00
1666,00
2127,00
2941,00
7142,00
8333,00
12500,00
11111,00
20000,00
20000,00
2941,00
3846,00
6250,00
11111,00
16666,00
14285,00
12500,00
25000,00
50000,00
1234,00
1449,00
2000,00
4545,00
4000,00
9090,00
7142,00
6250,00
11111,00
2631,00
3571,00
6666,00
10000,00
9090,00
16666,00
25000,00
16666,00
25000,00
5263,00
6666,00
6250,00
11111,00
12500,00
16666,00
25000,00
16666,00
33333,00
1515,00
2083,00
2380,00
6666,00
6250,00
8333,00
12500,00
20000,00
12500,00
5882,00
4761,00
4166,00
14285,00
12500,00
6666,00
50000,00
25000,00
14285,00
8333,00
7692,00
5882,00
11111,00
8333,00
16666,00
33333,00
12500,00
25000,00
694,00
952,00
1041,00
2272,00
3448,00
4166,00
3125,00
4166,00
7142,00
2000,00
2777,00
3030,00
7142,00
14285,00
14285,00
7692,00
20000,00
14285,00
2941,00
4166,00
4545,00
12500,00
20000,00
16666,00
25000,00
20000,00
12500,00
1265,00
1923,00
1923,00
5000,00
7692,00
6666,00
5000,00
9090,00
9090,00
4761,00
5263,00
7692,00
20000,00
11111,00
50000,00
25000,00
33333,00
50000,00
5555,00
3703,00
7692,00
16666,00
25000,00
25000,00
50000,00
20000,00
33333,00
1851,00
2380,00
2702,00
6250,00
11111,00
11111,00
5555,00
9090,00
16666,00
5882,00
5555,00
8333,00
20000,00
25000,00
20000,00
12500,00
20000,00
16666,00
5882,00
12500,00
8333,00
16666,00
33333,00
33333,00
33333,00
14285,00
14285,00
1030,00
1694,00
1694,00
4347,00
8333,00
9090,00
7142,00
10000,00
9090,00
3846,00
4761,00
5555,00
7142,00
25000,00
25000,00
20000,00
8333,00
16666,00
5555,00
7142,00
6666,00
12500,00
10000,00
12500,00
16666,00
12500,00
14285,00
2564,00
2941,00
3448,00
12500,00
9090,00
10000,00
10000,00
20000,00
25000,00
9090,00
5263,00
14285,00
14285,00
9090,00
25000,00
16666,00
12500,00
50000,00
7692,00
12500,00
14285,00
25000,00
20000,00
12500,00
20000,00
25000,00
50000,00
2380,00
2702,00
4545,00
9090,00
16666,00
20000,00
8333,00
12500,00
9090,00
4166,00
5882,00
6250,00
25000,00
14285,00
33333,00
8333,00
3125,00
10000,00
5555,00
11111,00
5000,00
100000,00
9090,00
12500,00
14285,00
8333,00
1408,00
900,00
1492,00
1515,00
3703,00
6666,00
9090,00
6666,00
10000,00
10000,00
3030,00
4761,00
5882,00
16666,00
20000,00
33333,00
20000,00
16666,00
33333,00
5555,00
6666,00
8333,00
33333,00
50000,00
33333,00
33333,00
33333,00
50000,00
2127,00
3333,00
4347,00
9090,00
8333,00
11111,00
12500,00
14285,00
14285,00
7142,00
10000,00
9090,00
50000,00
25000,00
25000,00
100000,00
16666,00
16666,00
10000,00
7692,00
14285,00
25000,00
25000,00
20000,00
50000,00
9090,00
25000,00
3225,00
3703,00
3333,00
14285,00
14285,00
33333,00
16666,00
11111,00
12500,00
8333,00
12500,00
10000,00
50000,00
33333,00
50000,00
100000,00
33333,00
20000,00
5882,00
7142,00
4761,00
25000,00
12500,00
8333,00
8333,00
10000,00
793,00
7,00
16,00
25,00
86,00
106,00
170,00
102,00
178,00
148,00
93,00
152,00
238,00
595,00
751,00
925,00
813,00
1149,00
1282,00
165,00
378,00
358,00
854,00
1388,00
1470,00
1052,00
1960,00
1923,00
28,00
36,00
66,00
188,00
205,00
361,00
301,00
342,00
510,00
215,00
279,00
476,00
1351,00
1123,00
1923,00
1818,00
2222,00
2380,00
429,00
740,00
980,00
1818,00
2564,00
3333,00
2272,00
3448,00
4545,00
47,00
83,00
85,00
371,00
438,00
689,00
347,00
598,00
523,00
367,00
561,00
606,00
1538,00
2325,00
2857,00
2272,00
3333,00
3703,00
425,00
1111,00
1020,00
2222,00
3571,00
4545,00
2325,00
5000,00
3125,00
27,00
35,00
66,00
211,00
245,00
393,00
328,00
400,00
584,00
194,00
242,00
378,00
925,00
1333,00
1587,00
1351,00
2000,00
2127,00
436,00
602,00
598,00
1408,00
2325,00
2380,00
2127,00
2564,00
3333,00
54,00
60,00
134,00
408,00
311,00
719,00
680,00
694,00
1086,00
357,00
408,00
869,00
2173,00
1282,00
3030,00
2777,00
5263,00
5263,00
909,00
1234,00
1388,00
3333,00
4166,00
5882,00
5000,00
7142,00
7692,00
102,00
142,00
200,00
671,00
847,00
1075,00
884,00
1149,00
1369,00
555,00
606,00
1111,00
2380,00
4000,00
4761,00
3448,00
4761,00
9090,00
1219,00
1315,00
1785,00
5263,00
6666,00
9090,00
5000,00
9090,00
9090,00
48,00
82,00
90,00
273,00
413,00
452,00
353,00
568,00
485,00
245,00
347,00
363,00
917,00
1265,00
1562,00
1204,00
1818,00
2173,00
359,00
552,00
400,00
1562,00
2040,00
2380,00
1724,00
2777,00
2127,00
125,00
167,00
248,00
641,00
917,00
1052,00
854,00
1282,00
1492,00
515,00
769,00
847,00
2083,00
3030,00
3030,00
2777,00
3846,00
5263,00
826,00
1265,00
1351,00
3448,00
5882,00
6666,00
3703,00
8333,00
6250,00
115,00
226,00
192,00
806,00
1136,00
1351,00
854,00
1219,00
787,00
724,00
1075,00
1204,00
2439,00
3846,00
4761,00
3846,00
6250,00
6250,00
680,00
1587,00
813,00
4761,00
6666,00
5882,00
3448,00
6250,00
1886,00
146,00
223,00
352,00
793,00
1030,00
1265,00
1162,00
1515,00
1639,00
469,00
735,00
1136,00
1754,00
3448,00
4545,00
2564,00
4761,00
5555,00
1063,00
1492,00
1515,00
4166,00
7692,00
9090,00
5882,00
11111,00
7692,00
262,00
369,00
574,00
1030,00
1639,00
1886,00
1562,00
2083,00
3125,00
1086,00
1408,00
2222,00
3448,00
5000,00
5000,00
7142,00
11111,00
9090,00
1960,00
2777,00
4166,00
1369,00
9090,00
10000,00
9090,00
25000,00
14285,00
452,00
714,00
917,00
1388,00
2127,00
3448,00
2127,00
2857,00
4166,00
1265,00
1886,00
1851,00
7692,00
11111,00
16666,00
11111,00
9090,00
16666,00
2941,00
5263,00
6666,00
7142,00
12500,00
25000,00
20000,00
16666,00
33333,00
352,00
537,00
632,00
1315,00
1960,00
2083,00
1818,00
2631,00
3125,00
1098,00
1666,00
1923,00
3225,00
4347,00
6250,00
5555,00
6666,00
10000,00
1960,00
2777,00
3030,00
9090,00
10000,00
11111,00
8333,00
12500,00
7692,00
568,00
680,00
1333,00
2777,00
2325,00
5000,00
3846,00
4545,00
5000,00
1724,00
1428,00
3846,00
4000,00
1960,00
4347,00
12500,00
12500,00
10000,00
4000,00
6250,00
8333,00
14285,00
16666,00
25000,00
14285,00
25000,00
20000,00
833,00
1265,00
1724,00
3125,00
5882,00
4347,00
5263,00
9090,00
9090,00
2702,00
2777,00
5882,00
6666,00
12500,00
5263,00
8333,00
7142,00
8333,00
5263,00
3846,00
11111,00
16666,00
11111,00
20000,00
20000,00
33333,00
50000,00
370,00
500,00
584,00
1265,00
2083,00
2000,00
1923,00
2500,00
2941,00
1111,00
1470,00
1886,00
4545,00
7142,00
10000,00
7142,00
8333,00
14285,00
1754,00
2500,00
2631,00
9090,00
10000,00
11111,00
7142,00
16666,00
12500,00
813,00
1086,00
1282,00
2631,00
4347,00
3571,00
4347,00
4000,00
7692,00
2272,00
2941,00
5000,00
6666,00
5882,00
6250,00
14285,00
16666,00
10000,00
3846,00
5555,00
6250,00
6250,00
11111,00
2941,00
25000,00
20000,00
16666,00
1020,00
1428,00
1408,00
4000,00
5555,00
4545,00
6666,00
7692,00
4761,00
2941,00
3448,00
3846,00
9090,00
6666,00
6666,00
14285,00
7692,00
8333,00
5555,00
7692,00
6666,00
11111,00
11111,00
11111,00
25000,00
25000,00
16666,00
290,00
537,00
641,00
1639,00
2222,00
2857,00
1388,00
3125,00
2500,00
1176,00
1818,00
2000,00
5882,00
7692,00
10000,00
4000,00
10000,00
12500,00
1010,00
2631,00
2702,00
8333,00
12500,00
14285,00
3571,00
12500,00
5882,00
719,00
1265,00
1428,00
3225,00
5263,00
5555,00
3333,00
5882,00
8333,00
3030,00
5555,00
5000,00
12500,00
12500,00
25000,00
14285,00
33333,00
33333,00
3333,00
5000,00
5000,00
10000,00
16666,00
50000,00
14285,00
16666,00
20000,00
649,00
1587,00
1176,00
4347,00
7692,00
6250,00
2631,00
9090,00
7142,00
3571,00
5000,00
8333,00
16666,00
50000,00
16666,00
20000,00
33333,00
50000,00
2000,00
5555,00
3448,00
9090,00
25000,00
33333,00
16666,00
25000,00
6666,00
769,00
1176,00
1234,00
2777,00
3703,00
5555,00
3333,00
5882,00
5882,00
2380,00
3703,00
4000,00
10000,00
20000,00
16666,00
8333,00
14285,00
20000,00
3571,00
3703,00
6666,00
14285,00
20000,00
12500,00
11111,00
14285,00
25000,00
1587,00
2173,00
2325,00
7692,00
7142,00
11111,00
7142,00
11111,00
14285,00
4347,00
10000,00
10000,00
16666,00
33333,00
33333,00
14285,00
50000,00
11111,00
8333,00
5882,00
11111,00
20000,00
25000,00
25000,00
100000,00
16666,00
33333,00
1639,00
2631,00
3225,00
8333,00
8333,00
14285,00
11111,00
12500,00
20000,00
5000,00
7692,00
8333,00
33333,00
50000,00
33333,00
25000,00
16666,00
11111,00
7692,00
12500,00
12500,00
100000,00
33333,00
25000,00
16666,00
20000,00
16666,00
602,00
1020,00
1111,00
2702,00
3846,00
5263,00
3448,00
7142,00
4000,00
2000,00
3225,00
3448,00
10000,00
14285,00
25000,00
16666,00
25000,00
20000,00
2173,00
5000,00
3846,00
16666,00
25000,00
25000,00
6666,00
14285,00
5000,00
1470,00
2083,00
2380,00
8333,00
10000,00
9090,00
10000,00
8333,00
10000,00
5555,00
10000,00
9090,00
14285,00
20000,00
25000,00
33333,00
25000,00
12500,00
7692,00
11111,00
7692,00
10000,00
25000,00
20000,00
50000,00
16666,00
16666,00
1010,00
2941,00
1562,00
6666,00
9090,00
16666,00
5882,00
10000,00
2941,00
7692,00
10000,00
14285,00
25000,00
11111,00
25000,00
100000,00
20000,00
9090,00
1694,00
4761,00
1298,00
11111,00
12500,00
5555,00
4000,00
8333,00
421,00
