





































































































































































































































































































































































































































































































































































































































































































































































































































































































































































































































































































































1176,00
4000,00
2272,00
2564,00
1052,00
735,00
729,00
1886,00
452,00
1176,00
2222,00
2272,00
1492,00
4545,00
6250,00
5263,00
6666,00
3846,00
6666,00
5882,00
8333,00
7142,00
3846,00
4347,00
5555,00
5882,00
2631,00
9090,00
5555,00
7692,00
6666,00
1923,00
3030,00
2380,00
3571,00
3703,00
4000,00
2857,00
4347,00
3846,00
1724,00
2777,00
2173,00
3571,00
2040,00
4000,00
3448,00
4545,00
3571,00
1515,00
2380,00
1639,00
3125,00
2564,00
3030,00
2500,00
3703,00
2702,00
775,00
1098,00
671,00
1492,00
1470,00
1666,00
1250,00
2000,00
1612,00
3448,00
5263,00
4347,00
6666,00
2631,00
5263,00
5882,00
5555,00
6666,00
4000,00
5000,00
4166,00
5263,00
2500,00
5882,00
4545,00
5555,00
5555,00
1562,00
2564,00
1960,00
2857,00
2702,00
3703,00
2702,00
4166,00
3225,00
4166,00
7142,00
6250,00
6666,00
446,00
7692,00
5555,00
7692,00
8333,00
4000,00
7142,00
5882,00
7142,00
4166,00
11111,00
6666,00
7692,00
8333,00
2000,00
3125,00
2439,00
4000,00
3030,00
4545,00
3571,00
5000,00
4000,00
303,00
409,00
235,00
662,00
653,00
478,00
578,00
840,00
520,00
275,00
242,00
176,00
571,00
436,00
450,00
518,00
666,00
561,00
66,00
58,00
38,00
178,00
132,00
106,00
224,00
207,00
119,00
909,00
1162,00
735,00
1428,00
1666,00
1694,00
1250,00
1666,00
1639,00
719,00
925,00
800,00
1369,00
1250,00
1639,00
1052,00
1492,00
1449,00
332,00
304,00
228,00
636,00
540,00
485,00
609,00
833,00
591,00
1041,00
1666,00
1470,00
1960,00
2777,00
2272,00
1587,00
2564,00
2380,00
869,00
1388,00
1219,00
1612,00
2380,00
2272,00
1428,00
2272,00
2000,00
476,00
763,00
546,00
869,00
1315,00
1111,00
735,00
1136,00
869,00
813,00
1162,00
602,00
1428,00
1333,00
1000,00
1492,00
1666,00
1315,00
625,00
502,00
478,00
1388,00
645,00
952,00
1408,00
1204,00
1351,00
201,00
143,00
98,00
500,00
278,00
251,00
613,00
492,00
293,00
1818,00
2040,00
1538,00
2631,00
1694,00
2127,00
3448,00
2702,00
2631,00
1785,00
1408,00
1470,00
2941,00
781,00
2040,00
3225,00
2500,00
2777,00
740,00
546,00
409,00
1250,00
485,00
591,00
1449,00
1315,00
847,00
3030,00
4545,00
2941,00
4347,00
4545,00
4000,00
4347,00
5263,00
5263,00
2631,00
3225,00
3125,00
5263,00
5555,00
5000,00
4166,00
2222,00
5882,00
1388,00
1818,00
952,00
2439,00
2439,00
2631,00
2127,00
2857,00
1818,00
1408,00
2325,00
1369,00
2857,00
3333,00
2500,00
2272,00
3030,00
2564,00
1136,00
1724,00
1162,00
2127,00
3030,00
2631,00
1886,00
2702,00
2325,00
446,00
487,00
243,00
1111,00
934,00
704,00
961,00
1315,00
558,00
3125,00
5882,00
2857,00
4545,00
4347,00
4347,00
5000,00
9090,00
7142,00
2500,00
3846,00
3333,00
5263,00
8333,00
7142,00
3846,00
5555,00
5263,00
1298,00
2000,00
1190,00
2040,00
2777,00
1960,00
1923,00
3448,00
1785,00
3571,00
5555,00
4166,00
7692,00
2439,00
9090,00
7142,00
9090,00
5882,00
3030,00
5555,00
4166,00
5882,00
7142,00
7142,00
5882,00
7142,00
7692,00
1562,00
2439,00
1204,00
3125,00
3225,00
3448,00
2325,00
4000,00
1754,00
340,00
657,00
375,00
746,00
1190,00
961,00
581,00
1020,00
689,00
346,00
543,00
478,00
636,00
925,00
781,00
564,00
892,00
740,00
161,00
264,00
131,00
332,00
526,00
436,00
269,00
446,00
321,00
917,00
1492,00
1204,00
1666,00
2857,00
1960,00
1176,00
1886,00
1666,00
769,00
1204,00
1000,00
1515,00
2439,00
1886,00
1250,00
2040,00
1587,00
380,00
606,00
537,00
709,00
1176,00
909,00
632,00
1010,00
854,00
1136,00
1818,00
1369,00
2040,00
3448,00
2941,00
1351,00
3225,00
2083,00
990,00
1515,00
1388,00
1724,00
2631,00
2272,00
1694,00
2564,00
2272,00
448,00
729,00
636,00
869,00
1388,00
1190,00
840,00
1282,00
1111,00
1219,00
1818,00
1428,00
2040,00
3333,00
2083,00
1785,00
2702,00
2325,00
1063,00
1492,00
1351,00
1754,00
3030,00
2127,00
1515,00
2500,00
1960,00
512,00
671,00
436,00
917,00
1515,00
1162,00
833,00
1234,00
1052,00
2127,00
4545,00
2564,00
3846,00
3571,00
3333,00
2500,00
4000,00
2941,00
2040,00
3030,00
2083,00
4545,00
5000,00
6250,00
3225,00
4761,00
4347,00
1063,00
1785,00
1190,00
2173,00
3448,00
2702,00
1886,00
3030,00
2272,00
3030,00
4545,00
4166,00
3333,00
6666,00
4000,00
2777,00
4761,00
4347,00
2777,00
4545,00
4347,00
4761,00
6250,00
6666,00
5000,00
7142,00
6666,00
1265,00
2173,00
1694,00
2272,00
4000,00
3225,00
2564,00
3703,00
2564,00
1052,00
2040,00
1234,00
2173,00
4000,00
2941,00
1298,00
3333,00
2127,00
1250,00
1851,00
1515,00
2040,00
3571,00
3333,00
1923,00
3448,00
2777,00
568,00
952,00
354,00
1098,00
1666,00
1538,00
1030,00
1492,00
1149,00
2777,00
4761,00
3333,00
4000,00
7142,00
4166,00
1754,00
4347,00
4166,00
2702,00
4545,00
3333,00
6666,00
7692,00
7142,00
3703,00
5000,00
5882,00
1265,00
1960,00
1666,00
2564,00
4000,00
3703,00
2439,00
3225,00
3333,00
1694,00
7142,00
2857,00
5263,00
6250,00
5263,00
448,00
3846,00
2040,00
3125,00
6250,00
5555,00
7142,00
6250,00
7692,00
4545,00
5882,00
8333,00
1351,00
2631,00
1754,00
3448,00
4761,00
4545,00
2631,00
5263,00
2222,00
460,00
729,00
561,00
793,00
1234,00
961,00
684,00
1000,00
884,00
367,00
571,00
471,00
689,00
1063,00
892,00
561,00
892,00
781,00
178,00
246,00
153,00
338,00
505,00
383,00
290,00
460,00
392,00
961,00
1562,00
1282,00
1851,00
3125,00
1960,00
1587,00
2500,00
2272,00
847,00
1265,00
1162,00
1639,00
2857,00
2083,00
1388,00
2127,00
1785,00
389,00
606,00
546,00
657,00
1190,00
943,00
657,00
1052,00
943,00
1298,00
1960,00
1694,00
2631,00
3703,00
3225,00
2083,00
3125,00
2702,00
1000,00
1492,00
1282,00
1923,00
3333,00
2564,00
1923,00
2857,00
2439,00
515,00
813,00
709,00
1000,00
1562,00
1265,00
869,00
1282,00
1149,00
1333,00
1960,00
1666,00
2325,00
2857,00
2564,00
2040,00
3125,00
2272,00
1086,00
1666,00
1369,00
1923,00
2702,00
2222,00
1694,00
2564,00
2380,00
578,00
689,00
507,00
970,00
1351,00
1282,00
833,00
1136,00
1265,00
2777,00
4166,00
4347,00
6250,00
5000,00
5882,00
3703,00
4166,00
5555,00
2439,00
4166,00
3225,00
4166,00
2564,00
3448,00
4166,00
5000,00
5263,00
1234,00
1818,00
1333,00
2439,00
2857,00
2857,00
2040,00
3125,00
2040,00
4000,00
5555,00
5000,00
5882,00
4166,00
9090,00
4761,00
6250,00
8333,00
3333,00
5263,00
4166,00
5555,00
7692,00
5882,00
5555,00
5000,00
6250,00
1515,00
2272,00
2040,00
2857,00
4761,00
4347,00
2564,00
4000,00
3448,00
1408,00
2222,00
1923,00
3030,00
3846,00
3448,00
2173,00
4000,00
3225,00
1315,00
2040,00
1785,00
2439,00
3846,00
3571,00
2127,00
3333,00
2941,00
645,00
1052,00
671,00
1204,00
1886,00
1282,00
970,00
1562,00
1369,00
3225,00
5882,00
2777,00
5263,00
5555,00
7142,00
3225,00
4166,00
5882,00
3225,00
4545,00
4000,00
5263,00
6666,00
5882,00
4545,00
5882,00
6250,00
1369,00
2040,00
1666,00
2500,00
3225,00
2000,00
2222,00
4000,00
3225,00
4545,00
6666,00
5882,00
8333,00
5882,00
11111,00
1219,00
7692,00
9090,00
3448,00
5882,00
4545,00
7692,00
10000,00
8333,00
5555,00
5882,00
8333,00
1724,00
2777,00
2564,00
3703,00
6250,00
3571,00
2941,00
5000,00
3448,00
238,00
487,00
204,00
581,00
952,00
628,00
495,00
763,00
386,00
270,00
421,00
261,00
471,00
746,00
558,00
452,00
699,00
526,00
62,00
89,00
36,00
223,00
227,00
141,00
162,00
243,00
92,00
709,00
1111,00
917,00
1204,00
2000,00
1666,00
1162,00
1666,00
1587,00
571,00
925,00
763,00
1098,00
1785,00
1428,00
980,00
1515,00
1369,00
300,00
471,00
281,00
561,00
862,00
574,00
487,00
704,00
555,00
840,00
1315,00
1010,00
1562,00
2631,00
1960,00
1333,00
2325,00
1587,00
775,00
1204,00
1075,00
1315,00
2173,00
1851,00
1333,00
1960,00
1724,00
362,00
621,00
344,00
729,00
1136,00
900,00
632,00
1020,00
515,00
900,00
1265,00
714,00
1612,00
2325,00
1562,00
1562,00
2127,00
1538,00
740,00
1282,00
675,00
1408,00
1785,00
1562,00
1234,00
1886,00
1428,00
251,00
239,00
125,00
671,00
729,00
398,00
591,00
606,00
294,00
1851,00
2380,00
1639,00
4000,00
4761,00
2777,00
3125,00
4000,00
2702,00
1612,00
2380,00
1724,00
4166,00
3448,00
3448,00
2941,00
3846,00
3333,00
854,00
877,00
497,00
1538,00
1219,00
952,00
1408,00
1724,00
769,00
2325,00
3703,00
2941,00
4545,00
6666,00
5263,00
3571,00
5555,00
4347,00
2083,00
3571,00
3030,00
4347,00
4761,00
4761,00
3448,00
5263,00
4347,00
1098,00
1612,00
869,00
1923,00
3125,00
2000,00
1694,00
2702,00
1428,00
847,00
1694,00
819,00
2083,00
3030,00
2083,00
1724,00
3030,00
1388,00
961,00
1388,00
1162,00
1612,00
2702,00
2222,00
1562,00
2325,00
1960,00
268,00
531,00
153,00
877,00
1086,00
549,00
671,00
1204,00
271,00
2173,00
4000,00
2631,00
3703,00
5263,00
5000,00
4000,00
5263,00
5000,00
2040,00
2857,00
2439,00
4545,00
5882,00
4166,00
3571,00
4347,00
4545,00
1000,00
1724,00
943,00
1851,00
2631,00
2083,00
1587,00
2702,00
1315,00
1886,00
5555,00
2631,00
5263,00
7692,00
8333,00
2040,00
7142,00
2702,00
2380,00
3846,00
3125,00
5263,00
7692,00
7142,00
4000,00
5882,00
5263,00
925,00
1923,00
574,00
2325,00
3846,00
2272,00
1515,00
3225,00
203,00
