





































































































































































































































































































































































































































































































































































































































































































































































































































































































































































































































































































































5000,00
1204,00
5263,00
25000,00
1052,00
4166,00
16666,00
862,00
3225,00
8333,00
1754,00
8333,00
7692,00
806,00
6250,00
11111,00
1149,00
8333,00
12500,00
1515,00
10000,00
20000,00
1282,00
9090,00
20000,00
862,00
4000,00
10000,00
1666,00
11111,00
20000,00
1515,00
6250,00
20000,00
1538,00
7142,00
16666,00
1639,00
12500,00
10000,00
139,00
2941,00
5882,00
188,00
2439,00
7692,00
361,00
4347,00
7692,00
263,00
4000,00
5263,00
284,00
3448,00
10000,00
432,00
3846,00
8333,00
367,00
3846,00
7142,00
452,00
3571,00
6666,00
591,00
6666,00
9090,00
581,00
6250,00
14285,00
617,00
5000,00
11111,00
1449,00
8333,00
25000,00
847,00
5555,00
16666,00
625,00
3448,00
11111,00
1470,00
8333,00
20000,00
1020,00
5882,00
14285,00
943,00
6666,00
12500,00
1190,00
9090,00
2325,00
1149,00
8333,00
20000,00
1369,00
11111,00
11111,00
1818,00
10000,00
14285,00
1538,00
8333,00
20000,00
1282,00
6666,00
16666,00
1162,00
8333,00
1123,00
1315,00
9090,00
20000,00
1369,00
5882,00
12500,00
1428,00
9090,00
1694,00
79,00
1111,00
2500,00
113,00
1470,00
3030,00
188,00
1587,00
2941,00
155,00
1408,00
2564,00
214,00
1538,00
3571,00
261,00
1818,00
3703,00
215,00
1369,00
2941,00
251,00
1724,00
3703,00
306,00
1818,00
3448,00
416,00
2777,00
6250,00
495,00
4545,00
7142,00
649,00
4000,00
8333,00
529,00
4166,00
8333,00
649,00
5263,00
9090,00
714,00
5263,00
14285,00
549,00
3225,00
9090,00
704,00
6250,00
9090,00
909,00
5000,00
11111,00
546,00
3125,00
5263,00
584,00
3846,00
8333,00
671,00
3571,00
11111,00
613,00
4166,00
7692,00
775,00
6250,00
10000,00
800,00
5882,00
14285,00
714,00
5000,00
10000,00
740,00
5555,00
14285,00
900,00
4761,00
12500,00
130,00
2702,00
5882,00
181,00
2702,00
5555,00
289,00
3030,00
6250,00
250,00
2777,00
6250,00
323,00
2941,00
7142,00
442,00
2564,00
6250,00
375,00
2857,00
6666,00
421,00
3333,00
6666,00
546,00
4545,00
7142,00
833,00
5555,00
14285,00
854,00
5555,00
16666,00
1250,00
6250,00
12500,00
1176,00
7142,00
12500,00
909,00
5882,00
12500,00
1515,00
4166,00
12500,00
1086,00
5882,00
14285,00
1204,00
5882,00
11111,00
1587,00
6250,00
10000,00
990,00
5555,00
14285,00
1052,00
6250,00
16666,00
1123,00
5882,00
12500,00
1136,00
4761,00
8333,00
1219,00
7142,00
12500,00
1098,00
2127,00
12500,00
1234,00
5555,00
9090,00
1449,00
6666,00
11111,00
1538,00
7142,00
16666,00
157,00
2857,00
6250,00
235,00
3448,00
5882,00
300,00
3571,00
6666,00
326,00
4000,00
6250,00
355,00
3333,00
7142,00
502,00
3225,00
7142,00
316,00
3225,00
6666,00
436,00
3846,00
10000,00
549,00
4761,00
8333,00
689,00
3846,00
11111,00
819,00
7142,00
16666,00
1075,00
6250,00
16666,00
1010,00
5555,00
12500,00
980,00
4761,00
12500,00
1351,00
5882,00
14285,00
1086,00
7142,00
12500,00
1086,00
7142,00
20000,00
1333,00
4166,00
12500,00
1041,00
5263,00
16666,00
1219,00
6666,00
12500,00
1639,00
7692,00
20000,00
1315,00
7692,00
16666,00
1449,00
8333,00
20000,00
1754,00
8333,00
12500,00
1204,00
8333,00
14285,00
1754,00
8333,00
25000,00
1333,00
5263,00
6666,00
12,00
526,00
833,00
32,00
847,00
1666,00
44,00
943,00
1562,00
48,00
819,00
1694,00
74,00
980,00
2083,00
134,00
1123,00
1923,00
59,00
943,00
1886,00
112,00
1075,00
2272,00
127,00
1136,00
2127,00
166,00
1639,00
2941,00
239,00
2000,00
4761,00
395,00
2325,00
4761,00
284,00
2173,00
5000,00
411,00
2439,00
6250,00
467,00
3030,00
5000,00
359,00
2380,00
5000,00
442,00
3125,00
7142,00
510,00
3571,00
7142,00
219,00
1923,00
2857,00
380,00
2173,00
5000,00
398,00
2222,00
3703,00
363,00
2083,00
4166,00
446,00
2941,00
5882,00
483,00
3030,00
4545,00
377,00
2380,00
4000,00
478,00
3125,00
5555,00
518,00
3846,00
4545,00
37,00
1149,00
1694,00
56,00
1666,00
2702,00
101,00
1666,00
3703,00
84,00
1562,00
3125,00
123,00
1851,00
4166,00
211,00
2083,00
4761,00
119,00
1639,00
3703,00
178,00
1724,00
4545,00
283,00
2325,00
5000,00
343,00
3225,00
7692,00
392,00
4545,00
7692,00
632,00
4347,00
9090,00
526,00
5000,00
10000,00
666,00
5263,00
14285,00
892,00
5000,00
11111,00
552,00
5263,00
12500,00
724,00
6666,00
12500,00
934,00
6250,00
14285,00
432,00
2564,00
6666,00
625,00
3125,00
4166,00
735,00
5000,00
8333,00
675,00
4761,00
9090,00
840,00
7142,00
12500,00
934,00
5882,00
11111,00
699,00
4545,00
8333,00
925,00
5555,00
11111,00
1123,00
7692,00
10000,00
41,00
1219,00
2439,00
84,00
1851,00
3703,00
87,00
2222,00
2777,00
99,00
1694,00
3125,00
161,00
2222,00
4545,00
240,00
2564,00
5263,00
90,00
1369,00
1176,00
198,00
2222,00
4545,00
201,00
2500,00
3225,00
327,00
3125,00
5263,00
480,00
4761,00
9090,00
649,00
4347,00
8333,00
518,00
4545,00
6250,00
775,00
5882,00
12500,00
970,00
6250,00
11111,00
558,00
5555,00
8333,00
813,00
6250,00
9090,00
943,00
6250,00
12500,00
411,00
4545,00
6666,00
751,00
5882,00
7692,00
714,00
5000,00
7692,00
769,00
5263,00
7692,00
925,00
6666,00
14285,00
1111,00
6666,00
10000,00
621,00
4761,00
4761,00
909,00
3846,00
5000,00
781,00
5263,00
5263,00
21,00
625,00
1754,00
31,00
1000,00
1470,00
63,00
1219,00
2272,00
47,00
1041,00
2083,00
60,00
1369,00
2272,00
129,00
1408,00
2439,00
76,00
1176,00
2173,00
109,00
1388,00
2380,00
186,00
1515,00
2857,00
171,00
1886,00
5000,00
210,00
2777,00
4761,00
342,00
3225,00
7142,00
277,00
2631,00
6666,00
354,00
2702,00
7142,00
495,00
3703,00
8333,00
322,00
2777,00
7692,00
274,00
3571,00
9090,00
571,00
4545,00
8333,00
304,00
2272,00
4761,00
431,00
2857,00
6250,00
492,00
3448,00
6666,00
434,00
3225,00
4000,00
518,00
3571,00
7692,00
581,00
4166,00
7692,00
454,00
2941,00
5882,00
531,00
3846,00
8333,00
632,00
4000,00
7692,00
35,00
1149,00
3225,00
46,00
1190,00
3448,00
108,00
1886,00
4000,00
69,00
1886,00
4545,00
60,00
1315,00
3703,00
209,00
2500,00
5882,00
116,00
2000,00
4347,00
164,00
2272,00
5263,00
283,00
2564,00
5555,00
276,00
3703,00
11111,00
371,00
3448,00
16666,00
793,00
5555,00
10000,00
318,00
4545,00
14285,00
219,00
1234,00
5555,00
952,00
4545,00
16666,00
446,00
5882,00
14285,00
621,00
4761,00
10000,00
961,00
6250,00
14285,00
462,00
5000,00
8333,00
757,00
5555,00
10000,00
900,00
7142,00
14285,00
689,00
5882,00
9090,00
709,00
6666,00
9090,00
1030,00
6666,00
9090,00
675,00
6250,00
14285,00
1020,00
6666,00
9090,00
1086,00
9090,00
14285,00
53,00
1298,00
2702,00
78,00
1562,00
4347,00
122,00
2272,00
4000,00
100,00
2083,00
3030,00
141,00
2941,00
5263,00
230,00
3125,00
4761,00
133,00
2325,00
4761,00
177,00
2631,00
4545,00
279,00
3846,00
6250,00
309,00
3846,00
7142,00
367,00
5882,00
7142,00
704,00
6250,00
10000,00
469,00
4545,00
14285,00
568,00
3703,00
9090,00
1063,00
9090,00
16666,00
561,00
5882,00
7692,00
534,00
4166,00
2857,00
952,00
10000,00
7692,00
591,00
6250,00
11111,00
833,00
7142,00
12500,00
1063,00
6250,00
16666,00
900,00
7142,00
11111,00
990,00
7142,00
16666,00
1176,00
5555,00
12500,00
714,00
7142,00
16666,00
800,00
8333,00
12500,00
1190,00
9090,00
14285,00
20,00
699,00
1149,00
40,00
826,00
1724,00
45,00
943,00
1754,00
57,00
819,00
1724,00
79,00
1010,00
2000,00
126,00
1162,00
2083,00
64,00
847,00
1612,00
116,00
1063,00
1851,00
109,00
1219,00
2222,00
208,00
1639,00
3703,00
288,00
2083,00
5000,00
373,00
2325,00
5882,00
310,00
2083,00
4761,00
390,00
2702,00
6250,00
442,00
3333,00
6250,00
336,00
2325,00
5000,00
425,00
3333,00
7142,00
465,00
3846,00
6250,00
267,00
1754,00
2777,00
343,00
2000,00
4545,00
400,00
2439,00
4166,00
358,00
2272,00
4166,00
436,00
3333,00
5555,00
460,00
3571,00
5555,00
333,00
2380,00
4545,00
438,00
3125,00
5882,00
471,00
3448,00
4347,00
47,00
1408,00
2325,00
69,00
1612,00
3125,00
106,00
1694,00
4000,00
96,00
1562,00
2941,00
122,00
1960,00
4761,00
208,00
2173,00
4347,00
128,00
1587,00
3448,00
195,00
1818,00
4347,00
252,00
2173,00
4166,00
362,00
3448,00
5555,00
476,00
4166,00
8333,00
641,00
4761,00
8333,00
490,00
4000,00
6250,00
574,00
3846,00
10000,00
917,00
7142,00
8333,00
571,00
4347,00
9090,00
746,00
4761,00
8333,00
806,00
4761,00
6666,00
523,00
3448,00
6666,00
694,00
5000,00
9090,00
746,00
5000,00
7692,00
632,00
4347,00
7692,00
781,00
6250,00
7142,00
862,00
4761,00
6250,00
694,00
4347,00
10000,00
884,00
6250,00
5882,00
917,00
6666,00
6666,00
40,00
1449,00
2040,00
81,00
1639,00
3846,00
74,00
2040,00
2631,00
108,00
1923,00
3333,00
145,00
2040,00
4761,00
223,00
2380,00
4545,00
87,00
1754,00
2564,00
183,00
2127,00
4166,00
117,00
2564,00
1666,00
344,00
3448,00
8333,00
500,00
4545,00
11111,00
628,00
4347,00
9090,00
523,00
4761,00
11111,00
543,00
3333,00
9090,00
793,00
5882,00
7142,00
473,00
4761,00
10000,00
653,00
4166,00
9090,00
628,00
4166,00
5555,00
400,00
5000,00
7142,00
757,00
6250,00
10000,00
671,00
5000,00
4166,00
763,00
5555,00
9090,00
877,00
4166,00
11111,00
980,00
5555,00
6250,00
427,00
4545,00
6250,00
719,00
5263,00
6666,00
263,00
2631,00
364,00
