














































































































































































































































































































































































































































































































































































































































































































































































3448,00
4166,00
1639,00
3125,00
3225,00
297,00
420,00
492,00
389,00
432,00
628,00
364,00
505,00
568,00
1351,00
1694,00
2000,00
1694,00
1492,00
3703,00
1612,00
1960,00
2857,00
2631,00
2941,00
4347,00
4166,00
4166,00
6666,00
3333,00
4166,00
5000,00
390,00
534,00
561,00
512,00
662,00
800,00
361,00
518,00
591,00
1449,00
2000,00
2500,00
2702,00
2564,00
4347,00
1492,00
1639,00
2380,00
3571,00
4000,00
5882,00
5882,00
7692,00
11111,00
4761,00
7692,00
7692,00
813,00
1176,00
1923,00
1234,00
1923,00
2564,00
1111,00
1612,00
2222,00
2702,00
1886,00
5000,00
4761,00
7142,00
10000,00
3846,00
5882,00
7142,00
7692,00
10000,00
12500,00
10000,00
14285,00
14285,00
6666,00
14285,00
12500,00
1724,00
2500,00
3448,00
2439,00
2702,00
4545,00
1785,00
2777,00
3703,00
7692,00
5882,00
10000,00
9090,00
5882,00
10000,00
10000,00
7692,00
11111,00
12500,00
16666,00
25000,00
20000,00
16666,00
20000,00
16666,00
25000,00
20000,00
2380,00
3703,00
4545,00
3571,00
4761,00
4761,00
2777,00
4347,00
4761,00
6666,00
7692,00
20000,00
10000,00
20000,00
33333,00
8333,00
10000,00
16666,00
14285,00
14285,00
33333,00
25000,00
33333,00
33333,00
20000,00
25000,00
25000,00
3125,00
5000,00
6250,00
5000,00
9090,00
10000,00
4166,00
7692,00
7142,00
14285,00
16666,00
25000,00
20000,00
25000,00
25000,00
11111,00
9090,00
12500,00
11111,00
10000,00
33333,00
50000,00
20000,00
33333,00
20000,00
25000,00
33333,00
6250,00
8333,00
10000,00
10000,00
16666,00
10000,00
7142,00
11111,00
11111,00
16666,00
14285,00
20000,00
25000,00
20000,00
50000,00
20000,00
25000,00
25000,00
20000,00
33333,00
50000,00
33333,00
50000,00
33333,00
33333,00
20000,00
20000,00
9090,00
9090,00
16666,00
20000,00
25000,00
20000,00
8333,00
10000,00
16666,00
25000,00
14285,00
16666,00
33333,00
25000,00
33333,00
20000,00
50000,00
25000,00
33333,00
25000,00
33333,00
50000,00
100000,00
50000,00
33333,00
50000,00
100000,00
297,00
454,00
595,00
431,00
537,00
833,00
403,00
531,00
689,00
1265,00
1639,00
2127,00
1785,00
2631,00
3030,00
1666,00
2222,00
3030,00
3448,00
4761,00
4761,00
4000,00
5000,00
7142,00
3333,00
5263,00
5555,00
568,00
714,00
1010,00
636,00
413,00
1020,00
684,00
724,00
1052,00
2564,00
2500,00
4761,00
2702,00
1063,00
4347,00
3030,00
2702,00
3571,00
5263,00
7692,00
10000,00
6666,00
5882,00
11111,00
7142,00
8333,00
8333,00
800,00
934,00
1020,00
1086,00
1000,00
1428,00
775,00
917,00
943,00
3571,00
3030,00
5555,00
4347,00
3703,00
5882,00
2173,00
2631,00
3125,00
7692,00
8333,00
11111,00
12500,00
11111,00
12500,00
10000,00
16666,00
11111,00
1234,00
2500,00
3448,00
2272,00
2222,00
4545,00
2500,00
4000,00
4000,00
5000,00
6666,00
10000,00
7692,00
5263,00
12500,00
11111,00
9090,00
11111,00
14285,00
20000,00
33333,00
20000,00
20000,00
20000,00
20000,00
14285,00
16666,00
2777,00
3125,00
6666,00
2564,00
1149,00
5882,00
4166,00
4545,00
5882,00
7142,00
6250,00
20000,00
4545,00
480,00
5882,00
9090,00
5263,00
9090,00
50000,00
50000,00
50000,00
25000,00
12500,00
20000,00
33333,00
20000,00
20000,00
4000,00
7142,00
8333,00
6666,00
5263,00
7692,00
4761,00
5555,00
5000,00
14285,00
12500,00
16666,00
9090,00
8333,00
14285,00
11111,00
10000,00
6666,00
25000,00
50000,00
33333,00
25000,00
25000,00
50000,00
100000,00
33333,00
50000,00
5555,00
11111,00
16666,00
7692,00
12500,00
20000,00
11111,00
16666,00
11111,00
20000,00
25000,00
25000,00
25000,00
20000,00
33333,00
50000,00
33333,00
25000,00
20000,00
33333,00
25000,00
100000,00
20000,00
50000,00
20000,00
33333,00
50000,00
12500,00
20000,00
25000,00
14285,00
20000,00
25000,00
14285,00
7142,00
33333,00
50000,00
33333,00
50000,00
100000,00
16666,00
33333,00
33333,00
25000,00
50000,00
33333,00
50000,00
33333,00
100000,00
20000,00
100000,00
25000,00
100000,00
100000,00
12500,00
20000,00
33333,00
50000,00
50000,00
33333,00
14285,00
25000,00
16666,00
100000,00
100000,00
50000,00
33333,00
33333,00
100000,00
50000,00
100000,00
33333,00
100000,00
100000,00
100000,00
25000,00
100000,00
33333,00
100000,00
100000,00
100000,00
606,00
884,00
1052,00
819,00
1010,00
1075,00
709,00
990,00
1086,00
2564,00
2857,00
2857,00
4000,00
5882,00
6666,00
2702,00
5000,00
4545,00
5263,00
7692,00
6666,00
5882,00
10000,00
12500,00
5882,00
9090,00
10000,00
1162,00
1538,00
1818,00
1515,00
1639,00
2040,00
961,00
1492,00
1612,00
5000,00
6250,00
11111,00
6250,00
6250,00
7692,00
2631,00
7142,00
7142,00
9090,00
12500,00
16666,00
7142,00
14285,00
14285,00
12500,00
20000,00
12500,00
1388,00
1562,00
2222,00
1282,00
2083,00
2173,00
1123,00
1724,00
1754,00
4166,00
4166,00
6666,00
5263,00
9090,00
5263,00
4000,00
5882,00
6250,00
11111,00
11111,00
20000,00
14285,00
14285,00
16666,00
14285,00
16666,00
11111,00
3225,00
5555,00
5263,00
4545,00
6666,00
7142,00
4545,00
6250,00
6250,00
14285,00
16666,00
12500,00
25000,00
33333,00
25000,00
20000,00
12500,00
33333,00
20000,00
20000,00
20000,00
33333,00
25000,00
50000,00
33333,00
25000,00
16666,00
5000,00
11111,00
14285,00
7142,00
6666,00
12500,00
4761,00
10000,00
14285,00
33333,00
33333,00
50000,00
33333,00
20000,00
50000,00
16666,00
25000,00
25000,00
16666,00
14285,00
50000,00
50000,00
16666,00
25000,00
50000,00
25000,00
20000,00
6666,00
8333,00
12500,00
7692,00
9090,00
11111,00
6250,00
14285,00
8333,00
16666,00
16666,00
25000,00
50000,00
25000,00
16666,00
10000,00
7142,00
12500,00
50000,00
33333,00
100000,00
20000,00
100000,00
20000,00
33333,00
50000,00
20000,00
12500,00
16666,00
20000,00
11111,00
20000,00
16666,00
16666,00
14285,00
20000,00
50000,00
20000,00
25000,00
100000,00
100000,00
100000,00
50000,00
100000,00
50000,00
33333,00
50000,00
50000,00
33333,00
100000,00
50000,00
50000,00
100000,00
100000,00
20000,00
20000,00
20000,00
20000,00
33333,00
25000,00
16666,00
20000,00
50000,00
16666,00
25000,00
33333,00
100000,00
100000,00
100000,00
100000,00
100000,00
50000,00
50000,00
25000,00
100000,00
33333,00
100000,00
100000,00
100000,00
50000,00
50000,00
16666,00
33333,00
50000,00
25000,00
100000,00
100000,00
25000,00
100000,00
33333,00
25000,00
100000,00
33333,00
50000,00
33333,00
50000,00
100000,00
100000,00
100000,00
33333,00
100000,00
100000,00
50000,00
100000,00
33333,00
33333,00
20000,00
20000,00
471,00
970,00
1063,00
970,00
1449,00
1754,00
680,00
1149,00
1219,00
2857,00
4347,00
3846,00
4000,00
5555,00
5555,00
3333,00
4347,00
4761,00
4000,00
7142,00
5263,00
5882,00
10000,00
9090,00
4761,00
7142,00
6666,00
1136,00
1886,00
2000,00
1492,00
2272,00
2564,00
1333,00
1923,00
2272,00
3846,00
7692,00
6666,00
6666,00
11111,00
11111,00
5000,00














































































































































































































































































































































































































































































































































































































































































































