





































































































































































































































































































































































































































































































































































































































































































































































































































































































































































































































































































































5351,00
1208,00
3406,00
18733,00
3747,00
18736,00
12490,00
1441,00
5353,00
37476,00
2676,00
9369,00
7495,00
1338,00
18740,00
12493,00
1441,00
4685,00
9370,00
1338,00
7496,00
9371,00
1703,00
12496,00
37491,00
1874,00
3749,00
9373,00
1249,00
7498,00
12499,00
1499,00
9373,00
18752,00
2678,00
6250,00
9376,00
2885,00
3750,00
9377,00
220,00
4689,00
6252,00
329,00
4168,00
9379,00
360,00
3752,00
12509,00
1072,00
5361,00
7506,00
893,00
7506,00
9383,00
750,00
6255,00
7507,00
1443,00
5362,00
18768,00
1173,00
6256,00
469,00
1042,00
12512,00
9384,00
853,00
9384,00
18768,00
658,00
3412,00
9384,00
766,00
3412,00
12512,00
1877,00
12514,00
9385,00
1137,00
4693,00
12515,00
1251,00
3754,00
18774,00
1877,00
12517,00
37553,00
2086,00
6259,00
37559,00
1564,00
9390,00
18783,00
766,00
6262,00
18787,00
1105,00
7515,00
18788,00
722,00
3757,00
12527,00
1977,00
9395,00
12527,00
1789,00
2890,00
6263,00
1789,00
4697,00
12527,00
2891,00
12528,00
767,00
3132,00
4176,00
37586,00
2210,00
5369,00
3759,00
329,00
1212,00
4176,00
723,00
9400,00
5371,00
569,00
4178,00
9402,00
1343,00
6268,00
5373,00
1880,00
458,00
7522,00
917,00
4701,00
18806,00
1393,00
5373,00
37614,00
1504,00
9404,00
12538,00
1791,00
12541,00
597,00
1140,00
9407,00
6271,00
990,00
9407,00
6271,00
917,00
4704,00
12547,00
2895,00
37645,00
12548,00
1568,00
6274,00
7529,00
1711,00
18826,00
12552,00
1982,00
4708,00
9417,00
1712,00
12558,00
18838,00
1883,00
12559,00
37680,00
991,00
6280,00
6280,00
1395,00
5383,00
12562,00
1570,00
6281,00
12565,00
4188,00
12565,00
37697,00
3427,00
9424,00
37698,00
2692,00
7539,00
12566,00
4188,00
12566,00
12566,00
4188,00
12566,00
18850,00
3141,00
37702,00
18851,00
754,00
18851,00
6283,00
628,00
9426,00
4713,00
739,00
9426,00
2218,00
2094,00
12569,00
12569,00
1508,00
9430,00
9430,00
1450,00
7544,00
12573,00
1985,00
6287,00
7544,00
1450,00
37726,00
37726,00
1985,00
18863,00
37727,00
1347,00
6288,00
18865,00
1048,00
7546,00
9433,00
1715,00
7547,00
18871,00
2516,00
9435,00
7548,00
2220,00
6292,00
12585,00
1887,00
7552,00
12586,00
2360,00
37764,00
37764,00
1888,00
12589,00
9441,00
3433,00
7553,00
9442,00
2221,00
37772,00
12591,00
1399,00
5396,00
12592,00
1218,00
9444,00
12592,00
2098,00
37778,00
37778,00
3148,00
9444,00
37780,00
1511,00
1988,00
7556,00
1988,00
18892,00
37787,00
2906,00
9446,00
18895,00
2906,00
7558,00
5399,00
366,00
5399,00
9449,00
503,00
3436,00
9450,00
484,00
7560,00
7560,00
1303,00
7560,00
37804,00
1718,00
9452,00
12606,00
922,00
18910,00
406,00
1112,00
18913,00
9457,00
1080,00
18914,00
18914,00
970,00
7567,00
12612,00
1351,00
18919,00
12613,00
1220,00
18918,00
9459,00
1022,00
9463,00
37852,00
2226,00
37866,00
12621,00
2704,00
37865,00
37867,00
1514,00
9466,00
12622,00
2912,00
37870,00
37871,00
2524,00
9467,00
18937,00
2104,00
9469,00
37879,00
1578,00
18940,00
37880,00
1894,00
18940,00
621,00
1457,00
37883,00
37884,00
3789,00
18945,00
12630,00
2706,00
12631,00
37895,00
2229,00
6317,00
9475,00
2526,00
715,00
37907,00
2527,00
37908,00
37908,00
2106,00
6318,00
4212,00
89,00
1307,00
1222,00
184,00
3446,00
2916,00
164,00
3159,00
2527,00
806,00
6320,00
6320,00
806,00
7584,00
6320,00
665,00
4213,00
5417,00
480,00
5417,00
7584,00
715,00
6320,00
12641,00
583,00
6321,00
12642,00
468,00
3447,00
7585,00
403,00
6321,00
9482,00
474,00
2709,00
6321,00
1149,00
7587,00
4742,00
1083,00
6322,00
37936,00
948,00
7590,00
7590,00
1406,00
6327,00
18989,00
678,00
5425,00
7596,00
926,00
9496,00
7597,00
261,00
2713,00
1266,00
412,00
4221,00
9497,00
345,00
3799,00
5427,00
999,00
9497,00
9499,00
926,00
12666,00
7599,00
863,00
5428,00
12666,00
760,00
7602,00
12670,00
1652,00
7602,00
12673,00
1086,00
12673,00
3802,00
172,00
2001,00
3457,00
211,00
3805,00
4228,00
252,00
1812,00
2927,00
624,00
3806,00
4758,00
692,00
9517,00
9517,00
559,00
4758,00
6345,00
679,00
3172,00
6345,00
705,00
5440,00
9520,00
793,00
4761,00
7618,00
377,00
3809,00
5442,00
470,00
4762,00
9526,00
409,00
3811,00
6352,00
846,00
7623,00
12706,00
977,00
5445,00
38126,00
1003,00
12709,00
12711,00
977,00
6356,00
12712,00
1089,00
7627,00
7627,00
886,00
6356,00
9534,00
381,00
2724,00
2243,00
552,00
4238,00
2724,00
428,00
3814,00
6358,00
954,00
9541,00
12723,00
1231,00
9542,00
38175,00
1122,00
12725,00
19089,00
1004,00
9544,00
19090,00
1527,00
7636,00
12728,00
1157,00
6365,00
7639,00
83,00
1123,00
1414,00
146,00
2122,00
2547,00
112,00
1317,00
2247,00
385,00
2729,00
4776,00
449,00
5458,00
4776,00
402,00
2547,00
4245,00
310,00
2547,00
749,00
616,00
5459,00
7643,00
364,00
3822,00
3185,00
279,00
2248,00
3822,00
420,00
4247,00
3822,00
263,00
1821,00
3824,00
616,00
7648,00
12748,00
1033,00
3824,00
9562,00
554,00
6375,00
9563,00
850,00
7653,00
6377,00
869,00
6377,00
7654,00
765,00
9568,00
5467,00
236,00
2733,00
2551,00
382,00
3827,00
4785,00
237,00
2252,00
2127,00
709,00
9572,00
9572,00
1063,00
7660,00
12766,00
683,00
9576,00
3830,00
649,00
7662,00
3831,00
1094,00
6386,00
9580,00
435,00
4258,00
1666,00
365,00
3194,00
5477,00
572,00
7668,00
4793,00
958,00
4260,00
38348,00
1598,00
6393,00
19181,00
2740,00
599,00
19183,00
1278,00
5481,00
12791,00
1918,00
12791,00
19187,00
1370,00
38376,00
9594,00
1668,00
9594,00
38381,00
1279,00
9598,00
7679,00
753,00
9601,00
7681,00
1371,00
5487,00
12803,00
4267,00
38411,00
12804,00
2560,00
19206,00
19206,00
2022,00
12807,00
12807,00
2955,00
9607,00
38431,00
630,00
7686,00
3843,00
3843,00
9608,00
7686,00
985,00
7686,00
5491,00
1038,00
9609,00
19220,00
1038,00
12813,00
12813,00
3845,00
6409,00
4273,00
2958,00
19231,00
699,00
2262,00
6412,00
7694,00
3497,00
12827,00
610,00
5497,00
699,00
7697,00
6415,00
38491,00
9623,00
620,00
6417,00
5500,00
740,00
12834,00
12834,00
962,00
12835,00
9626,00
1833,00
3850,00
38508,00
1833,00
12836,00
38510,00
1604,00
6419,00
38518,00
2027,00
12840,00
38521,00
2265,00
38524,00
19263,00
3502,00
19263,00
38528,00
2027,00
7706,00
12844,00
1376,00
7706,00
9633,00
1926,00
5505,00
38541,00
3505,00
9640,00
6426,00
1836,00
3506,00
6428,00
5511,00
12860,00
38584,00
6432,00
38596,00
964,00
2412,00
12865,00
6432,00
4288,00
12867,00
19301,00
1838,00
7720,00
12867,00
1544,00
12868,00
7720,00
1429,00
7721,00
19304,00
2757,00
9653,00
19307,00
3510,00
12874,00
9656,00
2759,00
6437,00
5519,00
4829,00
9659,00
38642,00
4293,00
12881,00
19321,00
6440,00
38649,00
12883,00
378,00
3220,00
2973,00
560,00
9664,00
9665,00
522,00
6444,00
7735,00
1289,00
5525,00
7736,00
1547,00
19341,00
12894,00
1172,00
6447,00
19343,00
1488,00
12898,00
9674,00
1547,00
19348,00
12898,00
1488,00
9676,00
12902,00
1248,00
5530,00
6451,00
1106,00
6454,00
9681,00
1489,00
5532,00
7746,00
1844,00
19365,00
12910,00
2420,00
19365,00
7746,00
2582,00
38738,00
19370,00
2767,00
9686,00
19373,00
2039,00
9688,00
2279,00
3523,00
19377,00
12918,00
1550,00
9689,00
9689,00
1685,00
19385,00
12927,00
1212,00
4848,00
6465,00
3879,00
12931,00
12933,00
2771,00
5543,00
19401,00
2984,00
12934,00
9700,00
4851,00
19405,00
19405,00
3881,00
38812,00
19406,00
2772,00
9704,00
9704,00
183,00
2588,00
1848,00
456,00
4852,00
4852,00
352,00
4854,00
2773,00
1438,00
1942,00
7768,00
1553,00
12947,00
38842,00
1942,00
6474,00
9712,00
947,00
7769,00
4316,00
1554,00
12950,00
12951,00
903,00
9713,00
4318,00
1022,00
3886,00
4858,00
827,00
12958,00
6479,00
1050,00
3887,00
9721,00
2430,00
6480,00
7777,00
2160,00
12961,00
12964,00
1440,00
9723,00
7779,00
2431,00
6483,00
4862,00
682,00
7781,00
363,00
2993,00
19458,00
19458,00
734,00
4866,00
1342,00
1052,00
5562,00
38946,00
708,00
12982,00
5563,00
2596,00
9739,00
9740,00
3246,00
9740,00
38964,00
1771,00
12989,00
6494,00
1257,00
5567,00
4873,00
2999,00
5571,00
7800,00
1000,00
39002,00
1625,00
458,00
7802,00
6502,00
487,00
6502,00
7802,00
736,00
6502,00
7803,00
1083,00
9754,00
9754,00
1696,00
39019,00
39020,00
1258,00
7804,00
5574,00
1500,00
7804,00
13007,00
1626,00
19512,00
5575,00
1774,00
7806,00
9760,00
1084,00
4880,00
9762,00
765,00
7809,00
19526,00
1394,00
9763,00
13017,00
2169,00
6509,00
13018,00
1084,00
5579,00
9763,00
2169,00
13018,00
6509,00
2441,00
13019,00
13019,00
1562,00
7812,00
9766,00
2297,00
4340,00
4883,00
1698,00
4340,00
6511,00
2170,00
13023,00
9768,00
1953,00
7815,00
9769,00
3552,00
9769,00
19541,00
3257,00
13033,00
19551,00
2058,00
4345,00
5587,00
3556,00
19558,00
9779,00
4346,00
13040,00
4890,00
1564,00
5589,00
738,00
170,00
3913,00
3557,00
460,00
5590,00
13045,00
244,00
6524,00
4894,00
1263,00
7832,00
5594,00
1088,00
9795,00
39182,00
1224,00
13064,00
5599,00
816,00
9800,00
3563,00
1960,00
13067,00
19601,00
568,00
7841,00
3564,00
933,00
19602,00
7841,00
1089,00
39209,00
7842,00
1400,00
13070,00
13070,00
1568,00
9805,00
516,00
2178,00
39224,00
19612,00
1961,00
6537,00
9806,00
2801,00
13075,00
6538,00
3566,00
9807,00
9807,00
2064,00
4903,00
4358,00
585,00
9807,00
2615,00
1634,00
19615,00
4904,00
445,00
7847,00
2802,00
3567,00
13082,00
39247,00
2308,00
9815,00
39263,00
1869,00
6544,00
4362,00
1353,00
39264,00
4908,00
2805,00
9817,00
6545,00
344,00
3272,00
224,00
