





































































































































































































































































































































































































































































































































































































































































































































































































































































































































































































































































































































641,00
5882,00
3333,00
3125,00
5882,00
4545,00
3703,00
5555,00
3703,00
2631,00
5263,00
7142,00
3125,00
3571,00
3030,00
2222,00
4545,00
3571,00
2000,00
3703,00
3571,00
2702,00
3333,00
3333,00
2702,00
3333,00
1136,00
1298,00
8333,00
4000,00
3703,00
3846,00
4000,00
2500,00
4166,00
3030,00
2222,00
5000,00
5882,00
2500,00
1449,00
1818,00
826,00
2222,00
1754,00
943,00
2222,00
2857,00
1149,00
2702,00
2564,00
1298,00
3030,00
2380,00
1176,00
3333,00
3030,00
2083,00
2439,00
2857,00
1250,00
3125,00
3030,00
1587,00
2777,00
3225,00
1470,00
2173,00
2941,00
1388,00
2500,00
2777,00
1351,00
3448,00
3448,00
2040,00
4000,00
2000,00
1851,00
3846,00
1136,00
952,00
5000,00
4545,00
2777,00
3333,00
3571,00
1886,00
3846,00
2564,00
1315,00
4000,00
4000,00
2083,00
1851,00
2083,00
1098,00
2500,00
2040,00
1250,00
2272,00
2941,00
1470,00
2777,00
1960,00
1265,00
2272,00
990,00
757,00
3448,00
3846,00
1886,00
2325,00
1886,00
1219,00
2564,00
1818,00
1111,00
3571,00
2941,00
1315,00
2857,00
4166,00
2127,00
3571,00
4166,00
2272,00
3571,00
3846,00
3225,00
3571,00
5263,00
3125,00
4545,00
7142,00
5263,00
4000,00
5000,00
3571,00
4347,00
4761,00
3333,00
4166,00
5000,00
3448,00
4347,00
6666,00
3448,00
3703,00
4761,00
2777,00
5263,00
8333,00
4000,00
4000,00
5555,00
3703,00
6250,00
6250,00
5555,00
6666,00
7692,00
9090,00
6666,00
7142,00
6666,00
4761,00
4347,00
6250,00
4761,00
5263,00
5263,00
3703,00
5555,00
4347,00
5263,00
4347,00
2941,00
4545,00
5263,00
2702,00
3846,00
5000,00
2500,00
4166,00
5263,00
3571,00
3846,00
7142,00
4761,00
4000,00
6250,00
5882,00
4166,00
4545,00
3030,00
4761,00
6666,00
5000,00
4166,00
6250,00
3846,00
2941,00
4347,00
2127,00
4761,00
4761,00
2325,00
3225,00
4545,00
2941,00
6250,00
5555,00
3225,00
5555,00
6666,00
2857,00
4545,00
3125,00
3448,00
4545,00
5882,00
3571,00
4761,00
5555,00
5000,00
6666,00
8333,00
4347,00
5882,00
6250,00
3125,00
7142,00
6666,00
3333,00
8333,00
5882,00
6250,00
6250,00
7142,00
6666,00
5882,00
3571,00
3703,00
7142,00
5263,00
10000,00
9090,00
8333,00
6250,00
7142,00
7142,00
4545,00
12500,00
11111,00
5882,00
6666,00
4347,00
2500,00
4545,00
4761,00
3125,00
4761,00
5263,00
3225,00
4347,00
4761,00
3448,00
5263,00
3448,00
3448,00
3571,00
1886,00
3333,00
4166,00
7142,00
3225,00
3846,00
4000,00
3448,00
6250,00
6666,00
3703,00
2777,00
3125,00
1136,00
2941,00
3333,00
1369,00
3703,00
3703,00
1754,00
3571,00
3571,00
2222,00
4166,00
3703,00
2000,00
4761,00
4545,00
2857,00
3125,00
4166,00
1818,00
3333,00
4761,00
2272,00
3333,00
4761,00
2439,00
3571,00
3448,00
2083,00
3846,00
4761,00
1923,00
5000,00
4166,00
2272,00
5000,00
5555,00
2702,00
4545,00
4347,00
3448,00
4347,00
4347,00
2702,00
4761,00
4545,00
2272,00
4347,00
4166,00
1886,00
4545,00
4761,00
2777,00
2777,00
2631,00
1149,00
3571,00
3225,00
1250,00
3225,00
3225,00
1639,00
3571,00
2941,00
1562,00
3333,00
2222,00
1666,00
5000,00
3571,00
1923,00
2702,00
3030,00
1136,00
2777,00
2380,00
1162,00
2500,00
2325,00
1123,00
990,00
2222,00
909,00
2380,00
2702,00
1234,00
1639,00
2439,00
980,00
2439,00
4000,00
1282,00
3030,00
3448,00
1785,00
2702,00
4166,00
2127,00
2380,00
2857,00
909,00
3846,00
3571,00
1587,00
2083,00
3030,00
1315,00
2564,00
3571,00
1408,00
3030,00
3846,00
2127,00
2857,00
3125,00
1754,00
4347,00
5263,00
2439,00
3571,00
5263,00
2702,00
5000,00
7142,00
2857,00
3448,00
4761,00
2127,00
3571,00
7692,00
2500,00
3333,00
5263,00
2777,00
1960,00
2564,00
1149,00
2631,00
2631,00
1265,00
1754,00
3448,00
1190,00
2941,00
3571,00
1960,00
3125,00
3333,00
2272,00
3125,00
4347,00
1923,00
2439,00
3225,00
1369,00
2564,00
3333,00
2083,00
3225,00
6250,00
1492,00
1960,00
2325,00
1052,00
2222,00
2500,00
952,00
2439,00
2631,00
1020,00
2272,00
2941,00
1562,00
2564,00
2941,00
1470,00
4166,00
3703,00
1694,00
2272,00
2857,00
1204,00
2777,00
3225,00
1587,00
3703,00
4545,00
1408,00
3125,00
3030,00
1351,00
4166,00
3125,00
1666,00
3571,00
3333,00
1754,00
4761,00
4000,00
2325,00
3125,00
2000,00
1960,00
5882,00
5555,00
2777,00
2941,00
3030,00
1923,00
5263,00
5000,00
2222,00
4166,00
5555,00
2941,00
2857,00
1851,00
1063,00
2325,00
2222,00
1282,00
2631,00
2857,00
1190,00
3030,00
2439,00
1449,00
2564,00
2564,00
1694,00
3333,00
3030,00
1666,00
2702,00
2631,00
1265,00
3125,00
2631,00
1724,00
4347,00
5882,00
1851,00
854,00
1041,00
492,00
1041,00
1111,00
588,00
1123,00
1149,00
636,00
1282,00
1111,00
813,00
1428,00
1538,00
840,00
2173,00
2272,00
970,00
1234,00
1265,00
444,00
1315,00
1851,00
826,00
1470,00
2083,00
819,00
1538,00
1492,00
813,00
1886,00
1886,00
763,00
2083,00
1960,00
1063,00
2325,00
1960,00
1030,00
2325,00
1851,00
1190,00
3125,00
3030,00
1470,00
1923,00
2325,00
892,00
2222,00
2127,00
1075,00
3125,00
3333,00
1315,00
833,00
990,00
416,00
1041,00
1123,00
564,00
1098,00
1408,00
571,00
1176,00
1075,00
636,00
1265,00
1063,00
628,00
1960,00
2040,00
1000,00
952,00
1298,00
462,00
1265,00
1612,00
662,00
1250,00
1960,00
473,00
3125,00
5882,00
2500,00
5882,00
5000,00
2564,00
4166,00
4166,00
3225,00
4545,00
6250,00
3333,00
4761,00
6250,00
4545,00
3703,00
5000,00
3703,00
5000,00
6250,00
3703,00
4166,00
6250,00
4545,00
4545,00
5555,00
4347,00
5263,00
5882,00
3846,00
4166,00
4545,00
4166,00
5555,00
5263,00
4761,00
6666,00
7692,00
5263,00
6666,00
5555,00
5882,00
5263,00
6250,00
5882,00
5000,00
7692,00
5555,00
1298,00
5555,00
3448,00
5263,00
6250,00
7142,00
5555,00
5555,00
3125,00
3846,00
6666,00
3571,00
5000,00
5000,00
3030,00
7142,00
6666,00
3030,00
6250,00
6666,00
4166,00
4761,00
5882,00
3846,00
6250,00
5882,00
4761,00
5000,00
11111,00
4347,00
7142,00
9090,00
5882,00
3846,00
5263,00
2702,00
6666,00
6250,00
2127,00
5555,00
4761,00
3125,00
6666,00
11111,00
3225,00
5263,00
6666,00
3448,00
6666,00
7692,00
3703,00
5555,00
6250,00
4347,00
5882,00
7692,00
4545,00
8333,00
8333,00
5000,00
5263,00
5263,00
2857,00
10000,00
5882,00
3448,00
7142,00
6666,00
5000,00
11111,00
7692,00
7692,00
5000,00
2325,00
3448,00
12500,00
10000,00
6666,00
12500,00
7692,00
5555,00
9090,00
6666,00
6666,00
14285,00
10000,00
9090,00
5263,00
5263,00
2564,00
4545,00
4761,00
2702,00
5263,00
7142,00
3125,00
4761,00
4000,00
3571,00
5263,00
3571,00
3030,00
5882,00
7692,00
3448,00
7142,00
5263,00
3225,00
7692,00
5882,00
4761,00
7692,00
8333,00
5263,00
2439,00
3030,00
1123,00
2564,00
2380,00
1136,00
3448,00
4000,00
1724,00
4347,00
3571,00
2040,00
4000,00
3225,00
1785,00
5263,00
7142,00
2631,00
5000,00
3846,00
1666,00
4347,00
5000,00
1785,00
4545,00
5882,00
2702,00
2777,00
2857,00
1754,00
3225,00
3448,00
1818,00
4000,00
3846,00
2380,00
5000,00
3846,00
2439,00
12500,00
2857,00
1754,00
8333,00
6666,00
4166,00
3448,00
4000,00
2127,00
4761,00
3448,00
1219,00
4545,00
4545,00
3571,00
2631,00
2222,00
1351,00
2941,00
2222,00
1369,00
3846,00
3846,00
1724,00
2857,00
2222,00
1351,00
3571,00
2083,00
1333,00
4545,00
4347,00
1960,00
2439,00
2777,00
1470,00
3703,00
2857,00
1408,00
3703,00
5882,00
2000,00
2040,00
4347,00
2127,00
4347,00
5263,00
3703,00
3030,00
10000,00
2083,00
4347,00
9090,00
4761,00
4545,00
6666,00
5882,00
5263,00
8333,00
4761,00
4000,00
5882,00
3125,00
4347,00
7142,00
4000,00
1818,00
9090,00
2777,00
5882,00
6666,00
3225,00
5882,00
12500,00
4347,00
4545,00
8333,00
4347,00
6250,00
10000,00
5882,00
9090,00
6666,00
10000,00
6666,00
14285,00
6666,00
5000,00
6666,00
4761,00
5000,00
10000,00
6666,00
757,00
7142,00
4000,00
2777,00
7142,00
1923,00
5000,00
6666,00
4000,00
3333,00
7692,00
2439,00
5882,00
5882,00
3703,00
6666,00
5555,00
7142,00
6250,00
10000,00
5555,00
2564,00
5000,00
2173,00
5000,00
6666,00
5263,00
1515,00
10000,00
2127,00
3703,00
6666,00
4166,00
5263,00
4761,00
2380,00
5882,00
6666,00
3448,00
9090,00
7142,00
6666,00
6250,00
7692,00
4000,00
7692,00
6666,00
6250,00
7142,00
9090,00
4545,00
8333,00
7142,00
6666,00
6250,00
9090,00
5000,00
4166,00
4761,00
4761,00
11111,00
7142,00
5555,00
7142,00
10000,00
5882,00
10000,00
11111,00
10000,00
6250,00
342,00
5263,00
6666,00
7142,00
6250,00
8333,00
16666,00
7692,00
6250,00
9090,00
7692,00
14285,00
7142,00
6666,00
6666,00
5555,00
2941,00
8333,00
5882,00
5263,00
6666,00
7692,00
6666,00
8333,00
7142,00
5000,00
6250,00
5263,00
6250,00
11111,00
5882,00
5555,00
7142,00
11111,00
4347,00
5555,00
5882,00
6250,00
6666,00
5555,00
5263,00
2222,00
3703,00
1234,00
3333,00
3225,00
1694,00
3571,00
4545,00
1587,00
3846,00
4545,00
2702,00
3571,00
3030,00
2564,00
7692,00
7692,00
3030,00
3448,00
7142,00
2173,00
5263,00
7142,00
2702,00
3225,00
5882,00
1960,00
3030,00
4166,00
2439,00
5000,00
5882,00
2500,00
6666,00
5882,00
3703,00
4761,00
6250,00
3703,00
5882,00
3846,00
3571,00
9090,00
12500,00
3703,00
5263,00
6250,00
3571,00
5882,00
5000,00
3225,00
4166,00
4347,00
2631,00
1562,00
2857,00
990,00
3030,00
4761,00
1587,00
2777,00
3846,00
1111,00
4000,00
3125,00
2083,00
3703,00
2325,00
1886,00
6666,00
6666,00
2173,00
1724,00
4545,00
793,00
2702,00
2702,00
1234,00
1470,00
2173,00
196,00
