





































































































































































































































































































































































































































































































































































































































































































































































































































































































































































































































































































































1253,00
1670,00
1253,00
2227,00
3085,00
2005,00
2506,00
3342,00
2508,00
2675,00
2866,00
4459,00
2230,00
375,00
436,00
716,00
313,00
234,00
495,00
185,00
267,00
280,00
1338,00
1085,00
2510,00
892,00
249,00
787,00
803,00
717,00
717,00
1488,00
1607,00
2363,00
1545,00
1674,00
2511,00
1148,00
1488,00
730,00
1914,00
3092,00
2680,00
1827,00
2871,00
3092,00
1005,00
1827,00
1608,00
3092,00
4020,00
8041,00
2680,00
3655,00
8041,00
2513,00
3092,00
4467,00
2872,00
5744,00
4468,00
3093,00
6702,00
6702,00
3093,00
4021,00
5746,00
981,00
1547,00
1828,00
874,00
789,00
1059,00
745,00
731,00
821,00
2683,00
2683,00
4025,00
2516,00
1298,00
3660,00
1917,00
2013,00
2236,00
4473,00
4473,00
4026,00
2685,00
4028,00
3099,00
2686,00
2518,00
2686,00
289,00
428,00
510,00
298,00
407,00
544,00
154,00
259,00
161,00
1089,00
1185,00
1550,00
937,00
567,00
983,00
707,00
695,00
353,00
1343,00
1919,00
2121,00
1260,00
1833,00
2122,00
1061,00
1440,00
407,00
1061,00
2123,00
2689,00
877,00
1680,00
2241,00
620,00
1344,00
1754,00
2241,00
5765,00
3363,00
2242,00
5045,00
5767,00
1392,00
2691,00
3364,00
2125,00
10094,00
4486,00
3106,00
6729,00
4486,00
2375,00
4038,00
4038,00
651,00
1495,00
2019,00
641,00
1682,00
1442,00
425,00
807,00
1122,00
2019,00
3366,00
3672,00
1924,00
3108,00
3673,00
859,00
2245,00
2245,00
2525,00
4041,00
5051,00
2127,00
4041,00
3108,00
1684,00
3368,00
4491,00
325,00
603,00
824,00
274,00
553,00
685,00
186,00
385,00
295,00
709,00
1555,00
2022,00
641,00
1263,00
1838,00
421,00
793,00
1011,00
1037,00
2247,00
2697,00
899,00
2023,00
2380,00
697,00
1348,00
825,00
1759,00
3678,00
5057,00
1498,00
3372,00
3372,00
879,00
1926,00
2380,00
3372,00
3678,00
3679,00
2248,00
5782,00
4047,00
2381,00
3373,00
5784,00
4498,00
4498,00
8097,00
4499,00
5061,00
8098,00
2699,00
5785,00
5786,00
1038,00
2250,00
2132,00
843,00
1841,00
1929,00
633,00
1500,00
1688,00
2532,00
3683,00
6754,00
2132,00
1762,00
5065,00
1621,00
2701,00
3684,00
5066,00
4052,00
6754,00
3378,00
3685,00
5792,00
2534,00
3686,00
3686,00
494,00
737,00
1096,00
359,00
654,00
724,00
253,00
494,00
418,00
1014,00
1691,00
2898,00
922,00
1399,00
1764,00
654,00
588,00
1127,00
1765,00
3123,00
3123,00
1503,00
2030,00
1692,00
864,00
1692,00
1015,00
1354,00
2539,00
2708,00
1766,00
2708,00
2902,00
829,00
1766,00
1766,00
3694,00
5806,00
10161,00
2540,00
5080,00
5807,00
2032,00
2904,00
3127,00
3696,00
6777,00
5084,00
4519,00
5810,00
4519,00
3389,00
6779,00
2259,00
1043,00
1937,00
2141,00
865,00
1695,00
1849,00
656,00
1271,00
1162,00
2393,00
4068,00
5086,00
2260,00
3391,00
5813,00
1849,00
2713,00
2907,00
4070,00
5814,00
5088,00
3700,00
4523,00
4070,00
2714,00
3131,00
3131,00
347,00
714,00
573,00
433,00
646,00
656,00
197,00
403,00
174,00
1018,00
1770,00
1404,00
905,00
1454,00
1566,00
636,00
1044,00
490,00
1566,00
2263,00
2037,00
1771,00
2144,00
1508,00
798,00
1072,00
336,00
370,00
1405,00
970,00
636,00
1273,00
1567,00
420,00
849,00
529,00
1941,00
3397,00
3397,00
1772,00
3136,00
2718,00
926,00
1941,00
2146,00
1510,00
3708,00
1773,00
1942,00
3710,00
3710,00
1360,00
2916,00
1166,00
537,00
972,00
1317,00
480,00
785,00
1020,00
326,00
575,00
692,00
1512,00
2552,00
2917,00
1047,00
2042,00
2269,00
704,00
1408,00
1776,00
1857,00
2723,00
2918,00
1702,00
2918,00
4540,00
996,00
2270,00
1776,00
121,00
381,00
233,00
208,00
396,00
327,00
79,00
241,00
108,00
545,00
1022,00
1410,00
492,00
909,00
1106,00
312,00
610,00
511,00
757,00
1461,00
852,00
693,00
1574,00
1516,00
481,00
952,00
327,00
975,00
2275,00
2048,00
930,00
1950,00
2560,00
611,00
1280,00
1575,00
2049,00
2561,00
4098,00
2733,00
5124,00
5125,00
1464,00
2562,00
2412,00
2929,00
4557,00
3155,00
3155,00
4558,00
4558,00
2051,00
4103,00
4103,00
774,00
1140,00
2160,00
651,00
414,00
1282,00
461,00
933,00
954,00
1866,00
3733,00
3421,00
1785,00
2737,00
4106,00
1110,00
2416,00
2567,00
2738,00
4109,00
4109,00
2568,00
4566,00
4566,00
1580,00
3424,00
3161,00
222,00
403,00
507,00
258,00
243,00
357,00
140,00
235,00
231,00
653,00
1112,00
1029,00
748,00
1419,00
1419,00
502,00
840,00
762,00
1083,00
1328,00
1790,00
1029,00
2167,00
2423,00
735,00
1329,00
858,00
425,00
1006,00
711,00
983,00
1588,00
1475,00
425,00
1291,00
491,00
2951,00
3443,00
2066,00
1878,00
2755,00
2066,00
1530,00
2952,00
1879,00
1653,00
3180,00
426,00
3446,00
5169,00
2297,00
1253,00
4595,00
1034,00
459,00
678,00
701,00
713,00
449,00
689,00
426,00
795,00
510,00
1655,00
3183,00
2586,00
1881,00
2759,00
3449,00
985,00
1971,00
1380,00
1656,00
3764,00
2070,00
2957,00
4601,00
2760,00
1592,00
3185,00
1428,00
82,00
197,00
157,00
180,00
172,00
230,00
59,00
159,00
61,00
552,00
726,00
591,00
739,00
1035,00
863,00
410,00
600,00
326,00
470,00
1120,00
552,00
1010,00
1594,00
1184,00
318,00
901,00
166,00
1338,00
2592,00
2765,00
1011,00
1975,00
2440,00
727,00
1659,00
1659,00
2766,00
4611,00
4612,00
2184,00
5189,00
5189,00
1596,00
3460,00
2967,00
4154,00
5935,00
4155,00
2771,00
4157,00
5946,00
2973,00
5947,00
5203,00
816,00
1810,00
1810,00
730,00
1487,00
1262,00
520,00
946,00
1126,00
1894,00
3788,00
3789,00
1984,00
3474,00
3474,00
1437,00
2452,00
2452,00
2606,00
5957,00
5957,00
947,00
4170,00
2979,00
2085,00
3475,00
3791,00
394,00
788,00
928,00
331,00
564,00
746,00
251,00
454,00
394,00
852,00
1674,00
1350,00
747,00
1610,00
1902,00
543,00
930,00
1046,00
1675,00
2793,00
3223,00
1271,00
2331,00
2623,00
792,00
1447,00
1078,00
1752,00
3823,00
3823,00
2002,00
3823,00
2336,00
956,00
2337,00
2475,00
3826,00
8417,00
5260,00
3826,00
5261,00
3508,00
2480,00
4686,00
4686,00
5272,00
7044,00
6038,00
6038,00
5284,00
6039,00
4227,00
6039,00
8455,00
1174,00
2487,00
3252,00
1281,00
2225,00
2643,00
769,00
1410,00
1692,00
3253,00
4230,00
5287,00
2488,00
1922,00
3254,00
2115,00
3527,00
3848,00
6048,00
6048,00
8468,00
5292,00
8469,00
4235,00
3258,00
5294,00
6051,00
523,00
1059,00
1246,00
486,00
882,00
963,00
362,00
596,00
476,00
1412,00
2018,00
2826,00
1059,00
1695,00
2019,00
743,00
1146,00
1087,00
2231,00
4711,00
6059,00
1696,00
3262,00
3856,00
1116,00
2495,00
1325,00
1928,00
3263,00
2829,00
1632,00
3031,00
2122,00
1061,00
2234,00
1845,00
4245,00
8491,00
4245,00
2653,00
7077,00
3860,00
1930,00
5309,00
3267,00
3861,00
14160,00
3862,00
2655,00
8497,00
6069,00
3540,00
4249,00
3035,00
1180,00
1931,00
2360,00
1118,00
2124,00
1370,00
833,00
1574,00
1250,00
2656,00
4250,00
4250,00
2500,00
3542,00
3036,00
1848,00
3270,00
2237,00
3865,00
8503,00
4252,00
2835,00
3543,00
1037,00
3271,00
3867,00
2239,00
434,00
583,00
500,00
506,00
905,00
734,00
271,00
478,00
209,00
1291,00
2029,00
1521,00
1151,00
2242,00
2130,00
665,00
1578,00
489,00
1853,00
2842,00
1332,00
1640,00
1853,00
2665,00
969,00
1705,00
553,00
804,00
2369,00
1471,00
820,00
1777,00
2370,00
576,00
1523,00
1254,00
2844,00
3879,00
5334,00
2371,00
5335,00
3283,00
1642,00
3049,00
3557,00
1153,00
7116,00
2134,00
3051,00
5339,00
3883,00
1220,00
3560,00
1378,00
776,00
1643,00
1942,00
601,00
1424,00
1643,00
431,00
791,00
1124,00
2035,00
4273,00
3885,00
1780,00
2849,00
3288,00
949,00
2514,00
2514,00
2850,00
4750,00
4751,00
2672,00
4276,00
3888,00
1645,00
3564,00
2674,00
297,00
638,00
534,00
270,00
528,00
658,00
162,00
369,00
226,00
764,00
1712,00
1712,00
648,00
1381,00
1585,00
441,00
911,00
823,00
823,00
2141,00
1259,00
973,00
2142,00
2040,00
586,00
1190,00
460,00
1785,00
3297,00
3061,00
2041,00
3061,00
3897,00
952,00
2256,00
2256,00
752,00
549,00
4287,00
3298,00
5361,00
5361,00
2257,00
3574,00
3064,00
3574,00
1950,00
6128,00
4767,00
7151,00
10728,00
3576,00
4291,00
6140,00
1023,00
2149,00
3307,00
934,00
2149,00
2149,00
573,00
1387,00
1592,00
2529,00
3583,00
6143,00
2389,00
4301,00
4779,00
1654,00
3072,00
2867,00
3910,00
6145,00
8604,00
4302,00
7170,00
7171,00
2390,00
3911,00
3310,00
494,00
956,00
1075,00
402,00
827,00
878,00
279,00
642,00
457,00
1132,00
1793,00
2532,00
978,00
1794,00
1794,00
683,00
1230,00
979,00
1958,00
3591,00
3315,00
1657,00
3316,00
2155,00
898,00
1659,00
958,00
707,00
2270,00
2054,00
1726,00
2696,00
3923,00
830,00
2158,00
938,00
3321,00
3925,00
6168,00
2878,00
5397,00
4798,00
2879,00
4319,00
2273,00
2541,00
7199,00
1878,00
4320,00
10801,00
4320,00
2160,00
7200,00
1350,00
1107,00
2274,00
1964,00
900,00
2057,00
2401,00
697,00
1271,00
1490,00
2275,00
6175,00
3930,00
2543,00
3930,00
3930,00
1544,00
2402,00
2702,00
3326,00
5405,00
3931,00
3604,00
6178,00
4805,00
2544,00
3327,00
1966,00
232,00
609,00
386,00
404,00
786,00
547,00
135,00
408,00
93,00
1236,00
1881,00
1272,00
865,00
1202,00
1396,00
609,00
1110,00
318,00
921,00
2165,00
721,00
1732,00
2279,00
1353,00
460,00
866,00
81,00
