





































































































































































































































































































































































































































































































































































































































































































































































































































































































































































































































































































































669,00
5798,00
4744,00
5799,00
7456,00
1684,00
1305,00
4351,00
3263,00
5222,00
8704,00
13057,00
10446,00
1111,00
607,00
243,00
4020,00
2010,00
1112,00
2376,00
4021,00
1584,00
2376,00
843,00
736,00
17432,00
1867,00
1937,00
8718,00
26156,00
5231,00
2906,00
2012,00
1163,00
26175,00
6543,00
2379,00
26180,00
7480,00
5818,00
1689,00
1218,00
335,00
6549,00
4030,00
1218,00
8734,00
5241,00
2620,00
3743,00
2096,00
1139,00
10483,00
5242,00
4369,00
10486,00
13107,00
5244,00
5244,00
3277,00
1248,00
4370,00
4034,00
4034,00
8742,00
7493,00
7494,00
1220,00
783,00
413,00
2498,00
1874,00
1116,00
3498,00
6560,00
2915,00
5831,00
1749,00
1693,00
8749,00
3500,00
3281,00
7502,00
6565,00
7503,00
2188,00
2918,00
1876,00
4041,00
4378,00
4379,00
682,00
5840,00
3092,00
1031,00
821,00
298,00
2504,00
2922,00
1252,00
3757,00
5845,00
1594,00
3288,00
1948,00
907,00
4384,00
5847,00
2288,00
10526,00
10528,00
4050,00
3760,00
2925,00
1253,00
17555,00
3511,00
5851,00
26336,00
7526,00
5268,00
212,00
117,00
42,00
1464,00
893,00
315,00
1883,00
1255,00
418,00
764,00
415,00
175,00
2777,00
2513,00
851,00
3104,00
2932,00
1227,00
1035,00
636,00
230,00
3300,00
4061,00
1389,00
3772,00
2779,00
1467,00
249,00
83,00
37,00
1148,00
587,00
287,00
1554,00
866,00
448,00
1036,00
305,00
146,00
5289,00
1290,00
839,00
4069,00
3307,00
1763,00
979,00
524,00
252,00
3529,00
2117,00
1260,00
6620,00
4413,00
2302,00
167,00
75,00
25,00
854,00
530,00
185,00
1205,00
757,00
286,00
547,00
270,00
104,00
2527,00
1712,00
510,00
3540,00
2528,00
965,00
542,00
414,00
144,00
3320,00
1967,00
805,00
3125,00
3126,00
1236,00
830,00
536,00
187,00
3544,00
2311,00
699,00
5909,00
3324,00
1157,00
1717,00
858,00
422,00
26630,00
4098,00
1837,00
7611,00
3552,00
3134,00
2131,00
1480,00
692,00
4441,00
5330,00
3553,00
26660,00
8887,00
3809,00
987,00
375,00
170,00
2963,00
1778,00
620,00
5337,00
3336,00
1241,00
1618,00
593,00
407,00
5341,00
1214,00
1161,00
5343,00
7633,00
4857,00
1978,00
1908,00
712,00
6679,00
4111,00
3817,00
8907,00
10689,00
5939,00
600,00
329,00
111,00
1909,00
1215,00
441,00
2971,00
2057,00
775,00
1445,00
607,00
251,00
5350,00
2229,00
775,00
8918,00
1274,00
1911,00
1372,00
1784,00
446,00
5950,00
4868,00
1530,00
5952,00
4870,00
3152,00
1050,00
754,00
211,00
3574,00
2680,00
957,00
4469,00
3352,00
1375,00
2980,00
2146,00
745,00
6708,00
5963,00
2147,00
5965,00
6711,00
3835,00
1491,00
1627,00
571,00
4131,00
7673,00
2827,00
5968,00
4883,00
2685,00
1221,00
736,00
244,00
2443,00
2688,00
911,00
3841,00
3361,00
1379,00
2445,00
2561,00
978,00
6727,00
4485,00
2692,00
17948,00
8974,00
4487,00
2071,00
1794,00
828,00
5384,00
5983,00
5385,00
7693,00
4896,00
3168,00
591,00
448,00
131,00
2992,00
1683,00
641,00
2835,00
2155,00
804,00
1796,00
1146,00
387,00
6738,00
3850,00
1684,00
7702,00
10785,00
2838,00
1540,00
1498,00
369,00
6743,00
4904,00
1998,00
4905,00
5396,00
1285,00
181,00
394,00
97,00
2571,00
3000,00
831,00
1742,00
3601,00
885,00
1500,00
1350,00
614,00
3378,00
3179,00
3002,00
4913,00
3860,00
3378,00
886,00
1201,00
388,00
3003,00
4915,00
2457,00
2574,00
7724,00
1931,00
505,00
409,00
176,00
1744,00
2458,00
886,00
2163,00
2080,00
1319,00
1865,00
1387,00
629,00
4161,00
5410,00
3864,00
4509,00
4509,00
4919,00
1353,00
1388,00
676,00
4921,00
6767,00
4921,00
4516,00
6774,00
3870,00
244,00
304,00
87,00
2084,00
1594,00
595,00
1748,00
2168,00
704,00
1106,00
1106,00
526,00
4172,00
4172,00
2086,00
4172,00
5424,00
3013,00
661,00
1356,00
301,00
3191,00
9043,00
1938,00
4934,00
5427,00
1467,00
1131,00
1357,00
445,00
3393,00
6034,00
1508,00
4937,00
4937,00
2715,00
2361,00
2361,00
1155,00
5432,00
9054,00
5432,00
4527,00
6036,00
4527,00
2859,00
3395,00
1358,00
3622,00
4528,00
4180,00
4180,00
3623,00
9058,00
1430,00
1181,00
560,00
5436,00
5436,00
2174,00
3883,00
10873,00
3398,00
4182,00
3625,00
1469,00
5438,00
5439,00
3399,00
6800,00
13600,00
18134,00
6045,00
2267,00
1554,00
4535,00
13606,00
3628,00
4948,00
6804,00
9073,00
1237,00
892,00
370,00
3203,00
3203,00
1158,00
5447,00
4951,00
1945,00
1945,00
1878,00
955,00
5449,00
6054,00
3632,00
6818,00
18182,00
7793,00
3030,00
2871,00
1435,00
6062,00
9093,00
3897,00
6062,00
7795,00
6062,00
758,00
992,00
323,00
2873,00
6065,00
2599,00
1654,00
5459,00
2100,00
2184,00
1761,00
992,00
4550,00
3641,00
4201,00
4551,00
6069,00
4201,00
975,00
1951,00
293,00
2101,00
4553,00
2876,00
479,00
4204,00
1477,00
1438,00
1401,00
557,00
2733,00
6074,00
2377,00
3417,00
7811,00
4556,00
3906,00
2734,00
1608,00
7814,00
4558,00
4208,00
4559,00
27358,00
5471,00
1609,00
3040,00
1116,00
2104,00
6841,00
4210,00
291,00
3421,00
2105,00
804,00
960,00
294,00
2606,00
4976,00
1610,00
1520,00
5474,00
1888,00
3650,00
3911,00
1404,00
4566,00
7828,00
3914,00
7828,00
18266,00
7828,00
1405,00
3044,00
512,00
7829,00
7829,00
3044,00
3045,00
7830,00
1522,00
408,00
224,00
84,00
1712,00
1890,00
685,00
3224,00
1957,00
1191,00
1218,00
694,00
365,00
4570,00
6093,00
1958,00
3226,00
3226,00
2612,00
1371,00
979,00
449,00
2385,00
4988,00
2110,00
4221,00
5488,00
3920,00
449,00
197,00
100,00
1276,00
1307,00
503,00
2745,00
2111,00
1307,00
1372,00
713,00
406,00
6866,00
2891,00
2289,00
7848,00
6867,00
2616,00
886,00
981,00
560,00
931,00
3926,00
1963,00
4581,00
6871,00
3233,00
321,00
178,00
64,00
1773,00
1249,00
528,00
1773,00
1375,00
774,00
982,00
618,00
259,00
7859,00
5001,00
1448,00
6114,00
5503,00
2293,00
1100,00
833,00
364,00
2896,00
3931,00
1775,00
6116,00
7864,00
3238,00
1529,00
1019,00
437,00
9179,00
5007,00
1721,00
11015,00
7869,00
2623,00
3443,00
2040,00
918,00
11021,00
3674,00
3445,00
9187,00
4594,00
11028,00
4595,00
2506,00
1414,00
6127,00
5516,00
6130,00
9197,00
11037,00
9198,00
1780,00
985,00
438,00
6134,00
2629,00
2400,00
11045,00
6904,00
3249,00
3249,00
1534,00
1105,00
4605,00
1625,00
2302,00
11054,00
13819,00
13820,00
5026,00
2632,00
2126,00
27650,00
7901,00
13828,00
18438,00
13829,00
6147,00
1383,00
970,00
368,00
3689,00
5031,00
1317,00
3953,00
4257,00
1977,00
2406,00
1909,00
1178,00
7910,00
4614,00
2636,00
18461,00
18461,00
5539,00
3258,00
2770,00
1086,00
11083,00
7916,00
4619,00
13858,00
7919,00
3960,00
1205,00
840,00
280,00
3262,00
2773,00
1422,00
5042,00
6933,00
3697,00
2311,00
1585,00
853,00
6165,00
5044,00
5549,00
3264,00
18499,00
11099,00
3083,00
2220,00
867,00
5551,00
5551,00
4270,00
5046,00
9252,00
6939,00
1156,00
1156,00
482,00
2776,00
3470,00
1388,00
2221,00
6172,00
3268,00
3968,00
2222,00
1501,00
18522,00
6946,00
3268,00
7939,00
11115,00
6947,00
1587,00
2315,00
1010,00
6176,00
11118,00
1182,00
212,00
3971,00
2926,00
1502,00
975,00
315,00
5055,00
4634,00
1503,00
4635,00
6953,00
2317,00
4279,00
2139,00
1070,00
9275,00
6183,00
2929,00
6958,00
18557,00
5061,00
4283,00
2651,00
928,00
11141,00
6963,00
3094,00
9285,00
9285,00
3482,00
124,00
144,00
32,00
1161,00
1211,00
369,00
1238,00
1296,00
449,00
663,00
541,00
172,00
2788,00
2230,00
899,00
3485,00
2935,00
1360,00
457,00
552,00
134,00
2145,00
3098,00
1360,00
1268,00
3986,00
754,00
235,00
133,00
48,00
1508,00
930,00
360,00
2232,00
1213,00
627,00
764,00
531,00
189,00
3102,00
1925,00
1034,00
4654,00
5077,00
1396,00
681,00
607,00
220,00
2940,00
2793,00
1269,00
5079,00
3103,00
2429,00
100,00
92,00
19,00
887,00
689,00
237,00
716,00
998,00
233,00
426,00
328,00
103,00
3728,00
1928,00
650,00
3107,00
2542,00
874,00
283,00
420,00
76,00
2331,00
2331,00
777,00
1190,00
2664,00
393,00
756,00
527,00
208,00
2432,00
2331,00
902,00
4305,00
3292,00
1272,00
1332,00
1097,00
440,00
7997,00
3732,00
3498,00
6999,00
7999,00
3110,00
1555,00
1244,00
495,00
4310,00
5603,00
2801,00
5604,00
8007,00
5095,00
637,00
500,00
200,00
2669,00
2335,00
904,00
4312,00
4004,00
1515,00
1699,00
1192,00
590,00
6230,00
2242,00
2242,00
7009,00
8010,00
4313,00
2076,00
1752,00
824,00
5098,00
5607,00
2670,00
8011,00
14020,00
6231,00
616,00
519,00
138,00
2077,00
1699,00
623,00
3117,00
2805,00
876,00
1402,00
1122,00
340,00
5101,00
4317,00
1059,00
11227,00
5103,00
1871,00
1369,00
1439,00
422,00
3742,00
7018,00
1517,00
5614,00
6238,00
2005,00
472,00
702,00
145,00
4321,00
3121,00
1146,00
2080,00
4682,00
864,00
1873,00
1561,00
545,00
6246,00
4324,00
3513,00
6247,00
8032,00
4325,00
1004,00
1124,00
260,00
4327,00
4688,00
2812,00
1758,00
6251,00
1197,00
852,00
827,00
261,00
3311,00
3311,00
1197,00
3311,00
4331,00
1563,00
1759,00
2559,00
816,00
7040,00
5120,00
3520,00
9388,00
6259,00
4333,00
1198,00
1341,00
704,00
7041,00
4695,00
3521,00
2817,00
7042,00
2167,00
388,00
494,00
81,00
2561,00
2347,00
731,00
1523,00
2450,00
388,00
1761,00
1084,00
394,00
4026,00
2967,00
2168,00
6265,00
6265,00
2088,00
552,00
1044,00
137,00
3133,00
3317,00
1281,00
1064,00
3317,00
117,00
