




























































































































































































































































































































































































































































































































































































































































































































































































































































































































































































































































































































































































































































































































































































































































































































































890,00
1229,00
421,00
956,00
1061,00
466,00
1229,00
1335,00
264,00
662,00
824,00
447,00
2582,00
1019,00
782,00
3368,00
2767,00
368,00
2038,00
1549,00
980,00
2980,00
2582,00
993,00
4077,00
3689,00
509,00
2039,00
2094,00
685,00
1844,00
1761,00
901,00
2421,00
2421,00
306,00
1335,00
968,00
798,00
1649,00
1684,00
815,00
1890,00
1987,00
506,00
968,00
1230,00
807,00
1336,00
1649,00
824,00
1802,00
2349,00
469,00
1107,00
1360,00
527,00
1007,00
1230,00
566,00
1077,00
1463,00
331,00
724,00
945,00
4308,00
3877,00
4847,00
4081,00
7050,00
9694,00
2040,00
5539,00
6463,00
4562,00
7755,00
11079,00
5170,00
11080,00
12926,00
2872,00
7756,00
8618,00
2674,00
4309,00
4563,00
3878,00
5541,00
7757,00
1583,00
3526,00
4563,00
7758,00
5172,00
7758,00
8620,00
15517,00
7053,00
4564,00
7759,00
7759,00
7054,00
8622,00
11085,00
12933,00
25869,00
12934,00
4565,00
12935,00
12935,00
4565,00
9701,00
7055,00
5970,00
15522,00
8623,00
4084,00
8623,00
6467,00
1158,00
2503,00
2351,00
1763,00
3233,00
2985,00
674,00
1990,00
2042,00
1386,00
3234,00
2772,00
1651,00
3528,00
3881,00
882,00
2043,00
2352,00
913,00
1848,00
1093,00
1252,00
2588,00
2588,00
446,00
1411,00
1252,00
5176,00
5972,00
4852,00
4852,00
15528,00
5972,00
2773,00
8627,00
8627,00
9706,00
19412,00
11093,00
8629,00
19418,00
12945,00
4569,00
11096,00
19418,00
5548,00
9709,00
5975,00
5548,00
11097,00
7767,00
2285,00
9711,00
7769,00
3699,00
5976,00
1050,00
12950,00
38851,00
6475,00
3378,00
12950,00
4316,00
12951,00
25903,00
8634,00
19427,00
38855,00
15542,00
9713,00
12952,00
6476,00
4571,00
15543,00
5978,00
9715,00
19431,00
12954,00
3701,00
8637,00
4091,00
160,00
431,00
462,00
101,00
492,00
508,00
51,00
257,00
342,00
174,00
439,00
504,00
74,00
402,00
622,00
35,00
182,00
325,00
129,00
304,00
347,00
84,00
342,00
409,00
31,00
158,00
231,00
670,00
1896,00
2508,00
422,00
1654,00
1495,00
394,00
1111,00
1767,00
972,00
2160,00
3111,00
432,00
1414,00
3111,00
300,00
1010,00
1852,00
755,00
1691,00
1809,00
348,00
1728,00
1852,00
264,00
1065,00
1389,00
864,00
3111,00
2222,00
836,00
3704,00
3382,00
551,00
1995,00
3242,00
1080,00
4322,00
4322,00
778,00
4322,00
4577,00
522,00
2593,00
2593,00
1318,00
3383,00
3383,00
1037,00
4095,00
4323,00
471,00
2047,00
2882,00
1341,00
2683,00
3537,00
1319,00
2511,00
3384,00
794,00
1588,00
2224,00
1365,00
2883,00
3384,00
926,00
2432,00
3892,00
638,00
1656,00
2595,00
916,00
2104,00
2511,00
1024,00
2433,00
2685,00
526,00
1162,00
1366,00
2512,00
5990,00
4581,00
3708,00
6328,00
6903,00
3451,00
5425,00
10850,00
5842,00
12659,00
37979,00
2813,00
2713,00
10852,00
3798,00
5428,00
18999,00
5846,00
9502,00
10860,00
5068,00
10861,00
15208,00
2453,00
5069,00
8451,00
5852,00
12682,00
8457,00
6344,00
12688,00
9519,00
4480,00
6925,00
8464,00
8464,00
12697,00
725,00
6925,00
10884,00
12698,00
5080,00
10886,00
9526,00
9528,00
15245,00
25410,00
10890,00
15248,00
25416,00
4013,00
12710,00
10895,00
2118,00
3632,00
4487,00
2383,00
4768,00
5873,00
1075,00
2828,00
3636,00
2463,00
4773,00
5093,00
2122,00
6945,00
7640,00
1061,00
4494,00
4021,00
1863,00
4245,00
4495,00
1864,00
4777,00
3475,00
788,00
2123,00
2184,00
8496,00
19116,00
6952,00
4780,00
19124,00
4781,00
4026,00
9564,00
9565,00
8503,00
19132,00
38266,00
8504,00
15307,00
6958,00
4252,00
8505,00
8505,00
7655,00
38276,00
12759,00
4253,00
9570,00
2187,00
6380,00
12762,00
6962,00
6962,00
12766,00
6963,00
8514,00
76632,00
15328,00
6967,00
38326,00
10950,00
9582,00
15331,00
15335,00
12779,00
38339,00
15340,00
8522,00
12784,00
6392,00
10957,00
19176,00
10957,00
15341,00
25569,00
15341,00
3835,00
25572,00
9591,00
69,00
308,00
323,00
72,00
345,00
395,00
24,00
169,00
174,00
130,00
339,00
382,00
61,00
313,00
471,00
25,00
140,00
234,00
77,00
240,00
254,00
56,00
256,00
313,00
13,00
100,00
88,00
541,00
1302,00
1971,00
371,00
1372,00
2402,00
226,00
844,00
1025,00
686,00
1671,00
2135,00
402,00
1398,00
3204,00
230,00
894,00
1398,00
601,00
1349,00
1570,00
369,00
1539,00
1832,00
162,00
601,00
927,00
416,00
2264,00
987,00
652,00
3499,00
2483,00
237,00
1400,00
962,00
837,00
2567,00
2656,00
669,00
4054,00
4054,00
368,00
1572,00
1975,00
527,00
2568,00
1541,00
542,00
2854,00
2267,00
154,00
988,00
478,00
1028,00
1793,00
2487,00
988,00
2203,00
2754,00
476,00
1224,00
1574,00
1102,00
2488,00
2857,00
1028,00
2660,00
3673,00
476,00
1428,00
1753,00
779,00
1455,00
1928,00
701,00
1882,00
1929,00
277,00
829,00
989,00
6431,00
8575,00
8575,00
3508,00
7016,00
11025,00
2412,00
5145,00
5937,00
3859,00
15437,00
19297,00
3675,00
8576,00
15438,00
2490,00
8577,00
11028,00
3509,00
5938,00
9650,00
2969,00
7019,00
15442,00
1187,00
2339,00
3860,00
7722,00
11032,00
9653,00
7020,00
38614,00
12871,00
2860,00
9653,00
7021,00
5940,00
38618,00
19309,00
12873,00
25747,00
19311,00
4291,00
7022,00
5942,00
5517,00
15450,00
8583,00
7726,00
25756,00
8585,00
2414,00
5522,00
6443,00
1088,00
3681,00
2863,00
2034,00
4832,00
4833,00
436,00
2343,00
1487,00
1841,00
4296,00
5155,00
2416,00
5948,00
6444,00
628,00
2864,00
2974,00
1334,00
3517,00
3095,00
1488,00
4298,00
4551,00
263,00
1682,00
533,00
3868,00
15475,00
12896,00
7738,00
8597,00
7738,00
3517,00
8597,00
5159,00
7738,00
38694,00
19348,00
9674,00
15478,00
15478,00
2764,00
7037,00
11058,00
8601,00
19352,00
9676,00
9677,00
15483,00
12902,00
2037,00
7038,00
4074,00
2977,00
15485,00
3519,00
7039,00
38714,00
15486,00
2212,00
9679,00
4555,00
12906,00
38727,00
15490,00
19364,00
15491,00
19364,00
5958,00
8606,00
11066,00
5164,00
12910,00
8607,00
7746,00
38732,00
38732,00
1156,00
4303,00
290,00
