












































































































































































































































































































































































































































































































































































































































































































































































































































































































































































































































































































































5262,00
3508,00
4511,00
10527,00
7895,00
6316,00
1469,00
1619,00
3716,00
5264,00
4859,00
9025,00
6317,00
15796,00
7898,00
1974,00
1289,00
7021,00
4514,00
1708,00
9029,00
5267,00
7901,00
9031,00
1915,00
3010,00
3161,00
7903,00
12645,00
7903,00
6323,00
10538,00
10538,00
1090,00
2039,00
3011,00
3011,00
4216,00
6326,00
4866,00
9037,00
9037,00
2181,00
2041,00
3955,00
5753,00
3955,00
7911,00
10549,00
6329,00
15824,00
2110,00
1978,00
3723,00
3957,00
4221,00
5756,00
7914,00
6332,00
10553,00
1217,00
1507,00
3015,00
3333,00
2435,00
4871,00
7916,00
12666,00
10556,00
2639,00
1241,00
4872,00
5758,00
2346,00
12668,00
9049,00
5759,00
12669,00
2879,00
2346,00
4223,00
3519,00
3727,00
4224,00
15840,00
12672,00
15841,00
736,00
1022,00
2185,00
1760,00
3520,00
5281,00
4874,00
7041,00
12676,00
1377,00
1509,00
3521,00
5285,00
3171,00
5766,00
7047,00
5766,00
10573,00
1626,00
2114,00
3172,00
4229,00
5288,00
7932,00
7933,00
5288,00
9066,00
774,00
1197,00
1627,00
2351,00
2351,00
2759,00
3022,00
3734,00
5772,00
1548,00
1295,00
2189,00
4233,00
2886,00
3969,00
3175,00
3969,00
7939,00
1443,00
1351,00
1443,00
2352,00
3970,00
3970,00
3970,00
4886,00
4538,00
1076,00
1296,00
1815,00
2117,00
2443,00
3344,00
3529,00
4887,00
9077,00
1815,00
1199,00
2541,00
5295,00
2763,00
3738,00
10592,00
4889,00
10593,00
1444,00
1199,00
2270,00
2191,00
4237,00
4237,00
7063,00
7063,00
10595,00
557,00
714,00
1077,00
1718,00
2119,00
4890,00
2764,00
3740,00
7065,00
748,00
1115,00
1630,00
3347,00
3179,00
4892,00
4893,00
7068,00
10603,00
896,00
1178,00
1514,00
2545,00
3181,00
3977,00
4242,00
4242,00
7955,00
884,00
1116,00
1872,00
2357,00
3350,00
4548,00
4244,00
5788,00
7959,00
964,00
767,00
1675,00
2653,00
2769,00
6369,00
4246,00
2895,00
9100,00
1225,00
1415,00
2654,00
3748,00
3354,00
4551,00
7965,00
4552,00
7965,00
897,00
897,00
1820,00
3186,00
3354,00
5793,00
6373,00
7082,00
9105,00
910,00
468,00
2056,00
2361,00
806,00
3541,00
4904,00
3750,00
15940,00
1555,00
1301,00
3036,00
2899,00
3189,00
3037,00
5315,00
6378,00
10631,00
449,00
596,00
1028,00
1595,00
2278,00
3988,00
2900,00
3545,00
4909,00
651,00
536,00
1773,00
1994,00
1418,00
3990,00
4911,00
1637,00
9121,00
939,00
1227,00
1520,00
3192,00
3193,00
3361,00
5321,00
6386,00
4912,00
396,00
725,00
1030,00
1205,00
2281,00
3194,00
1996,00
4259,00
4564,00
819,00
852,00
1278,00
1997,00
2662,00
3550,00
3550,00
3759,00
4565,00
710,00
1047,00
1253,00
2204,00
2458,00
3196,00
3551,00
3044,00
6392,00
473,00
570,00
1206,00
1487,00
1880,00
4567,00
2906,00
4568,00
5814,00
819,00
639,00
1938,00
3198,00
1599,00
5330,00
3198,00
3762,00
5330,00
789,00
954,00
1487,00
2908,00
2559,00
3554,00
3554,00
3047,00
7998,00
222,00
405,00
666,00
941,00
1279,00
2782,00
1882,00
2461,00
4572,00
481,00
524,00
1123,00
1488,00
1488,00
3369,00
4001,00
3556,00
4001,00
413,00
582,00
762,00
1524,00
1641,00
2208,00
2001,00
2001,00
2001,00
1164,00
6404,00
3202,00
10674,00
10675,00
4270,00
3203,00
10677,00
2912,00
4928,00
5339,00
4576,00
9153,00
9154,00
5825,00
9154,00
4005,00
4929,00
2670,00
4930,00
2465,00
8011,00
8012,00
3561,00
5828,00
7123,00
1187,00
5342,00
6411,00
7123,00
16028,00
21375,00
21376,00
9161,00
8016,00
9161,00
7126,00
7126,00
8017,00
16037,00
8018,00
9165,00
10692,00
10693,00
4582,00
5833,00
12835,00
5348,00
5348,00
32091,00
5834,00
32101,00
12841,00
5837,00
1689,00
3379,00
3210,00
21410,00
8030,00
12853,00
7140,00
8034,00
5844,00
5358,00
5846,00
7146,00
21441,00
21441,00
32162,00
8041,00
16088,00
32177,00
2011,00
3388,00
2384,00
10731,00
21462,00
16097,00
9198,00
9198,00
4292,00
3066,00
5366,00
12879,00
9199,00
12882,00
4294,00
12882,00
10735,00
7157,00
4955,00
3390,00
3789,00
12885,00
12885,00
9204,00
5857,00
7159,00
4957,00
8055,00
7160,00
5370,00
12889,00
21482,00
5858,00
10741,00
10742,00
10742,00
5371,00
10744,00
8058,00
32234,00
21489,00
21491,00
9210,00
21492,00
4959,00
3795,00
4301,00
2933,00
32269,00
8067,00
8068,00
3796,00
5868,00
300,00
10760,00
10760,00
8070,00
64566,00
16141,00
21523,00
32286,00
21524,00
963,00
3587,00
3587,00
4305,00
9225,00
9225,00
5871,00
8073,00
7176,00
12917,00
3075,00
8075,00
5873,00
12921,00
21537,00
21538,00
5874,00
9231,00
16155,00
8078,00
5875,00
5875,00
12925,00
12926,00
12926,00
64633,00
0,57
12930,00
1042,00
5879,00
4619,00
16168,00
10781,00
8087,00
3805,00
7190,00
4978,00
4044,00
3806,00
4622,00
10788,00
7192,00
6473,00
7192,00
12947,00
8092,00
3407,00
4316,00
924,00
8092,00
12948,00
5886,00
5396,00
16188,00
4316,00
1660,00
3408,00
4047,00
5396,00
10793,00
12953,00
7196,00
9252,00
12953,00
4982,00
5888,00
7197,00
21592,00
9254,00
32389,00
12955,00
12955,00
5889,00
3409,00
8098,00
4984,00
10800,00
10801,00
12961,00
9258,00
21604,00
4985,00
925,00
3086,00
3411,00
6483,00
4321,00
7203,00
4322,00
12966,00
8103,00
3241,00
4630,00
5894,00
16209,00
12967,00
10806,00
9262,00
16209,00
16210,00
2593,00
7204,00
2401,00
21615,00
12969,00
6484,00
10808,00
21617,00
4323,00
3242,00
5405,00
6486,00
8107,00
8108,00
4989,00
6486,00
8108,00
6486,00
4989,00
3243,00
8109,00
9267,00
8109,00
32438,00
21627,00
6488,00
10814,00
4055,00
4326,00
4326,00
8112,00
7211,00
6490,00
12981,00
8113,00
6491,00
4993,00
6492,00
5902,00
3607,00
9275,00
5411,00
10822,00
9277,00
9277,00
5411,00
4638,00
5903,00
64947,00
7216,00
12989,00
10824,00
5412,00
7216,00
5904,00
6495,00
16238,00
1755,00
16238,00
8119,00
21651,00
10826,00
10826,00
3418,00
4331,00
5413,00
7218,00
9283,00
21665,00
9286,00
10834,00
10835,00
4334,00
3825,00
4645,00
7227,00
13010,00
13010,00
32526,00
16265,00
10843,00
5005,00
7230,00
8134,00
10848,00
13018,00
7233,00
65100,00
13021,00
13022,00
6511,00
6511,00
13025,00
21709,00
13026,00
16285,00
21720,00
13032,00
21720,00
4345,00
3621,00
9312,00
21730,00
5432,00
9315,00
13041,00
5434,00
10868,00
7246,00
8152,00
5434,00
32610,00
10870,00
9318,00
65228,00
32616,00
21744,00
8154,00
10873,00
21750,00
21750,00
21750,00
21751,00
21754,00
32634,00
21756,00
4662,00
8160,00
16320,00
8161,00
3265,00
6531,00
6531,00
6532,00
7258,00
6532,00
16331,00
13066,00
32668,00
9333,00
9334,00
32669,00
32670,00
21780,00
4084,00
5026,00
10890,00
10890,00
16337,00
10891,00
13070,00
21784,00
21787,00
6536,00
4357,00
10895,00
13074,00
7263,00
16349,00
9342,00
10900,00
8175,00
6540,00
9343,00
9343,00
16351,00
16353,00
10903,00
13083,00
32710,00
13085,00
2617,00
3848,00
4089,00
7271,00
8180,00
5949,00
10909,00
8182,00
13092,00
4364,00
2846,00
10912,00
10912,00
16368,00
0,57
7275,00
5037,00
16371,00
4092,00
5457,00
5953,00
16374,00
13100,00
10916,00
9357,00
16376,00
32752,00
2620,00
4094,00
4094,00
3447,00
9358,00
5459,00
13103,00
13104,00
9361,00
6553,00
8193,00
8193,00
10925,00
9366,00
7285,00
13114,00
10929,00
8197,00
4371,00
8198,00
4685,00
7288,00
13123,00
2116,00
65626,00
21879,00
32820,00
1683,00
2976,00
3676,00
4807,00
6944,00
6944,00
15626,00
31256,00
20837,00
3290,00
5209,00
10420,00
20841,00
6947,00
10422,00
8934,00
7817,00
8934,00
3291,00
4467,00
6254,00
15635,00
12508,00
10423,00
12508,00
31271,00
8934,00
947,00
2501,00
2156,00
4169,00
5686,00
5686,00
3475,00
6950,00
4468,00
2843,00
2606,00
3680,00
12512,00
5687,00
12513,00
8938,00
8939,00
15643,00
1604,00
2979,00
1840,00
5215,00
5689,00
5689,00
3129,00
15647,00
4814,00
1691,00
3295,00
3295,00
4174,00
6261,00
7827,00
5693,00
8947,00
6960,00
2723,00
3132,00
3685,00
10443,00
8951,00
20887,00
12533,00
10445,00
10446,00
2410,00
3917,00
3687,00
5225,00
10450,00
8958,00
8959,00
12543,00
8959,00
653,00
1792,00
1334,00
5227,00
4826,00
6971,00
4182,00
6971,00
7843,00
2241,00
2852,00
2510,00
10459,00
10460,00
20921,00
15691,00
15691,00
15692,00
996,00
1902,00
1652,00
5707,00
5707,00
12556,00
6975,00
6278,00
3304,00
1609,00
2854,00
3694,00
6279,00
6978,00
7850,00
5233,00
5709,00
20936,00
2617,00
2026,00
5234,00
5710,00
8973,00
12562,00
6979,00
5710,00
12563,00
2416,00
3306,00
5235,00
6282,00
6282,00
4833,00
15708,00
7854,00
20945,00
1570,00
2513,00
5712,00
5236,00
15710,00
10473,00
10474,00
15712,00
10475,00
1795,00
2619,00
2417,00
4490,00
6286,00
8980,00
10477,00
6286,00
2993,00
2994,00
4491,00
3698,00
4837,00
8983,00
5717,00
10482,00
7861,00
8984,00
1084,00
1572,00
2419,00
6291,00
8988,00
7864,00
6990,00
8988,00
10486,00
1797,00
1798,00
3312,00
10489,00
7866,00
7867,00
6994,00
5245,00
12589,00
1339,00
1907,00
2622,00
5723,00
7869,00
6296,00
12592,00
10494,00
7871,00
567,00
1799,00
1431,00
3314,00
3704,00
5248,00
1968,00
6299,00
3500,00
1702,00
2032,00
2250,00
3150,00
3937,00
6300,00
5727,00
6300,00
6300,00
1016,00
1853,00
1465,00
5728,00
4500,00
7876,00
3500,00
9002,00
6301,00
818,00
1853,00
2100,00
2864,00
7877,00
5729,00
3317,00
10504,00
4848,00
1616,00
2626,00
3152,00
5732,00
5732,00
5254,00
7882,00
9008,00
5255,00
1538,00
2252,00
3709,00
7007,00
5733,00
4851,00
7007,00
12613,00
4851,00
323,00
852,00
693,00
2336,00
3003,00
4852,00
1855,00
4205,00
2523,00
1034,00
1577,00
1752,00
5257,00
4205,00
5736,00
7010,00
7010,00
7888,00
481,00
1168,00
534,00
3712,00
3713,00
3946,00
1803,00
4210,00
284,00
