





































































































































































































































































































































































































































































































































































































































































































































































































































































































































































































































































































































427,00
12500,00
4545,00
1886,00
8333,00
3703,00
869,00
4347,00
1162,00
299,00
7692,00
2857,00
460,00
8333,00
20000,00
10000,00
20000,00
20000,00
7142,00
25000,00
16666,00
10000,00
14285,00
10000,00
5882,00
20000,00
3225,00
2127,00
14285,00
11111,00
3448,00
6666,00
6250,00
1724,00
9090,00
4761,00
1098,00
9090,00
4000,00
1204,00
6250,00
6250,00
2325,00
9090,00
9090,00
2222,00
9090,00
4761,00
1923,00
7692,00
2439,00
1010,00
8333,00
3333,00
847,00
4545,00
2380,00
884,00
1886,00
1063,00
231,00
2325,00
1030,00
149,00
1428,00
952,00
137,00
20000,00
10000,00
5882,00
6250,00
9090,00
3333,00
16666,00
11111,00
5000,00
10000,00
5263,00
2631,00
14285,00
2941,00
1190,00
11111,00
6250,00
2040,00
7142,00
3030,00
709,00
5555,00
1515,00
292,00
3448,00
1960,00
390,00
16666,00
11111,00
8333,00
11111,00
11111,00
10000,00
20000,00
16666,00
5882,00
16666,00
11111,00
3571,00
16666,00
9090,00
2702,00
16666,00
5882,00
2631,00
7142,00
3703,00
1204,00
7692,00
3125,00
961,00
5555,00
2222,00
719,00
8333,00
12500,00
3703,00
8333,00
12500,00
3846,00
6666,00
8333,00
4347,00
9090,00
9090,00
3333,00
10000,00
8333,00
2857,00
7692,00
7692,00
2702,00
9090,00
5000,00
826,00
5000,00
4166,00
653,00
5263,00
3333,00
740,00
33333,00
25000,00
12500,00
12500,00
9090,00
4761,00
16666,00
8333,00
8333,00
14285,00
20000,00
4166,00
25000,00
10000,00
3571,00
16666,00
12500,00
3846,00
5555,00
4166,00
1538,00
6250,00
6666,00
1351,00
10000,00
5000,00
1538,00
7692,00
9090,00
5555,00
362,00
7142,00
1470,00
5555,00
11111,00
7142,00
25000,00
11111,00
4761,00
9090,00
9090,00
3333,00
14285,00
14285,00
5555,00
10000,00
8333,00
1851,00
3703,00
5882,00
1111,00
12500,00
9090,00
1538,00
33333,00
14285,00
5000,00
16666,00
25000,00
3225,00
16666,00
7692,00
3333,00
11111,00
6666,00
2222,00
14285,00
4545,00
1063,00
14285,00
2857,00
2127,00
5555,00
3225,00
684,00
3333,00
3448,00
408,00
4166,00
2127,00
507,00
50000,00
16666,00
11111,00
20000,00
7692,00
5555,00
20000,00
16666,00
14285,00
20000,00
12500,00
6666,00
20000,00
5263,00
1587,00
16666,00
10000,00
4545,00
9090,00
5000,00
1785,00
9090,00
4166,00
934,00
12500,00
5555,00
1265,00
20000,00
33333,00
11111,00
10000,00
12500,00
5263,00
25000,00
9090,00
7142,00
9090,00
9090,00
3333,00
14285,00
6666,00
1639,00
25000,00
3571,00
2941,00
10000,00
9090,00
1960,00
10000,00
5882,00
980,00
14285,00
8333,00
1298,00
9090,00
9090,00
2857,00
10000,00
10000,00
2380,00
9090,00
7692,00
2222,00
9090,00
4545,00
1449,00
10000,00
4166,00
1149,00
5882,00
4000,00
1219,00
2702,00
1612,00
318,00
2857,00
1639,00
220,00
2000,00
1086,00
204,00
16666,00
11111,00
7142,00
14285,00
16666,00
4545,00
16666,00
9090,00
5555,00
16666,00
7142,00
2777,00
14285,00
5882,00
1960,00
16666,00
9090,00
2500,00
8333,00
3846,00
1010,00
6666,00
4000,00
649,00
5263,00
2222,00
543,00
14285,00
25000,00
5263,00
14285,00
12500,00
3703,00
20000,00
16666,00
7692,00
16666,00
9090,00
3846,00
12500,00
6666,00
3333,00
20000,00
7692,00
3448,00
7692,00
4545,00
1250,00
4166,00
4000,00
819,00
5882,00
2631,00
546,00
1587,00
4166,00
952,00
4761,00
4545,00
1492,00
2777,00
2500,00
1098,00
3571,00
1724,00
840,00
4166,00
2439,00
800,00
2380,00
1298,00
564,00
1123,00
724,00
141,00
1176,00
746,00
182,00
909,00
492,00
129,00
7142,00
8333,00
2631,00
9090,00
11111,00
3333,00
8333,00
6250,00
2272,00
5000,00
3125,00
1886,00
7142,00
7692,00
1351,00
5000,00
2857,00
1063,00
2325,00
1449,00
467,00
2564,00
1612,00
444,00
1612,00
1111,00
440,00
2439,00
6250,00
1612,00
5000,00
8333,00
3225,00
4000,00
6250,00
2631,00
3703,00
3846,00
1538,00
6250,00
4545,00
1639,00
7692,00
4347,00
1754,00
2000,00
1562,00
395,00
3125,00
1923,00
515,00
2702,00
1388,00
386,00
4761,00
2941,00
1162,00
3703,00
4166,00
1162,00
3333,00
1886,00
757,00
2857,00
1282,00
540,00
2777,00
1408,00
490,00
1639,00
877,00
425,00
900,00
450,00
111,00
757,00
552,00
93,00
645,00
380,00
98,00
6250,00
5555,00
2941,00
6666,00
5882,00
2127,00
7692,00
5000,00
2000,00
4761,00
2500,00
1315,00
5882,00
2325,00
1052,00
4166,00
2500,00
917,00
1694,00
1030,00
346,00
2000,00
1010,00
255,00
1369,00
769,00
307,00
6666,00
5882,00
2857,00
8333,00
7692,00
2127,00
6250,00
5882,00
2173,00
4545,00
2272,00
970,00
6666,00
4166,00
1190,00
5555,00
2702,00
1030,00
2631,00
1190,00
357,00
2173,00
1428,00
374,00
1754,00
1030,00
380,00
1408,00
1515,00
450,00
2272,00
1562,00
628,00
1754,00
1030,00
448,00
1515,00
800,00
323,00
1315,00
847,00
282,00
884,00
552,00
225,00
450,00
297,00
40,00
465,00
290,00
44,00
354,00
216,00
30,00
5882,00
3225,00
1449,00
4545,00
3703,00
1190,00
4347,00
2173,00
909,00
2380,00
1724,00
666,00
3030,00
1639,00
653,00
1754,00
1265,00
515,00
1086,00
649,00
164,00
1063,00
617,00
148,00
763,00
446,00
126,00
4545,00
3846,00
1315,00
5555,00
4166,00
1408,00
3703,00
2941,00
1086,00
3846,00
2000,00
840,00
4166,00
2127,00
793,00
2857,00
1666,00
613,00
1265,00
724,00
173,00
1298,00
757,00
202,00
1000,00
568,00
117,00
14285,00
9090,00
5263,00
16666,00
16666,00
3846,00
16666,00
9090,00
3846,00
6666,00
3703,00
2040,00
8333,00
8333,00
3125,00
8333,00
3846,00
1639,00
3571,00
2500,00
800,00
4761,00
2564,00
729,00
2941,00
1639,00
653,00
14285,00
11111,00
5263,00
5882,00
14285,00
3225,00
10000,00
9090,00
4761,00
12500,00
5000,00
3846,00
12500,00
12500,00
3571,00
12500,00
7692,00
2439,00
7142,00
5000,00
1075,00
1492,00
4545,00
970,00
6250,00
3703,00
1020,00
6666,00
10000,00
5000,00
10000,00
7692,00
4761,00
14285,00
7692,00
6666,00
7142,00
2500,00
2272,00
16666,00
12500,00
6250,00
16666,00
6250,00
3448,00
16666,00
4545,00
2083,00
8333,00
5000,00
1960,00
8333,00
3571,00
1612,00
11111,00
16666,00
4347,00
9090,00
14285,00
4545,00
11111,00
9090,00
3333,00
10000,00
6250,00
1960,00
7692,00
5555,00
1818,00
9090,00
4545,00
1369,00
3703,00
1785,00
662,00
3225,00
1785,00
473,00
2127,00
1162,00
458,00
20000,00
20000,00
11111,00
20000,00
11111,00
7692,00
33333,00
20000,00
6666,00
16666,00
5882,00
3333,00
11111,00
2941,00
2439,00
14285,00
6666,00
2857,00
10000,00
5000,00
1724,00
9090,00
4545,00
1020,00
7142,00
3225,00
1030,00
12500,00
25000,00
12500,00
25000,00
12500,00
6250,00
20000,00
16666,00
6666,00
9090,00
5555,00
3225,00
10000,00
7692,00
3333,00
16666,00
8333,00
3333,00
10000,00
4761,00
1754,00
8333,00
5000,00
1562,00
8333,00
4545,00
1408,00
7142,00
7142,00
2857,00
6250,00
6666,00
2380,00
6250,00
4347,00
1515,00
4545,00
2941,00
1098,00
5555,00
3125,00
1098,00
3703,00
2173,00
735,00
1785,00
970,00
291,00
1724,00
1098,00
238,00
1219,00
751,00
194,00
9090,00
11111,00
4000,00
6250,00
11111,00
2564,00
9090,00
11111,00
3125,00
9090,00
5555,00
2702,00
9090,00
6250,00
2222,00
9090,00
6250,00
1785,00
3846,00
2380,00
793,00
3225,00
2439,00
446,00
2500,00
1515,00
492,00
20000,00
11111,00
4761,00
16666,00
12500,00
6250,00
25000,00
12500,00
5000,00
11111,00
5000,00
2500,00
14285,00
6666,00
3333,00
12500,00
7142,00
2222,00
5882,00
3030,00
925,00
6250,00
3125,00
952,00
4000,00
1923,00
641,00
3448,00
10000,00
2941,00
14285,00
16666,00
5263,00
5555,00
14285,00
4166,00
7692,00
5882,00
3030,00
16666,00
10000,00
3846,00
9090,00
8333,00
2857,00
2941,00
3703,00
714,00
5000,00
4000,00
847,00
3225,00
2325,00
483,00
11111,00
14285,00
5882,00
9090,00
14285,00
5263,00
9090,00
16666,00
6250,00
12500,00
7692,00
5882,00
20000,00
14285,00
4545,00
12500,00
11111,00
4545,00
9090,00
4347,00
1724,00
7692,00
6666,00
1298,00
9090,00
5555,00
1587,00
510,00
4347,00
1010,00
3846,00
10000,00
3703,00
3703,00
14285,00
4000,00
7142,00
6666,00
4761,00
12500,00
10000,00
5882,00
25000,00
9090,00
5263,00
3448,00
6666,00
787,00
6666,00
7692,00
1111,00
5882,00
6666,00
793,00
20000,00
14285,00
7142,00
20000,00
16666,00
4545,00
11111,00
11111,00
4000,00
5882,00
5882,00
2777,00
12500,00
9090,00
2380,00
8333,00
7142,00
2127,00
4347,00
2083,00
746,00
4166,00
3030,00
641,00
3571,00
1754,00
632,00
10000,00
7692,00
5555,00
11111,00
10000,00
6666,00
11111,00
20000,00
8333,00
16666,00
11111,00
8333,00
20000,00
12500,00
4545,00
16666,00
11111,00
5000,00
10000,00
6666,00
1785,00
9090,00
7692,00
1351,00
7692,00
5555,00
1298,00
14285,00
16666,00
9090,00
20000,00
11111,00
5555,00
25000,00
14285,00
11111,00
7142,00
12500,00
4347,00
25000,00
7142,00
3225,00
16666,00
10000,00
3846,00
10000,00
5555,00
1960,00
14285,00
8333,00
1785,00
11111,00
6666,00
1851,00
3225,00
7692,00
1851,00
11111,00
7692,00
2941,00
6250,00
5882,00
1754,00
7142,00
4347,00
1351,00
5000,00
4000,00
1219,00
5000,00
3333,00
1063,00
2272,00
1449,00
268,00
2380,00
1470,00
270,00
1785,00
1041,00
139,00
5555,00
11111,00
5000,00
25000,00
12500,00
4545,00
20000,00
16666,00
4761,00
11111,00
11111,00
4000,00
12500,00
10000,00
3030,00
14285,00
7142,00
2325,00
7142,00
3571,00
1149,00
6666,00
3448,00
833,00
4545,00
2380,00
606,00
4545,00
11111,00
3030,00
10000,00
11111,00
7142,00
16666,00
14285,00
4000,00
14285,00
10000,00
3571,00
12500,00
7142,00
3703,00
20000,00
7692,00
3030,00
4000,00
4347,00
662,00
5882,00
3571,00
787,00
3571,00
2380,00
137,00
