




























































































































































































































































































































































































































































































































































































































































































































































































































































































































































































































































































































































































































































































































































































































































































































































































































































































































































































































































































































































































































































































































































































































































































































































































1965,00
1989,00
2364,00
3329,00
2399,00
3329,00
4661,00
2146,00
4410,00
3330,00
2766,00
3264,00
2298,00
2267,00
2365,00
3473,00
3796,00
2915,00
2176,00
2633,00
2176,00
2511,00
2040,00
2148,00
3139,00
1525,00
2551,00
2093,00
2148,00
2066,00
2815,00
1991,00
2677,00
3797,00
2916,00
3629,00
3024,00
2551,00
2815,00
2401,00
2437,00
2093,00
3140,00
3402,00
3024,00
2333,00
2474,00
2121,00
2475,00
2592,00
2300,00
2917,00
2333,00
2866,00
1835,00
1922,00
2121,00
2769,00
3026,00
2593,00
3714,00
4190,00
3335,00
2867,00
2867,00
2476,00
2042,00
2269,00
1969,00
2723,00
3084,00
2554,00
1878,00
2018,00
1702,00
3205,00
2818,00
2818,00
3892,00
2636,00
3987,00
3027,00
2018,00
2771,00
4087,00
4089,00
3634,00
5111,00
4957,00
5453,00
3990,00
4544,00
4090,00
2727,00
3087,00
2727,00
3896,00
3896,00
3637,00
2480,00
2922,00
2774,00
3147,00
2728,00
2683,00
3483,00
2443,00
3638,00
2923,00
2923,00
2872,00
3638,00
3210,00
3411,00
4309,00
3808,00
4198,00
3275,00
3721,00
3275,00
2924,00
3089,00
2775,00
3899,00
3722,00
3560,00
2823,00
3484,00
2824,00
1516,00
1724,00
2600,00
1927,00
1250,00
2243,00
1204,00
1222,00
2244,00
2642,00
1882,00
3150,00
2642,00
2100,00
4964,00
2184,00
2374,00
3091,00
3344,00
3034,00
3213,00
3724,00
4202,00
3997,00
2777,00
2686,00
2979,00
2483,00
2101,00
3563,00
788,00
1270,00
2732,00
1639,00
1623,00
2875,00
4313,00
3345,00
5653,00
4968,00
2277,00
8197,00
3643,00
2980,00
5464,00
4554,00
3643,00
5123,00
3643,00
5289,00
5465,00
4315,00
4099,00
4684,00
4099,00
3215,00
3999,00
2981,00
1906,00
2562,00
2523,00
2157,00
4205,00
5466,00
4316,00
4686,00
6560,00
7131,00
6074,00
3727,00
3727,00
4686,00
4316,00
4824,00
4970,00
6309,00
6563,00
4972,00
4558,00
4688,00
5128,00
5128,00
4435,00
5861,00
4208,00
2413,00
5659,00
3419,00
3218,00
6078,00
5128,00
2984,00
5861,00
5659,00
3419,00
10258,00
4690,00
5471,00
6566,00
6566,00
4828,00
6568,00
6082,00
6316,00
5865,00
5132,00
4692,00
6082,00
6843,00
5866,00
9661,00
6317,00
3352,00
6571,00
6319,00
4694,00
6846,00
9128,00
3423,00
9666,00
8216,00
2528,00
11737,00
9129,00
4833,00
10271,00
10271,00
7145,00
8650,00
9130,00
10957,00
12642,00
12642,00
8218,00
9131,00
9133,00
5479,00
7472,00
4981,00
2348,00
4835,00
6323,00
5669,00
7829,00
7148,00
4327,00
7829,00
5872,00
4698,00
7830,00
9135,00
6578,00
10278,00
8655,00
6578,00
5671,00
8656,00
9137,00
8656,00
8656,00
7476,00
7476,00
6853,00
4699,00
5306,00
5306,00
4569,00
6092,00
4217,00
4112,00
5672,00
5672,00
6093,00
5875,00
10968,00
6855,00
9140,00
4985,00
4570,00
7479,00
5308,00
5674,00
8228,00
5143,00
8229,00
8662,00
6096,00
6858,00
6331,00
8230,00
5144,00
7157,00
4572,00
3429,00
2532,00
5144,00
4221,00
8664,00
9145,00
5676,00
8231,00
9684,00
5311,00
11761,00
13721,00
7840,00
12665,00
6333,00
5311,00
8233,00
6099,00
8667,00
10292,00
7486,00
7486,00
9688,00
6862,00
3830,00
5882,00
5313,00
2614,00
5882,00
6335,00
4706,00
7843,00
6100,00
5313,00
7161,00
6863,00
6100,00
14975,00
10295,00
7844,00
6589,00
11766,00
6589,00
7163,00
7489,00
10984,00
13730,00
10298,00
10984,00
7489,00
2388,00
2701,00
3662,00
2658,00
2459,00
3582,00
1362,00
1615,00
2891,00
3433,00
3433,00
4578,00
4338,00
4848,00
7167,00
2997,00
2702,00
5685,00
4579,00
4021,00
5685,00
4339,00
5153,00
6342,00
2843,00
3171,00
4228,00
5153,00
4711,00
5889,00
3835,00
3054,00
6596,00
2356,00
3435,00
5890,00
5154,00
5497,00
7854,00
12687,00
10997,00
14997,00
5498,00
6598,00
8683,00
4459,00
5000,00
8250,00
5690,00
6875,00
7858,00
4231,00
6112,00
8685,00
4715,00
3056,00
4460,00
4343,00
3929,00
8253,00
2895,00
3301,00
5895,00
5158,00
4232,00
5325,00
9171,00
9171,00
11006,00
7178,00
6603,00
7504,00
6114,00
5159,00
6115,00
9173,00
8690,00
8690,00
7862,00
7863,00
7505,00
7179,00
5694,00
8691,00
6351,00
6605,00
11009,00
3669,00
4718,00
6351,00
5327,00
4857,00
5505,00
8257,00
8258,00
9175,00
4719,00
4588,00
7507,00
5695,00
4346,00
6607,00
5005,00
9717,00
13766,00
7866,00
6353,00
15018,00
16520,00
9718,00
13767,00
11800,00
5900,00
15020,00
5329,00
8696,00
15021,00
20656,00
6885,00
15024,00
33053,00
18363,00
23610,00
15025,00
9182,00
20661,00
13774,00
7187,00
12715,00
11807,00
11021,00
11809,00
12717,00
11022,00
16533,00
11022,00
10333,00
8701,00
6889,00
6613,00
6889,00
5333,00
6613,00
10333,00
5701,00
4863,00
6614,00
16536,00
15034,00
10336,00
8269,00
9728,00
10337,00
9729,00
7191,00
9189,00
10338,00
10338,00
9730,00
11027,00
12724,00
18380,00
5704,00
4353,00
7878,00
5705,00
5908,00
11030,00
3847,00
5337,00
8708,00
7194,00
5909,00
6128,00
13791,00
12730,00
16549,00
8274,00
6619,00
12731,00
6620,00
6365,00
7196,00
11822,00
8275,00
9196,00
7197,00
6621,00
11824,00
9738,00
16555,00
10347,00
8278,00
11037,00
18397,00
8714,00
9199,00
11039,00
7886,00
8280,00
7886,00
16562,00
11041,00
16563,00
11042,00
18403,00
27605,00
9202,00
6134,00
10352,00
11042,00
11831,00
15058,00
12742,00
18405,00
11832,00
7888,00
13804,00
10353,00
7530,00
7530,00
10353,00
6626,00
12743,00
16567,00
8283,00
8719,00
8719,00
15062,00
11045,00
12745,00
15062,00
27615,00
16569,00
6136,00
4041,00
4873,00
11047,00
9206,00
9207,00
9207,00
12748,00
8286,00
346,00
400,00
820,00
265,00
194,00
623,00
152,00
131,00
352,00
1042,00
915,00
1246,00
760,00
451,00
1347,00
436,00
303,00
774,00
1275,00
1337,00
1120,00
1535,00
1370,00
1467,00
1105,00
1049,00
1036,00
868,00
778,00
1783,00
504,00
262,00
975,00
290,00
175,00
504,00
1024,00
932,00
1998,00
829,00
229,00
1784,00
607,00
237,00
981,00
1823,00
1803,00
1659,00
1907,00
1627,00
2305,00
1565,00
1481,00
1508,00
1580,00
1455,00
1711,00
1430,00
943,00
1784,00
772,00
706,00
988,00
2101,00
2155,00
1844,00
2912,00
1886,00
2813,00
1627,00
1407,00
1694,00
1677,00
1930,00
1537,00
2478,00
1953,00
2000,00
1628,00
1660,00
1419,00
1766,00
2076,00
2306,00
1431,00
834,00
2372,00
897,00
822,00
1432,00
2479,00
1712,00
2556,00
1786,00
1130,00
2865,00
1308,00
1001,00
2215,00
2444,00
2308,00
1955,00
3324,00
3078,00
2724,00
2158,00
2077,00
1827,00
3137,00
2027,00
3393,00
1646,00
742,00
2598,00
1386,00
884,00
2310,00
3960,00
2003,00
4056,00
2028,00
418,00
3394,00
2132,00
1101,00
3024,00
3261,00
3199,00
2970,00
3960,00
2772,00
4265,00
3024,00
3262,00
2727,00
3262,00
3262,00
3262,00
2819,00
1751,00
3961,00
2599,00
2106,00
2971,00
4058,00
2727,00
3466,00
3466,00
2248,00
4894,00
3328,00
2411,00
3698,00
3328,00
3263,00
2600,00
4267,00
3617,00
4379,00
3140,00
3200,00
2820,00
3082,00
2972,00
2773,00
3140,00
2377,00
3200,00
1913,00
1809,00
2972,00
4380,00
4268,00
3618,00
5201,00
3397,00
4060,00
2821,00
2601,00
3541,00
2774,00
3082,00
2522,00
3871,00
3027,00
3468,00
2412,00
2920,00
2561,00
4757,00
4269,00
3964,00
3398,00
2081,00
5550,00
2378,00
1513,00
3141,00
5550,00
5203,00
4382,00
7240,00
1198,00
5947,00
3469,00
2006,00
4270,00
3620,00
3701,00
3785,00
5948,00
4758,00
5373,00
4271,00
4383,00
3470,00
5048,00
4271,00
3544,00
3966,00
2823,00
4271,00
3143,00
3029,00
3786,00
4760,00
5375,00
4165,00
6171,00
4628,00
6408,00
4901,00
3967,00
3967,00
3623,00
4629,00
3333,00
4902,00
4504,00
5208,00
3472,00
4273,00
3145,00
1894,00
1961,00
3145,00
1831,00
947,00
2733,00
1062,00
975,00
1437,00
5212,00
3270,00
5560,00
2285,00
1174,00
3972,00
2111,00
1917,00
4509,00
5561,00
5213,00
4766,00
6673,00
5561,00
4907,00
3707,00
4069,00
4509,00
4069,00
3033,00
7584,00
2060,00
953,00
3550,00
1896,00
1097,00
2980,00
5383,00
2828,00
7947,00
2139,00
659,00
5058,00
3091,00
1209,00
3974,00
6420,00
6182,00
6955,00
7588,00
4393,00
7258,00
6680,00
6958,00
6423,00
5759,00
5387,00
7262,00
5759,00
2609,00
7954,00
3212,00
2738,00
4913,00
8792,00
6960,00
7263,00
6960,00
4640,00
11137,00
4177,00
4284,00
6683,00
6683,00
5390,00
7264,00
9283,00
6962,00
9829,00
7265,00
5968,00
5968,00
4285,00
7958,00
9832,00
4517,00
2199,00
9287,00
3096,00
3096,00
5225,00
7270,00
5225,00
10450,00
3889,00
1672,00
10453,00
5575,00
3558,00
8363,00
7272,00
7603,00
6433,00
7603,00
8364,00
11152,00
6196,00
6196,00
7604,00
6971,00
6692,00
13942,00
3890,00
1307,00
5229,00
5070,00
2461,00
8808,00
4781,00
2614,00
8808,00
1481,00
119,00
2293,00
3043,00
1138,00
3892,00
12876,00
8810,00
11159,00
10462,00
4782,00
11957,00
10463,00
9847,00
9847,00
16741,00
7609,00
9848,00
13952,00
4083,00
8812,00
8812,00
6201,00
8812,00
9302,00
6697,00
7973,00
9849,00
3488,00
9302,00
13954,00
6440,00
9850,00
8373,00
6699,00
10468,00
11165,00
5775,00
16749,00
11963,00
8374,00
6978,00
7282,00
8816,00
8375,00
11167,00
5403,00
8375,00
5076,00
3895,00
7283,00
7977,00
7977,00
11966,00
16753,00
6701,00
16753,00
7978,00
6205,00
9307,00
9308,00
11169,00
8818,00
9855,00
13963,00
12889,00
7285,00
10473,00
10473,00
9310,00
7980,00
16758,00
11970,00
4788,00
9858,00
9310,00
4410,00
11173,00
15237,00
7618,00
18623,00
11175,00
2328,00
8823,00
18627,00
4657,00
10478,00
13971,00
9314,00
11976,00
12897,00
11177,00
18630,00
18631,00
16768,00
10480,00
11977,00
11179,00
11978,00
20962,00
4658,00
10482,00
9318,00
8386,00
13977,00
9866,00
9866,00
18637,00
11982,00
6213,00
18639,00
18639,00
15250,00
16775,00
16777,00
12905,00
12905,00
23970,00
11186,00
20974,00
11985,00
16779,00
10487,00
3813,00
3495,00
4535,00
3226,00
2363,00
4415,00
1864,00
2071,00
3424,00
7296,00
6992,00
7296,00
7628,00
5244,00
6216,00
3729,00
3290,00
5594,00
9873,00
6713,00
8392,00
6993,00
5788,00
9325,00
5788,00
7993,00
7994,00
5596,00
5246,00
8836,00
5246,00
2895,00
6716,00
3292,00
2544,00
5998,00
7998,00
6718,00
9331,00
11997,00
2153,00
18664,00
4420,00
3499,00
7303,00
7999,00
4799,00
9882,00
5600,00
5250,00
12923,00
7636,00
8842,00
8400,00
7305,00
5600,00
11201,00
10502,00
4201,00
8002,00
4668,00
4099,00
5795,00
12931,00
8405,00
7004,00
9339,00
6004,00
14010,00
9889,00
7005,00
8006,00
4203,00
7643,00
12935,00
15287,00
8409,00
10512,00
9345,00
12016,00
11216,00
8855,00
6471,00
16827,00
6232,00
6472,00
6010,00
4207,00
6011,00
7651,00
16834,00
6734,00
12026,00
8861,00
5612,00
12030,00
6015,00
4210,00
8422,00
12033,00
12959,00
18719,00
14039,00
8425,00
14043,00
9362,00
12963,00
14043,00
12038,00
12038,00
28091,00
12965,00
5267,00
15324,00
9364,00
7662,00
18729,00
16856,00
9364,00
28095,00
18730,00
2676,00
18732,00
10537,00
7663,00
21076,00
15329,00
15329,00
24089,00
18737,00
8432,00
21080,00
16865,00
12973,00
14054,00
15332,00
14055,00
21083,00
21083,00
9370,00
12047,00
16867,00
7666,00
16867,00
28112,00
9371,00
14057,00
15335,00
8033,00
18744,00
11247,00
6488,00
12050,00
14059,00
12050,00
16870,00
14059,00
9372,00
14059,00
21089,00
16871,00
21089,00
8880,00
7335,00
12052,00
7336,00
6490,00
11250,00
6250,00
8881,00
8881,00
9375,00
11250,00
14063,00
11251,00
7031,00
12054,00
10549,00
8037,00
10549,00
16879,00
10549,00
16880,00
15346,00
11254,00
16882,00
15348,00
12987,00
15348,00
12059,00
8040,00
12060,00
9932,00
4118,00
16886,00
10554,00
7342,00
21109,00
14073,00
8888,00
24126,00
8444,00
238,00
9935,00
12992,00
4967,00
11260,00
12993,00
5631,00
14080,00
12997,00
8448,00
12069,00
24139,00
12069,00
16898,00
15362,00
12070,00
12070,00
16898,00
14082,00
11265,00
15362,00
9940,00
28165,00
21124,00
18777,00
12071,00
10563,00
3756,00
11268,00
33806,00
11269,00
28174,00
12076,00
10566,00
12076,00
21133,00
4449,00
7351,00
42268,00
15370,00
12076,00
145,00
172,00
279,00
134,00
117,00
262,00
49,00
45,00
85,00
608,00
541,00
775,00
468,00
362,00
813,00
187,00
145,00
320,00
914,00
880,00
1031,00
1105,00
1024,00
1433,00
402,00
445,00
617,00
414,00
338,00
650,00
276,00
171,00
407,00
110,00
65,00
162,00
983,00
779,00
1433,00
798,00
337,00
1183,00
327,00
153,00
441,00
1497,00
1077,00
1433,00
1262,00
1226,00
1510,00
809,00
542,00
983,00
636,00
545,00
779,00
619,00
440,00
846,00
243,00
207,00
312,00
1376,00
1302,00
1860,00
1581,00
1128,00
1840,00
794,00
589,00
802,00
1567,00
1472,00
1376,00
1902,00
1710,00
2040,00
915,00
891,00
1071,00
806,00
864,00
1435,00
699,00
527,00
1045,00
274,00
245,00
426,00
1526,00
1554,00
2041,00
1344,00
1072,00
2420,00
609,00
444,00
887,00
1729,00
2092,00
2041,00
2648,00
2387,00
2353,00
1237,00
1255,00
1584,00
1678,00
1177,00
1971,00
1185,00
637,00
1862,00
503,00
329,00
734,00
3027,00
2119,00
2826,00
2042,00
753,00
3083,00
1185,00
557,00
1487,00
2609,00
2457,00
2692,00
2874,00
2924,00
3461,00
2356,00
2120,00
2203,00
2459,00
1731,00
2389,00
1437,00
1028,00
1767,00
980,00
716,00
1315,00
3328,00
2045,00
2977,00
2926,00
2070,00
2782,00
2020,00
1326,00
1974,00
2927,00
3086,00
2927,00
4140,00
3690,00
3858,00
2927,00
2496,00
2695,00
1451,00
1347,00
2263,00
1426,00
1010,00
1825,00
539,00
540,00
828,00
2460,00
2045,00
3032,00
2784,00
2021,00
3087,00
1476,00
1171,00
2046,00
2359,00
2235,00
2426,00
3033,00
3145,00
3145,00
1846,00
1649,00
1998,00
2740,00
1503,00
3033,00
2296,00
1297,00
2981,00
1155,00
679,00
1477,00
5310,00
3147,00
4720,00
4998,00
2536,00
4856,00
2697,00
1440,00
3035,00
3777,00
3269,00
3269,00
4594,00
4473,00
4047,00
2931,00
1954,00
3617,00
2699,00
2000,00
2932,00
3092,00
1518,00
3471,00
1269,00
895,00
1441,00
3955,00
3402,00
4476,00
6075,00
3619,00
4725,00
2984,00
1978,00
3150,00
3620,00
3403,00
3038,00
4362,00
4727,00
4599,00
2986,00
2540,00
3039,00
1279,00
1270,00
2702,00
1007,00
737,00
1506,00
438,00
407,00
750,00
2051,00
2003,00
3153,00
1774,00
1419,00
2988,00
887,00
763,00
1384,00
2661,00
3276,00
3703,00
3624,00
4732,00
3962,00
1958,00
2028,00
3155,00
2157,00
1578,00
2400,00
1128,00
673,00
1623,00
741,00
477,00
1052,00
3707,00
2623,00
5168,00
3045,00
1192,00
3876,00
1609,00
870,00
1834,00
4160,00
3280,00
5883,00
1874,00
3281,00
4162,00
3282,00
2510,00
4877,00
2943,00
2474,00
3793,00
2474,00
1293,00
2799,00
1524,00
1028,00
2057,00
4166,00
2800,00
4379,00
4270,00
3349,00
6571,00
2895,00
2010,00
3285,00
4381,00
4496,00
6572,00
5696,00
5893,00
8545,00
4273,00
4498,00
5894,00
3798,00
4070,00
7123,00
2514,00
1676,00
4749,00
1325,00
1147,00
2478,00
3886,00
3800,00
5030,00
3289,00
2281,00
6337,00
2138,00
1614,00
3290,00
5520,00
6112,00
6112,00
10068,00
7132,00
6339,00
3981,00
3356,00
5190,00
4894,00
4894,00
6591,00
3986,00
1504,00
4763,00
2381,00
1441,00
3063,00
7459,00
4904,00
7152,00
3731,00
964,00
4906,00
3505,00
1272,00
3655,00
6874,00
6137,00
11457,00
8186,00
7163,00
9551,00
5732,00
3908,00
9055,00
6144,00
6883,00
6374,00
5215,00
2868,00
5552,00
3663,00
2822,00
3913,00
6624,00
8612,00
10134,00
7831,00
4202,00
6893,00
8616,00
3077,00
5386,00
6895,00
8621,00
10776,00
13264,00
7839,00
11497,00
9582,00
6635,00
6900,00
4662,00
3751,00
7502,00
3922,00
2783,00
3835,00
2431,00
2080,00
3029,00
4544,00
3674,00
5955,00
6397,00
5080,00
6398,00
3259,00
2928,00
4018,00
6400,00
5959,00
8641,00
6173,00
6402,00
10805,00
4673,00
4322,00
5403,00
8235,00
4218,00
7520,00
4119,00
3089,00
3761,00
3089,00
2136,00
3762,00
9109,00
5769,00
9618,00
10821,00
4556,00
6414,00
5094,00
3208,00
5588,00
10190,00
6417,00
13328,00
5975,00
5415,00
1883,00
7222,00
5778,00
9124,00
5978,00
7538,00
6669,00
7539,00
3097,00
5595,00
4565,00
2478,00
4337,00
5983,00
6941,00
12395,00
10209,00
6428,00
11571,00
6676,00
3403,00
7547,00
10850,00
8680,00
13355,00
12401,00
9647,00
11576,00
9647,00
6202,00
8270,00
1459,00
1996,00
2847,00
1908,00
1888,00
2995,00
919,00
924,00
1223,00
3777,00
3949,00
4964,00
4456,00
4238,00
4827,00
2146,00
2021,00
3219,00
4575,00
4575,00
5796,00
4968,00
7904,00
6211,00
2095,00
2635,00
2999,00
3701,00
3282,00
4701,00
3866,00
2718,00
3702,00
1722,00
1426,00
2559,00
6445,00
4580,00
9670,00
10240,00
5120,00
6003,00
4705,00
2204,00
4146,00
4465,00
4583,00
8709,00
6006,00
7258,00
6968,00
4839,00
4249,00
5124,00
3227,00
3227,00
4250,00
4586,00
3168,00
6455,00
2206,00
2100,00
3289,00
6226,00
5811,00
7264,00
8717,00
10256,00
9687,00
4982,00
4359,00
4982,00
5625,00
5284,00
10258,00
6459,00
8305,00
7583,00
4254,00
4360,00
7583,00
3964,00
4590,00
8722,00
4153,00
4714,00
5627,00
2492,00
2457,00
3634,00
7586,00
4985,00
7931,00
9694,00
6462,00
9184,00
4985,00
3490,00
5453,00
6232,00
6980,00
9695,00
10908,00
13425,00
7933,00
4475,00
6713,00
6714,00
6465,00
7590,00
8313,00
8313,00
10270,00
13430,00
4476,00
3357,00
7591,00
14550,00
10913,00
13431,00
19401,00
7592,00
13433,00
9702,00
5293,00
14557,00
8318,00
8734,00
13438,00
14558,00
10919,00
19412,00
13439,00
7279,00
10277,00
3565,00
5460,00
9195,00
8736,00
9196,00
11648,00
6240,00
5636,00
7280,00
12480,00
6025,00
10921,00
29126,00
10922,00
19417,00
10922,00
7281,00
6472,00
10922,00
10923,00
17477,00
15444,00
9709,00
14564,00
10281,00
5461,00
7944,00
4855,00
4993,00
7944,00
6991,00
5462,00
9199,00
2689,00
3427,00
3298,00
8324,00
7601,00
10929,00
17488,00
6995,00
8328,00
7950,00
5300,00
6247,00
7289,00
7290,00
9209,00
12499,00
11665,00
11666,00
6251,00
6732,00
5001,00
8752,00
7611,00
14589,00
11672,00
6484,00
10944,00
7296,00
3806,00
7960,00
10945,00
6736,00
17514,00
17516,00
5474,00
8759,00
11679,00
5651,00
8759,00
9221,00
7301,00
15930,00
19470,00
15931,00
13481,00
11683,00
7302,00
7967,00
7303,00
9225,00
9226,00
11687,00
7968,00
10957,00
4495,00
5312,00
5157,00
11690,00
13489,00
13490,00
21922,00
7016,00
14618,00
12530,00
7627,00
7975,00
13496,00
9747,00
8355,00
9235,00
7977,00
7020,00
4875,00
3375,00
2543,00
134,00
397,00
293,00
360,00
538,00
657,00
115,00
256,00
206,00
909,00
1021,00
924,00
1236,00
1393,00
1361,00
587,00
848,00
873,00
557,00
832,00
520,00
1143,00
1298,00
1068,00
507,00
832,00
577,00
693,00
1112,00
1194,00
854,00
1021,00
1364,00
410,00
562,00
671,00
1518,00
1608,00
1425,00
2082,00
1805,00
1957,00
1160,00
1249,00
1342,00
1062,00
1152,00
1035,00
1609,00
1518,00
1490,00
1136,00
1310,00
950,00
644,00
1300,00
873,00
1195,00
1786,00
1609,00
427,00
833,00
574,00
1578,00
1675,00
1477,00
2031,00
2138,00
1935,00
1343,00
1642,00
1451,00
934,00
1241,00
1035,00
1625,00
1847,00
1519,00
903,00
1091,00
869,00
1270,00
1548,00
1693,00
1534,00
1983,00
1983,00
883,00
1301,00
1378,00
1936,00
2007,00
1694,00
2464,00
2666,00
2357,00
1564,00
1807,00
1492,00
1280,00
1390,00
1390,00
1749,00
2008,00
1787,00
1251,00
1344,00
1281,00
2033,00
2503,00
2392,00
2503,00
3389,00
3013,00
1749,00
1828,00
2059,00
2583,00
2667,00
2503,00
4282,00
3254,00
3537,00
2503,00
2958,00
2429,00
2034,00
2260,00
2060,00
3014,00
3014,00
2806,00
1984,00
2429,00
1892,00
2170,00
2229,00
2034,00
3071,00
2855,00
2199,00
1713,00
1892,00
1938,00
2293,00
2170,00
2293,00
3539,00
3786,00
3391,00
2114,00
2807,00
2326,00
2088,00
2171,00
1751,00
3016,00
3257,00
2431,00
1916,00
2143,00
1939,00
1206,00
2036,00
1916,00
2468,00
2506,00
2760,00
895,00
1851,00
1441,00
2143,00
2361,00
2088,00
3620,00
3702,00
3074,00
2201,00
3017,00
2263,00
1468,00
1851,00
1537,00
2469,00
2507,00
2295,00
1263,00
1831,00
1552,00
2173,00
3018,00
2810,00
3195,00
3543,00
3622,00
2362,00
2546,00
2264,00
3326,00
3975,00
3076,00
4658,00
4658,00
4406,00
3076,00
4406,00
3076,00
2547,00
3076,00
2433,00
3397,00
4407,00
3397,00
2673,00
3261,00
2470,00
2363,00
3327,00
1941,00
3328,00
3706,00
3020,00
1443,00
2589,00
2330,00
3471,00
3199,00








































































































































































































































































































































































































































































































































































































































































































































































































































































































































































































































































































































































































































































































































































































































































































































































































































































































































































































































































































































































































































