
























































































































































































































































































































































































































































































































































































































































































































































































































































































































































































































































































































































































































































































































































































































































































































































































































































































































































































































































































































































































































































































































































































































































































30611,00
6559,00
45918,00
45918,00
1800,00
7653,00
6122,00
4592,00
13120,00
18368,00
7653,00
18375,00
30625,00
2041,00
8352,00
10208,00
5742,00
13125,00
30626,00
7067,00
22969,00
30629,00
2625,00
11486,00
10209,00
9188,00
45944,00
45947,00
9189,00
45962,00
91927,00
3169,00
8357,00
10214,00
9193,00
18386,00
22983,00
6567,00
22987,00
15325,00
3284,00
8359,00
13136,00
5409,00
18393,00
22994,00
10220,00
30660,00
18396,00
3171,00
11498,00
11498,00
7666,00
30666,00
30668,00
10223,00
30674,00
30675,00
4001,00
9203,00
7079,00
8366,00
18408,00
30684,00
6136,00
30684,00
18412,00
1315,00
6138,00
5115,00
4004,00
11511,00
9209,00
7084,00
23024,00
18419,00
1705,00
8373,00
10234,00
4848,00
18425,00
46064,00
5419,00
15356,00
23036,00
1843,00
7088,00
4850,00
4608,00
18434,00
18435,00
5422,00
18438,00
46095,00
3292,00
9219,00
10243,00
5423,00
15365,00
23053,00
10245,00
30737,00
46106,00
3415,00
10246,00
13173,00
9221,00
30738,00
92215,00
7684,00
23054,00
46109,00
4191,00
11527,00
11527,00
6587,00
18444,00
23055,00
10247,00
18444,00
30741,00
3180,00
8382,00
7093,00
5763,00
30740,00
18445,00
6588,00
23061,00
92245,00
3547,00
10249,00
13178,00
7096,00
23063,00
30752,00
11532,00
18453,00
92266,00
3417,00
15377,00
6590,00
7688,00
23066,00
23066,00
10251,00
23066,00
18457,00
992,00
5428,00
2977,00
3076,00
10254,00
11537,00
2977,00
11538,00
15384,00
1442,00
5429,00
8391,00
4858,00
9231,00
18462,00
3297,00
15384,00
23076,00
1282,00
5430,00
4396,00
2797,00
9232,00
13189,00
6155,00
13190,00
15389,00
1810,00
6595,00
5771,00
3847,00
18468,00
15390,00
5771,00
30781,00
23086,00
3184,00
10260,00
7695,00
6596,00
30788,00
46182,00
11548,00
18484,00
23105,00
2718,00
7701,00
10269,00
4401,00
23107,00
23107,00
9243,00
9243,00
23111,00
1886,00
7704,00
6163,00
4622,00
11556,00
18490,00
6603,00
18491,00
30818,00
2719,00
10272,00
11557,00
6163,00
30821,00
46235,00
11559,00
30824,00
18495,00
2802,00
7114,00
5780,00
5780,00
18497,00
23122,00
9248,00
13214,00
18501,00
531,00
2984,00
5442,00
1850,00
4870,00
9254,00
3701,00
7711,00
23138,00
695,00
2644,00
8415,00
2103,00
6171,00
23144,00
3560,00
10290,00
30873,00
882,00
3194,00
5790,00
2260,00
5451,00
11584,00
3564,00
18536,00
30899,00
1495,00
5452,00
8429,00
1091,00
9275,00
11595,00
4417,00
30922,00
30928,00
1750,00
7732,00
10310,00
3569,00
10312,00
30940,00
6188,00
15471,00
23207,00
1473,00
5157,00
9282,00
2109,00
8439,00
9283,00
4036,00
30946,00
18567,00
1820,00
6631,00
9284,00
3571,00
13263,00
15475,00
6190,00
18570,00
46426,00
1934,00
7142,00
13265,00
4643,00
23217,00
15478,00
5463,00
18574,00
30957,00
1688,00
6191,00
11609,00
4423,00
9288,00
23221,00
5464,00
23224,00
30966,00
481,00
3096,00
4423,00
1689,00
6194,00
13274,00
2654,00
8447,00
30973,00
412,00
2212,00
4646,00
1080,00
4646,00
18585,00
3097,00
13275,00
46474,00
743,00
4647,00
6639,00
1659,00
10328,00
15492,00
3205,00
15493,00
23240,00
1328,00
5469,00
8452,00
2582,00
9298,00
15500,00
5166,00
31001,00
31001,00
738,00
3875,00
11626,00
1409,00
2735,00
31005,00
4429,00
13289,00
15504,00
1240,00
5472,00
11629,00
2658,00
11629,00
18607,00
4430,00
18608,00
31014,00
2269,00
7157,00
8459,00
4897,00
15509,00
31022,00
7756,00
46544,00
46544,00
1501,00
11637,00
11637,00
3580,00
11638,00
18621,00
5821,00
31047,00
31048,00
2166,00
8468,00
13307,00
3881,00
23290,00
18635,00
10353,00
15531,00
15531,00
454,00
2452,00
3728,00
1350,00
7766,00
11651,00
2453,00
10358,00
13319,00
568,00
2664,00
5180,00
1412,00
6660,00
10361,00
2331,00
6217,00
18653,00
617,00
3108,00
3587,00
1332,00
6218,00
10364,00
2915,00
8480,00
15547,00
1313,00
4240,00
5830,00
2028,00
10367,00
5831,00
4443,00
23327,00
18661,00
1529,00
6220,00
10368,00
2827,00
9331,00
23332,00
4444,00
15555,00
46666,00
1530,00
5185,00
7777,00
2592,00
10370,00
15555,00
5833,00
18668,00
18669,00
1436,00
4445,00
6668,00
3219,00
10374,00
13340,00
4244,00
10376,00
31129,00
1945,00
8490,00
10377,00
4061,00
18683,00
31138,00
6228,00
18684,00
23359,00
1698,00
4672,00
7786,00
3337,00
10383,00
23364,00
4248,00
18693,00
13353,00
97,00
1087,00
1869,00
421,00
2526,00
3739,00
754,00
3339,00
6233,00
122,00
1508,00
1908,00
477,00
2922,00
4250,00
873,00
4922,00
9351,00
133,00
1214,00
2226,00
492,00
2597,00
4251,00
994,00
3017,00
9353,00
318,00
2033,00
2461,00
874,00
4923,00
4454,00
1585,00
6682,00
8504,00
287,00
1909,00
2752,00
1051,00
4925,00
9357,00
1462,00
7198,00
8508,00
290,00
2176,00
2924,00
828,00
6685,00
6240,00
1613,00
4680,00
7800,00
525,00
1835,00
2753,00
1215,00
4927,00
4255,00
1766,00
8511,00
7802,00
511,00
2035,00
3020,00
1170,00
5508,00
6689,00
1992,00
7805,00
9366,00
400,00
2178,00
3469,00
1156,00
4683,00
7806,00
1561,00
7206,00
8516,00
73,00
1076,00
2081,00
304,00
2532,00
3747,00
704,00
3747,00
4258,00
60,00
761,00
1952,00
243,00
1767,00
4259,00
616,00
2677,00
6693,00
102,00
1338,00
2231,00
329,00
4074,00
4462,00
318,00
4462,00
7208,00
176,00
1735,00
3023,00
628,00
3604,00
7208,00
1233,00
6694,00
7810,00
111,00
1129,00
2756,00
377,00
1952,00
7210,00
1171,00
4686,00
6695,00
205,00
1644,00
3749,00
650,00
3347,00
7811,00
1339,00
4687,00
10416,00
381,00
2286,00
2467,00
1187,00
3606,00
5209,00
1736,00
8525,00
8525,00
308,00
2345,00
4468,00
1066,00
5864,00
8530,00
1770,00
13406,00
6256,00
312,00
2760,00
3236,00
977,00
5522,00
4941,00
1676,00
7222,00
7824,00
59,00
700,00
1159,00
259,00
1916,00
2761,00
422,00
2608,00
4082,00
75,00
877,00
1676,00
304,00
2407,00
3756,00
751,00
4268,00
7825,00
88,00
853,00
1805,00
336,00
2471,00
4695,00
590,00
2934,00
4269,00
201,00
1490,00
1806,00
602,00
3131,00
5526,00
1118,00
4474,00
7830,00
186,00
1708,00
2610,00
671,00
3480,00
7831,00
1220,00
4946,00
8544,00
217,00
1740,00
2937,00
712,00
4087,00
6713,00
1189,00
4272,00
7833,00
385,00
1649,00
2089,00
979,00
2937,00
4087,00
1469,00
5530,00
9403,00
396,00
1808,00
3134,00
1119,00
4274,00
7233,00
1880,00
10449,00
9405,00
250,00
1774,00
2687,00
990,00
3919,00
6270,00
1221,00
4951,00
6271,00
3243,00
13439,00
6272,00
7840,00
15682,00
47049,00
10455,00
31366,00
94103,00
3764,00
13443,00
13443,00
4705,00
15444,00
23531,00
7843,00
47062,00
94128,00
4278,00
18826,00
15689,00
5230,00
31383,00
31383,00
10459,00
31377,00
31377,00
5537,00
18827,00
18827,00
7844,00
31378,00
31375,00
15687,00
47066,00
23533,00
3765,00
18826,00
18829,00
8558,00
15691,00
23537,00
10463,00
31390,00
31391,00
4957,00
23546,00
23546,00
13455,00
31403,00
31410,00
18846,00
23558,00
15705,00
4959,00
10471,00
7249,00
8568,00
31416,00
94250,00
9425,00
47133,00
47136,00
4961,00
18855,00
18855,00
10475,00
23572,00
94289,00
9428,00
47145,00
31431,00
4099,00
18859,00
13470,00
5238,00
13471,00
94299,00
10478,00
47154,00
15718,00
3772,00
13473,00
6287,00
7859,00
15719,00
47160,00
10480,00
18864,00
94322,00
2695,00
10481,00
13476,00
5549,00
8577,00
18870,00
5241,00
13479,00
47178,00
4493,00
13480,00
18873,00
4967,00
23597,00
47201,00
8582,00
94404,00
0,57
4104,00
11801,00
18882,00
9441,00
10490,00
31472,00
18883,00
47209,00
0,57
3776,00
7263,00
13489,00
7869,00
10492,00
13490,00
7264,00
18887,00
31479,00
7264,00
15740,00
23611,00
18887,00
11804,00
94442,00
11805,00
18889,00
47222,00
6297,00
15746,00
7873,00
9450,00
23626,00
47252,00
15751,00
23627,00
94514,00
5559,00
13504,00
31509,00
13504,00
18906,00
13504,00
10503,00
31511,00
47273,00
4976,00
15758,00
23642,00
13510,00
31525,00
31525,00
10508,00
15763,00
31528,00
2556,00
7883,00
5564,00
5255,00
15767,00
47310,00
6309,00
47326,00
18932,00
3155,00
7890,00
10520,00
7890,00
15781,00
23672,00
7892,00
23677,00
13529,00
2785,00
9473,00
11842,00
5263,00
18948,00
47371,00
7288,00
47373,00
31582,00
2960,00
13536,00
13536,00
4987,00
10528,00
15793,00
7896,00
94765,00
94766,00
4120,00
15793,00
18952,00
13538,00
47385,00
15795,00
13538,00
94772,00
47386,00
5575,00
15796,00
18955,00
11847,00
18955,00
47389,00
15796,00
47389,00
0,57
4308,00
15796,00
6770,00
8616,00
31593,00
15796,00
15796,00
31593,00
47392,00
4988,00
15799,00
18959,00
8617,00
47398,00
94798,00
13543,00
23703,00
47407,00
4122,00
13545,00
23704,00
9482,00
31606,00
94826,00
10536,00
47414,00
31610,00
1975,00
6774,00
10538,00
3512,00
10539,00
31620,00
5270,00
11858,00
13553,00
1860,00
7298,00
13553,00
3514,00
18976,00
23721,00
5930,00
13556,00
31632,00
1694,00
5931,00
9490,00
3954,00
18982,00
47455,00
6327,00
23728,00
23729,00
2966,00
11865,00
18985,00
4996,00
23733,00
31644,00
9493,00
31646,00
94938,00
2434,00
8631,00
11868,00
2877,00
7913,00
94962,00
15827,00
10551,00
94965,00
2793,00
7913,00
13568,00
4317,00
10553,00
47492,00
15831,00
18998,00
47495,00
2638,00
9500,00
13573,00
7917,00
19005,00
47515,00
6335,00
19007,00
23762,00
4527,00
10563,00
19014,00
5942,00
9508,00
47540,00
10564,00
19016,00
19017,00
2716,00
11885,00
23773,00
5593,00
9509,00
47551,00
9511,00
47555,00
31703,00
1132,00
8646,00
11889,00
4323,00
10569,00
31709,00
6341,00
23785,00
31714,00
923,00
3281,00
11894,00
1204,00
2320,00
15857,00
4530,00
9514,00
19035,00
1942,00
5598,00
11897,00
3282,00
11897,00
31726,00
4326,00
23795,00
47591,00
1983,00
13598,00
23797,00
2505,00
13598,00
31730,00
9519,00
23798,00
47601,00
490,00
2025,00
11900,00
393,00
209,00
5950,00
4327,00
4760,00
7934,00
1796,00
7934,00
13602,00
2573,00
7934,00
23805,00
8656,00
23806,00
0,57
4328,00
15871,00
15871,00
7936,00
23810,00
47621,00
13607,00
47626,00
47632,00
2646,00
11909,00
23819,00
4537,00
7940,00
23820,00
8662,00
23825,00
95302,00
2382,00
23826,00
19061,00
4765,00
15885,00
31773,00
8665,00
19064,00
11915,00
1342,00
4766,00
7944,00
2508,00
10594,00
19069,00
4767,00
19070,00
31786,00
1238,00
5609,00
11920,00
2119,00
6358,00
19074,00
4768,00
15897,00
47693,00
1490,00
4542,00
6813,00
3077,00
11924,00
19078,00
5020,00
15899,00
23849,00
2218,00
9541,00
11928,00
3290,00
10603,00
23856,00
5305,00
31832,00
47749,00
2513,00
7958,00
19100,00
2170,00
5305,00
15917,00
7346,00
31835,00
19101,00
2581,00
15644,00
19103,00
3411,00
15644,00
15919,00
6367,00
31839,00
95519,00
2581,00
8683,00
10614,00
6368,00
11940,00
31845,00
6823,00
19107,00
23884,00
2729,00
13648,00
15923,00
4549,00
11943,00
31848,00
8685,00
23888,00
47779,00
2810,00
11945,00
15927,00
5621,00
19113,00
23894,00
9557,00
19115,00
31860,00
320,00
1803,00
2275,00
946,00
4345,00
8690,00
2731,00
8690,00
9559,00
341,00
2331,00
2897,00
846,00
4552,00
7354,00
1770,00
7967,00
9561,00
347,00
2390,00
3542,00
831,00
3825,00
8695,00
1952,00
7971,00
10628,00
597,00
2657,00
4159,00
1386,00
7972,00
11960,00
2658,00
11962,00
13671,00
429,00
3828,00
5630,00
1227,00
9572,00
15954,00
2735,00
11965,00
31908,00
525,00
2900,00
5983,00
1100,00
5983,00
13677,00
2735,00
10638,00
19148,00
987,00
3191,00
3191,00
1877,00
8704,00
13679,00
3419,00
10639,00
15959,00
825,00
3683,00
5320,00
1806,00
7980,00
13682,00
2455,00
13682,00
13682,00
694,00
3302,00
5634,00
1243,00
6842,00
11973,00
2903,00
15966,00
11975,00
182,00
2038,00
3090,00
725,00
3421,00
8710,00
1570,00
5636,00
9581,00
122,00
1277,00
3549,00
321,00
1388,00
4791,00
998,00
3091,00
7985,00
241,00
2177,00
4791,00
766,00
3091,00
9583,00
1545,00
5324,00
13692,00
277,00
2995,00
5990,00
1030,00
3686,00
10651,00
2130,00
7988,00
10651,00
92,00
779,00
3195,00
207,00
647,00
5992,00
978,00
3687,00
9587,00
291,00
1917,00
5993,00
767,00
3093,00
15983,00
1880,00
7991,00
13700,00
685,00
3425,00
3837,00
2131,00
7994,00
11993,00
2525,00
19192,00
19192,00
470,00
3998,00
6854,00
1170,00
3998,00
11996,00
1999,00
8724,00
11997,00
448,00
3691,00
6856,00
1043,00
6856,00
9598,00
2232,00
9598,00
11998,00
186,00
1432,00
2181,00
635,00
3555,00
4571,00
1411,00
6400,00
7385,00
190,00
1627,00
3096,00
635,00
2526,00
8728,00
1297,00
4364,00
9602,00
229,00
1500,00
2910,00
657,00
4175,00
6860,00
1477,00
5649,00
10672,00
401,00
2825,00
3430,00
1130,00
4366,00
8006,00
2401,00
10674,00
12009,00
269,00
2911,00
5056,00
739,00
3431,00
19217,00
1847,00
8735,00
8735,00
369,00
2597,00
4576,00
889,00
5058,00
10678,00
1779,00
4178,00
8737,00
858,00
3203,00
3432,00
1525,00
4576,00
8009,00
3560,00
8738,00
19226,00
600,00
4577,00
6008,00
1602,00
6008,00
12018,00
3101,00
10683,00
19229,00
475,00
2598,00
5341,00
1144,00
3847,00
13739,00
2466,00
8743,00
9619,00
4372,00
13742,00
10688,00
8745,00
24049,00
19239,00
8016,00
24049,00
32067,00
5063,00
10689,00
9620,00
8746,00
32071,00
32071,00
9621,00
16036,00
19244,00
4582,00
10691,00
13747,00
8748,00
48121,00
48124,00
13749,00
19249,00
24062,00
6875,00
24063,00
16043,00
9626,00
24066,00
96282,00
16048,00
32098,00
19259,00
8025,00
48152,00
32101,00
24076,00
48153,00
32103,00
24080,00
24083,00
19267,00
6422,00
13764,00
24087,00
13764,00
96353,00
32117,00
10706,00
19271,00
24089,00
6022,00
19272,00
19272,00
7413,00
48192,00
32128,00
12048,00
24096,00
32131,00
5670,00
48200,00
32133,00
16068,00
32137,00
32141,00
13775,00
0,57
12054,00
4018,00
12055,00
8037,00
8037,00
19289,00
0,57
6430,00
13780,00
10718,00
5077,00
13781,00
19293,00
8769,00
24117,00
24118,00
10719,00
24118,00
48239,00
4824,00
32162,00
32165,00
7423,00
48250,00
48258,00
6435,00
48268,00
32179,00
4197,00
13791,00
10726,00
4197,00
24134,00
24134,00
6435,00
32180,00
0,57
6033,00
19308,00
19310,00
13793,00
13793,00
24138,00
16095,00
32190,00
0,57
7428,00
24143,00
24143,00
24143,00
24144,00
32193,00
9657,00
48297,00
32198,00
6037,00
13799,00
24149,00
16100,00
24150,00
24150,00
19320,00
32202,00
0,57
5085,00
24159,00
16106,00
6442,00
24160,00
7434,00
9665,00
12082,00
48328,00
5370,00
24165,00
24167,00
19333,00
48339,00
48340,00
8789,00
19338,00
16115,00
4834,00
48347,00
19339,00
19340,00
96701,00
19340,00
13814,00
24176,00
19341,00
3119,00
8059,00
7439,00
6044,00
19343,00
16120,00
7440,00
19349,00
48373,00
3869,00
12095,00
12095,00
6047,00
16127,00
19353,00
12095,00
32256,00
48384,00
4032,00
9678,00
12098,00
8065,00
13827,00
19360,00
8067,00
24202,00
32269,00
5095,00
16135,00
12102,00
8801,00
13831,00
96831,00
12104,00
24210,00
96848,00
6456,00
32285,00
32286,00
19372,00
96860,00
96880,00
10764,00
48441,00
96904,00
5700,00
24226,00
19385,00
10770,00
48469,00
32315,00
13849,00
96946,00
0,57
6059,00
13850,00
16160,00
10773,00
19392,00
32320,00
16160,00
32321,00
0,57
6926,00
19393,00
19393,00
19393,00
96980,00
96980,00
19397,00
0,57
96991,00
4618,00
19398,00
16167,00
10778,00
48504,00
48504,00
16168,00
97012,00
48507,00
2553,00
8085,00
9703,00
5390,00
16173,00
24260,00
8822,00
13863,00
32352,00
2773,00
8824,00
19413,00
5392,00
16177,00
24267,00
8090,00
8825,00
19416,00
2367,00
6934,00
13869,00
4045,00
19417,00
32362,00
10787,00
13871,00
24274,00
4045,00
16183,00
24274,00
6935,00
13871,00
24275,00
13871,00
24275,00
48551,00
3596,00
16184,00
24276,00
6936,00
13874,00
32374,00
13877,00
16189,00
19428,00
3597,00
8095,00
32381,00
2556,00
12144,00
48580,00
13880,00
9716,00
32397,00
4859,00
12149,00
13884,00
7476,00
24298,00
32399,00
8836,00
16200,00
24300,00
4418,00
9720,00
32402,00
10800,00
19442,00
32403,00
19443,00
16203,00
24305,00
2777,00
13889,00
29664,00
6356,00
44497,00
22249,00
5235,00
12713,00
29666,00
2617,00
11125,00
14833,00
4684,00
8901,00
29671,00
6847,00
44508,00
44509,00
2697,00
9891,00
14836,00
6847,00
14844,00
89068,00
7422,00
22267,00
0,57
2783,00
5939,00
11135,00
5240,00
17818,00
44550,00
7425,00
22276,00
22276,00
4243,00
12730,00
12730,00
6365,00
22278,00
22278,00
12731,00
22279,00
29706,00
3300,00
29706,00
14853,00
5570,00
5570,00
14854,00
22281,00
17825,00
29710,00
2700,00
8102,00
14855,00
6366,00
14856,00
22284,00
22284,00
29713,00
89142,00
4052,00
17828,00
22286,00
8914,00
29715,00
29715,00
22286,00
89149,00
89150,00
4692,00
12737,00
17833,00
7430,00
22293,00
14862,00
11146,00
11146,00
29724,00
3877,00
12741,00
29732,00
11150,00
22300,00
89209,00
11153,00
14871,00
17846,00
2028,00
5949,00
8924,00
4462,00
17848,00
17848,00
7437,00
22311,00
44629,00
2075,00
5950,00
11157,00
4057,00
29754,00
12751,00
8115,00
11158,00
29756,00
1821,00
7439,00
14880,00
5952,00
29761,00
12754,00
11160,00
22322,00
44648,00
3435,00
8931,00
14885,00
5254,00
14887,00
29775,00
6871,00
14888,00
22332,00
3883,00
22332,00
22332,00
4962,00
17866,00
22336,00
8935,00
29786,00
29787,00
2793,00
8125,00
22348,00
4063,00
7449,00
4469,00
8940,00
14900,00
29800,00
3311,00
9933,00
14900,00
8127,00
29801,00
29803,00
17882,00
29804,00
29804,00
4064,00
17883,00
29807,00
8942,00
29809,00
29809,00
12775,00
9936,00
89441,00
4065,00
14908,00
29816,00
8945,00
29817,00
44721,00
9938,00
29815,00
44727,00
868,00
2795,00
4066,00
1944,00
7454,00
7454,00
2181,00
7454,00
11182,00
745,00
3579,00
3579,00
2485,00
6884,00
12786,00
3196,00
11187,00
17901,00
683,00
2797,00
4262,00
1989,00
8137,00
8951,00
2557,00
8138,00
9947,00
1177,00
3730,00
5266,00
2984,00
12790,00
12790,00
4712,00
17906,00
17907,00
1119,00
4069,00
5596,00
3087,00
22387,00
14924,00
3893,00
12793,00
17911,00
984,00
4713,00
7464,00
2889,00
17914,00
17915,00
3894,00
12797,00
22396,00
1262,00
4715,00
6400,00
3200,00
12801,00
14935,00
4716,00
12802,00
17923,00
1493,00
5601,00
6894,00
3896,00
14938,00
22407,00
4481,00
17926,00
12804,00
943,00
4979,00
6403,00
3320,00
11206,00
14943,00
2892,00
7471,00
9962,00
679,00
3448,00
4076,00
1573,00
8967,00
6898,00
2717,00
12811,00
17936,00
590,00
4076,00
5275,00
1446,00
8968,00
14947,00
2038,00
6898,00
14947,00
515,00
3899,00
5604,00
1423,00
8152,00
9965,00
2360,00
8153,00
11211,00
1093,00
4485,00
8970,00
3588,00
12815,00
17941,00
4485,00
29896,00
29896,00
838,00
5276,00
7474,00
2491,00
14949,00
17942,00
5278,00
14955,00
14955,00
823,00
4486,00
11218,00
2493,00
8975,00
22439,00
4724,00
11220,00
11220,00
1213,00
4725,00
6413,00
3453,00
14965,00
14966,00
5283,00
17962,00
14968,00
976,00
5988,00
9980,00
3208,00
12832,00
22459,00
3208,00
14974,00
22463,00
802,00
4992,00
5616,00
1912,00
6912,00
11233,00
2995,00
8170,00
8987,00
463,00
2304,00
3210,00
1473,00
6420,00
6914,00
2304,00
11238,00
8990,00
531,00
2997,00
3746,00
1474,00
6424,00
11242,00
2901,00
14992,00
12851,00
378,00
2902,00
4090,00
1551,00
8180,00
8999,00
1578,00
6922,00
8181,00
1034,00
4285,00
5294,00
2647,00
11250,00
12857,00
2571,00
7501,00
11252,00
318,00
6001,00
7501,00
2727,00
11253,00
18005,00
4738,00
10003,00
15004,00
782,00
4501,00
7502,00
2251,00
10005,00
9004,00
2814,00
10005,00
8186,00
1000,00
4288,00
5003,00
2649,00
7506,00
11259,00
3602,00
10008,00
12867,00
1233,00
6434,00
6929,00
3336,00
12870,00
22533,00
5302,00
18029,00
18030,00
563,00
4293,00
6935,00
2146,00
7513,00
11270,00
1767,00
4508,00
6011,00
220,00
2652,00
2652,00
1701,00
5305,00
9019,00
1610,00
6937,00
12884,00
858,00
3340,00
4295,00
2254,00
8199,00
11277,00
2506,00
11277,00
11278,00
521,00
3007,00
3609,00
1961,00
9024,00
11281,00
1556,00
9025,00
12893,00
















































































































































































































































































































































































































































































































































































































































































































































































































































































































































































































































































































































































































































































































































































































































































































































































































































































































































































































































































































































































































































































































































































































































