
























































































































































































































































































































































































































































































































































































































































































































































































































































































































































































































































































































































































































































































































































































































































































































































































































































































































































































































































































































































































































































































































































































































































































1776,00
0,57
26054,00
1663,00
26054,00
2442,00
372,00
26056,00
3006,00
409,00
39085,00
3126,00
394,00
39086,00
39086,00
4114,00
15634,00
26059,00
3722,00
78177,00
26059,00
3722,00
78177,00
78177,00
2233,00
78177,00
78177,00
2369,00
0,57
39091,00
2171,00
39091,00
7818,00
550,00
78183,00
7107,00
592,00
26061,00
7107,00
566,00
78190,00
19547,00
1699,00
78191,00
39095,00
2004,00
0,57
39097,00
1907,00
78196,00
13033,00
1221,00
0,57
19551,00
1282,00
78209,00
19552,00
1241,00
26071,00
1907,00
287,00
39110,00
2114,00
311,00
39112,00
2058,00
297,00
26076,00
19557,00
3129,00
78233,00
19560,00
3401,00
78243,00
11177,00
2794,00
39122,00
7824,00
1778,00
39122,00
19561,00
2114,00
39122,00
26081,00
1630,00
19562,00
3726,00
508,00
15650,00
4118,00
528,00
39126,00
3912,00
483,00
19564,00
19564,00
4118,00
0,57
39130,00
5217,00
0,57
15652,00
3726,00
39131,00
39132,00
2608,00
78264,00
15044,00
2115,00
0,57
26090,00
2371,00
19567,00
9783,00
692,00
26092,00
9784,00
621,00
78276,00
8697,00
636,00
0,57
26092,00
2446,00
78278,00
26092,00
2899,00
0,57
26093,00
2525,00
0,57
19572,00
1535,00
26097,00
13048,00
1702,00
78296,00
19574,00
1505,00
26099,00
2525,00
395,00
19574,00
2699,00
425,00
39148,00
2525,00
401,00
19575,00
7830,00
1305,00
39152,00
11186,00
1423,00
19576,00
7832,00
1243,00
78324,00
6024,00
732,00
19582,00
11190,00
807,00
19585,00
7121,00
739,00
6528,00
2176,00
208,00
15670,00
2304,00
220,00
7123,00
2009,00
184,00
78376,00
8708,00
1866,00
78377,00
15675,00
2009,00
39189,00
9797,00
1599,00
39191,00
15676,00
922,00
78386,00
19596,00
1169,00
78386,00
13064,00
1104,00
13064,00
3266,00
288,00
19597,00
3733,00
290,00
11201,00
3409,00
294,00
39209,00
8713,00
956,00
78429,00
11204,00
1045,00
78430,00
13073,00
1005,00
78439,00
7843,00
598,00
26148,00
11206,00
670,00
39222,00
8716,00
632,00
13074,00
1705,00
172,00
11208,00
2179,00
186,00
11209,00
2120,00
178,00
39234,00
78469,00
8718,00
0,57
39239,00
7847,00
19619,00
0,57
11211,00
78484,00
19621,00
5232,00
39242,00
39242,00
8720,00
0,57
78484,00
6037,00
0,57
15697,00
1266,00
0,57
19625,00
1353,00
39252,00
19629,00
1287,00
39260,00
39260,00
9815,00
3926,00
26177,00
3272,00
78531,00
78531,00
19632,00
0,57
78532,00
8726,00
0,57
78537,00
8726,00
0,57
78538,00
7855,00
0,57
19638,00
2067,00
78563,00
26188,00
2380,00
0,57
19644,00
2311,00
39294,00
26196,00
4622,00
78588,00
78588,00
5613,00
78589,00
0,57
4912,00
78596,00
39299,00
3275,00
78614,00
39307,00
4367,00
39310,00
39317,00
3276,00
39318,00
11233,00
958,00
78637,00
8737,00
1008,00
78642,00
7864,00
1008,00
0,57
0,57
13109,00
78657,00
39329,00
15731,00
0,57
78658,00
7150,00
0,57
26220,00
7866,00
78661,00
39330,00
6555,00
39331,00
78663,00
7151,00
0,57
19666,00
1873,00
0,57
19667,00
1873,00
0,57
15736,00
1873,00
78681,00
0,57
9835,00
78681,00
78681,00
15736,00
0,57
78682,00
13113,00
78682,00
39341,00
9835,00
78682,00
7152,00
2458,00
0,57
26229,00
7153,00
78693,00
19673,00
2384,00
78694,00
13115,00
2186,00
78698,00
39349,00
2314,00
0,57
0,57
9838,00
0,57
78709,00
7155,00
0,57
78713,00
9839,00
78715,00
0,57
6559,00
15743,00
19678,00
5247,00
39358,00
0,57
7156,00
0,57
26238,00
1485,00
0,57
15743,00
1674,00
78717,00
19679,00
1513,00
78717,00
78717,00
4630,00
0,57
0,57
5623,00
15745,00
78730,00
3936,00
78738,00
26246,00
2715,00
0,57
13123,00
2540,00
0,57
26248,00
2249,00
78746,00
7158,00
729,00
78752,00
9844,00
795,00
39377,00
4922,00
772,00
78755,00
13125,00
5625,00
26251,00
13126,00
3424,00
78762,00
39381,00
5250,00
78770,00
39385,00
3750,00
0,57
78772,00
4145,00
0,57
39386,00
3938,00
78773,00
7161,00
1036,00
39389,00
13129,00
1109,00
19695,00
11254,00
1023,00
0,57
39391,00
2541,00
0,57
39392,00
3282,00
78794,00
26264,00
3283,00
78798,00
19699,00
2129,00
19699,00
39399,00
2387,00
78803,00
19701,00
2189,00
78804,00
7164,00
597,00
78805,00
9850,00
667,00
78805,00
7164,00
610,00
39405,00
26270,00
6567,00
78814,00
78816,00
11259,00
0,57
0,57
15764,00
39414,00
39414,00
6063,00
78829,00
39414,00
6063,00
78830,00
39415,00
7883,00
0,57
13138,00
1791,00
78830,00
26277,00
2021,00
0,57
26277,00
2130,00
78831,00
78831,00
13138,00
78832,00
39416,00
13138,00
39416,00
78840,00
19710,00
78840,00
0,57
11262,00
0,57
78840,00
13140,00
78842,00
0,57
11263,00
0,57
19710,00
2463,00
0,57
39422,00
3032,00
19711,00
39422,00
2718,00
39423,00
78846,00
7167,00
78846,00
26282,00
11264,00
19712,00
78848,00
8761,00
78857,00
78857,00
6571,00
78861,00
19715,00
6066,00
78861,00
26287,00
5257,00
0,57
6572,00
1546,00
78871,00
6572,00
1715,00
0,57
7173,00
1678,00
15781,00
0,57
11272,00
39454,00
0,57
9863,00
78916,00
78916,00
7174,00
78916,00
78919,00
9864,00
0,57
0,57
9865,00
0,57
26307,00
8769,00
78924,00
26308,00
2466,00
19731,00
26308,00
2545,00
78925,00
26308,00
2630,00
0,57
0,57
11276,00
78936,00
0,57
19734,00
39468,00
0,57
15788,00
0,57
0,57
13157,00
0,57
0,57
15788,00
0,57
0,57
11278,00
78953,00
26318,00
3158,00
0,57
26318,00
3759,00
0,57
26319,00
3433,00
78959,00
0,57
9870,00
39480,00
0,57
11280,00
0,57
39486,00
13162,00
78972,00
39486,00
7897,00
0,57
78972,00
9871,00
78980,00
39490,00
4936,00
0,57
7898,00
1836,00
78984,00
8776,00
2078,00
0,57
7899,00
1755,00
26333,00
39500,00
4937,00
0,57
39503,00
6584,00
0,57
0,57
4647,00
79015,00
79015,00
3762,00
79018,00
39509,00
3950,00
0,57
79018,00
3591,00
79019,00
11288,00
940,00
39510,00
11288,00
1067,00
39511,00
11288,00
1053,00
79025,00
19756,00
6585,00
0,57
13171,00
9878,00
39514,00
0,57
7903,00
0,57
39525,00
4392,00
26354,00
79064,00
6588,00
79075,00
39538,00
5648,00
79076,00
15815,00
1296,00
39541,00
19770,00
1520,00
79083,00
19770,00
1318,00
0,57
79083,00
4942,00
0,57
79084,00
5648,00
0,57
79085,00
5272,00
79085,00
39542,00
3295,00
79088,00
26365,00
3439,00
0,57
39548,00
3163,00
79097,00
4394,00
841,00
79099,00
5273,00
869,00
79100,00
6084,00
815,00
79101,00
79101,00
6591,00
79101,00
19775,00
7191,00
0,57
0,57
6592,00
39554,00
39557,00
3596,00
26371,00
19780,00
4164,00
0,57
39565,00
3956,00
19784,00
9892,00
920,00
39570,00
26383,00
1084,00
79151,00
26385,00
1041,00
0,57
0,57
8796,00
39585,00
0,57
5656,00
0,57
26396,00
8798,00
39596,00
39600,00
5657,00
39600,00
39600,00
5280,00
0,57
79207,00
4950,00
79232,00
26410,00
1467,00
79234,00
19808,00
1523,00
39623,00
19811,00
1440,00
0,57
26416,00
5283,00
0,57
39624,00
5283,00
0,57
79254,00
6097,00
0,57
26422,00
3603,00
39633,00
39633,00
3963,00
79278,00
39643,00
3447,00
79289,00
9911,00
785,00
39645,00
15858,00
881,00
79294,00
15859,00
817,00
39649,00
79299,00
8812,00
0,57
0,57
9914,00
0,57
39659,00
9914,00
79324,00
9915,00
3966,00
79327,00
15865,00
2938,00
79335,00
0,57
3966,00
79335,00
11334,00
1220,00
79340,00
11334,00
1117,00
39672,00
11335,00
1030,00
79350,00
39675,00
5667,00
0,57
39677,00
11336,00
0,57
15870,00
7935,00
79354,00
11336,00
3450,00
39677,00
4408,00
1202,00
0,57
39678,00
5290,00
26453,00
13227,00
1072,00
79364,00
7214,00
551,00
79367,00
9920,00
1368,00
0,57
26459,00
5669,00
79377,00
0,57
6615,00
79381,00
79381,00
6106,00
0,57
19845,00
3608,00
0,57
19846,00
3307,00
0,57
39694,00
4178,00
79388,00
13231,00
1017,00
79389,00
13231,00
1072,00
39695,00
9923,00
1004,00
39697,00
39697,00
3175,00
39700,00
15880,00
2835,00
79405,00
26470,00
3308,00
39705,00
15882,00
1804,00
15883,00
7941,00
1588,00
0,57
8824,00
1498,00
11347,00
5673,00
451,00
15886,00
4412,00
420,00
19858,00
5296,00
438,00
0,57
39726,00
4673,00
0,57
39726,00
4673,00
0,57
39728,00
4414,00
79465,00
26488,00
1848,00
79465,00
13244,00
2091,00
0,57
26488,00
2207,00
19867,00
9933,00
575,00
26490,00
8830,00
436,00
19868,00
9934,00
620,00
79479,00
26494,00
2563,00
79484,00
26495,00
2740,00
39747,00
39747,00
2338,00
79504,00
39752,00
1500,00
79504,00
19876,00
1622,00
79507,00
26502,00
1445,00
39753,00
6117,00
391,00
26510,00
6627,00
427,00
26513,00
7230,00
397,00
39778,00
79557,00
7955,00
0,57
79557,00
19889,00
79557,00
39778,00
13261,00
79572,00
0,57
5304,00
0,57
39788,00
9947,00
0,57
0,57
15915,00
79576,00
19894,00
2947,00
39790,00
39790,00
3617,00
0,57
79586,00
3460,00
39793,00
26529,00
19898,00
26530,00
79594,00
7959,00
0,57
26531,00
11379,00
0,57
0,57
13278,00
39835,00
39840,00
6129,00
79684,00
39845,00
13282,00
0,57
0,57
6130,00
0,57
39847,00
4687,00
0,57
39847,00
5312,00
0,57
0,57
19924,00
39848,00
0,57
15939,00
79696,00
0,57
19924,00
79696,00
79706,00
11386,00
79706,00
39854,00
13285,00
79713,00
0,57
15943,00
0,57
39858,00
2748,00
39859,00
39860,00
3466,00
0,57
39861,00
2952,00
26575,00
0,57
15945,00
0,57
0,57
39864,00
0,57
0,57
15946,00
0,57
0,57
7248,00
0,57
26578,00
6133,00
0,57
39873,00
11392,00
39874,00
79749,00
4691,00
0,57
26583,00
4197,00
79752,00
39876,00
4430,00
39876,00
26584,00
15951,00
79756,00
79756,00
13292,00
39878,00
79757,00
13292,00
19939,00
26585,00
4198,00
6135,00
504,00
590,00
39882,00
11395,00
4431,00
39882,00
19941,00
4985,00
19942,00
5697,00
1246,00
39884,00
26590,00
2848,00
79771,00
39890,00
19945,00
0,57
0,57
15956,00
0,57
79784,00
13297,00
0,57
79786,00
13297,00
0,57
26595,00
6648,00
0,57
79790,00
7979,00
0,57
19947,00
3989,00
0,57
26598,00
4199,00
0,57
26598,00
3469,00
0,57
79809,00
11401,00
79809,00
79809,00
7980,00
0,57
0,57
11402,00
39908,00
26605,00
5701,00
79819,00
15963,00
4201,00
0,57
79845,00
7258,00
0,57
19962,00
1901,00
39924,00
19962,00
2101,00
79850,00
19962,00
1814,00
39925,00
79854,00
13309,00
0,57
39928,00
7985,00
79858,00
79864,00
26623,00
0,57
39935,00
7987,00
0,57
13311,00
4437,00
0,57
19968,00
7987,00
79873,00
15977,00
2420,00
0,57
15977,00
1736,00
0,57
79889,00
2282,00
0,57
79890,00
11413,00
0,57
79893,00
9986,00
0,57
0,57
11414,00
0,57
39949,00
6658,00
39949,00
39950,00
7993,00
0,57
79942,00
5329,00
0,57
26647,00
1453,00
79944,00
19986,00
1737,00
79947,00
26649,00
1310,00
0,57
0,57
15989,00
0,57
79950,00
26650,00
79950,00
0,57
15992,00
79961,00
0,57
19992,00
79970,00
26656,00
13329,00
79974,00
79980,00
19996,00
0,57
0,57
4999,00
39994,00
79988,00
4705,00
0,57
79996,00
4999,00
0,57
79999,00
19999,00
0,57
40001,00
10000,00
0,57
40002,00
13334,00
40002,00
26668,00
26668,00
80006,00
0,57
40002,00
0,57
0,57
40002,00
40002,00
40004,00
7273,00
0,57
80010,00
8890,00
0,57
0,57
7273,00
0,57
40005,00
16002,00
80012,00
0,57
11430,00
0,57
80036,00
26679,00
0,57
0,57
11435,00
80048,00
0,57
16009,00
80049,00
80051,00
20016,00
80067,00
40033,00
5004,00
80069,00
80069,00
5337,00
0,57
80070,00
4448,00
40036,00
0,57
40036,00
80073,00
0,57
40037,00
0,57
80075,00
20019,00
80086,00
0,57
11440,00
0,57
40044,00
16017,00
80089,00
40044,00
16018,00
0,57
80090,00
5720,00
0,57
40045,00
7280,00
0,57
80091,00
6674,00
80091,00
80091,00
40045,00
80091,00
40045,00
26697,00
80091,00
80100,00
40052,00
0,57
0,57
40055,00
0,57
40055,00
40055,00
0,57
0,57
40057,00
0,57
0,57
10014,00
0,57
0,57
8901,00
40057,00
0,57
8902,00
0,57
80120,00
20030,00
0,57
80124,00
40062,00
0,57
40062,00
20032,00
80133,00
0,57
26712,00
0,57
0,57
16028,00
0,57
40073,00
20036,00
0,57
80147,00
5724,00
0,57
40089,00
5345,00
80179,00
40089,00
5011,00
40096,00
0,57
11456,00
0,57
40102,00
20051,00
0,57
0,57
11457,00
0,57
0,57
11458,00
80209,00
80210,00
10026,00
80221,00
80221,00
11460,00
0,57
26741,00
2228,00
0,57
26750,00
2507,00
0,57
80255,00
2360,00
0,57
26751,00
20063,00
80259,00
26753,00
26753,00
0,57
40130,00
40130,00
40133,00
40133,00
10033,00
40138,00
40138,00
20069,00
80277,00
80277,00
10034,00
80278,00
26759,00
3344,00
20069,00
80279,00
3649,00
80279,00
80280,00
3087,00
40140,00
80280,00
10035,00
0,57
80281,00
16056,00
0,57
0,57
16060,00
0,57
80305,00
8030,00
80306,00
26768,00
8922,00
0,57
0,57
8031,00
40158,00
26772,00
2007,00
0,57
13386,00
2170,00
0,57
40159,00
1867,00
80319,00
80320,00
8032,00
0,57
0,57
6693,00
80321,00
26773,00
5737,00
0,57
40161,00
4462,00
0,57
80324,00
5354,00
20081,00
40162,00
4462,00
80325,00
11475,00
1085,00
80325,00
16065,00
1235,00
80326,00
16067,00
1181,00
80342,00
80343,00
8034,00
0,57
0,57
7303,00
80343,00
80346,00
8035,00
80350,00
80361,00
5357,00
0,57
80363,00
6697,00
0,57
80367,00
7306,00
40185,00
11481,00
1545,00
40187,00
16075,00
1869,00
80376,00
16075,00
1607,00
0,57
0,57
5023,00
80376,00
0,57
8930,00
80376,00
80376,00
5023,00
0,57
80383,00
4230,00
80384,00
26795,00
4230,00
0,57
80390,00
3828,00
40196,00
8932,00
893,00
26799,00
10049,00
957,00
40200,00
11485,00
957,00
0,57
16082,00
8041,00
40208,00
0,57
6701,00
80425,00
0,57
8042,00
0,57
26811,00
3497,00
0,57
80436,00
5362,00
20111,00
20111,00
4022,00
20113,00
8939,00
1102,00
13410,00
13410,00
1257,00
40236,00
10059,00
1117,00
80477,00
80478,00
11499,00
80493,00
80493,00
8049,00
80495,00
40254,00
11501,00
0,57
26836,00
4237,00
40255,00
80511,00
5031,00
0,57
80512,00
6193,00
80517,00
26841,00
1677,00
40264,00
20132,00
1548,00
40266,00
20140,00
1918,00
80560,00
80561,00
5754,00
40281,00
0,57
6713,00
40286,00
20143,00
5371,00
80573,00
20143,00
2369,00
0,57
80582,00
4740,00
0,57
26860,00
4029,00
80594,00
11513,00
982,00
40297,00
11513,00
1135,00
80594,00
8954,00
1119,00
80595,00
26865,00
4029,00
80595,00
20151,00
3838,00
80606,00
26869,00
3839,00
40314,00
16125,00
1791,00
80633,00
20158,00
1919,00
40318,00
16127,00
1875,00
16127,00
5375,00
443,00
26878,00
5376,00
556,00
26882,00
5760,00
510,00
80648,00
20162,00
4480,00
80650,00
80650,00
4244,00
0,57
40326,00
4244,00
80672,00
20168,00
2016,00
0,57
26890,00
2987,00
80672,00
20168,00
2521,00
26890,00
5762,00
645,00
40337,00
6723,00
720,00
20169,00
6205,00
814,00
40338,00
11525,00
2782,00
0,57
40339,00
3361,00
80680,00
26893,00
2782,00
0,57
16136,00
1753,00
80681,00
40340,00
1920,00
80682,00
26894,00
1680,00
26895,00
5379,00
438,00
40342,00
5763,00
530,00
26895,00
6723,00
474,00
0,57
80694,00
16138,00
0,57
0,57
20173,00
0,57
40352,00
26902,00
80709,00
20177,00
10088,00
0,57
80711,00
13451,00
40355,00
20177,00
10088,00
80711,00
11530,00
3509,00
80711,00
80711,00
3509,00
80711,00
80716,00
3509,00
80720,00
40360,00
13453,00
40364,00
40364,00
15454,00
80734,00
40367,00
26912,00
80737,00
40368,00
8073,00
40368,00
40368,00
10092,00
80738,00
16147,00
11534,00
0,57
26912,00
6728,00
16147,00
26912,00
4036,00
80738,00
40369,00
6728,00
0,57
80741,00
10093,00
80748,00
0,57
40374,00
0,57
40374,00
16150,00
40376,00
20188,00
5383,00
80756,00
80756,00
13459,00
0,57
0,57
16151,00
0,57
16151,00
2605,00
0,57
40379,00
3671,00
40382,00
40382,00
2991,00
0,57
0,57
26922,00
0,57
80773,00
26924,00
0,57
80773,00
20193,00
80773,00
0,57
8975,00
0,57
76846,00
12807,00
0,57
0,57
15370,00
0,57
25621,00
3660,00
0,57
76869,00
4270,00
0,57
38435,00
5490,00
0,57
0,57
19220,00
0,57
0,57
19220,00
0,57
38441,00
19221,00
0,57
25628,00
6407,00
0,57
76887,00
8543,00
76889,00
76889,00
10991,00
76942,00
38471,00
6994,00
0,57
38477,00
4050,00
0,57
76955,00
5496,00
0,57
76958,00
15391,00
38479,00
76958,00
38479,00
0,57
38479,00
25652,00
0,57
0,57
12826,00
0,57
0,57
8551,00
76959,00
38480,00
12826,00
0,57
19240,00
4275,00
76960,00
38480,00
4527,00
0,57
25654,00
3848,00
0,57
76970,00
9621,00
38486,00
0,57
5498,00
76975,00
0,57
12829,00
76977,00
19244,00
6998,00
0,57
0,57
6415,00
76995,00
38498,00
7000,00
0,57
25670,00
2081,00
38508,00
19254,00
1925,00
0,57
38513,00
2027,00
19257,00
77033,00
11005,00
77037,00
77037,00
19260,00
0,57
0,57
7705,00
0,57
77058,00
7005,00
77058,00
38529,00
7005,00
77070,00
77070,00
7707,00
0,57
19267,00
2964,00
38535,00
15414,00
1675,00
0,57
38535,00
2569,00
77079,00
77079,00
11012,00
0,57
38542,00
12849,00
38547,00
77100,00
12850,00
77109,00
77109,00
6425,00
77115,00
77124,00
7011,00
77129,00
0,57
6428,00
77146,00
25715,00
1794,00
0,57
38579,00
1837,00
77158,00
38579,00
1753,00
0,57
77158,00
9644,00
0,57
77159,00
19289,00
0,57
77159,00
25724,00
77172,00
38586,00
8574,00
77172,00
77172,00
25724,00
25724,00
38586,00
19305,00
0,57
25740,00
5942,00
0,57
77255,00
5944,00
38640,00
25760,00
5945,00
38647,00
77295,00
19327,00
0,57
38655,00
25775,00
77327,00
38671,00
25780,00
0,57
77352,00
25784,00
77352,00
77363,00
77363,00
0,57
0,57
38686,00
0,57
25795,00
7035,00
77397,00
0,57
9676,00
0,57
19354,00
7038,00
0,57
38716,00
7039,00
0,57
0,57
12909,00
77455,00
77456,00
38739,00
0,57
38741,00
7748,00
0,57
0,57
25831,00
77497,00
0,57
25834,00
0,57
38753,00
4845,00
0,57
0,57
5963,00
77532,00
77532,00
5538,00
0,57
77547,00
25852,00
0,57
77561,00
15514,00
0,57
0,57
19394,00
77580,00
0,57
15519,00
0,57
38797,00
25867,00
0,57
38805,00
25871,00
0,57
0,57
4851,00
77618,00
0,57
5971,00
0,57
0,57
7768,00
77690,00
77735,00
77735,00
19445,00
25928,00
15557,00
0,57
0,57
77820,00
0,57
77851,00
19464,00
0,57
77859,00
19464,00
0,57
0,57
77863,00
77881,00
77881,00
9735,00
0,57
38946,00
7081,00
0,57
77895,00
8655,00
0,57
0,57
15583,00
77916,00
0,57
38962,00
0,57
38966,00
15586,00
0,57
0,57
19485,00
38969,00
38969,00
19487,00
0,57
77946,00
25982,00
77948,00
0,57
6495,00
77951,00
77951,00
5196,00
0,57
77952,00
5568,00
0,57
25982,00
9743,00
38970,00
0,57
15586,00
0,57
38978,00
15591,00
0,57
0,57
9745,00
0,57
77961,00
11137,00
0,57
0,57
12993,00
0,57
77965,00
2784,00
0,57
38988,00
2888,00
0,57
78007,00
2786,00
26002,00
26003,00
19502,00
0,57
39005,00
39005,00
0,57
78011,00
39005,00
0,57
39005,00
8667,00
0,57
78011,00
19507,00
0,57
0,57
15606,00
0,57
19511,00
4335,00
0,57
78045,00
4107,00
0,57
78053,00
4336,00
0,57
78060,00
13010,00
0,57
78068,00
19517,00
0,57
39038,00
15615,00
0,57
39038,00
11154,00
0,57
78081,00
11154,00
0,57
78085,00
11155,00
0,57
26032,00
2296,00
0,57
39054,00
2603,00
78113,00
19531,00
1816,00
5208,00
39070,00
2894,00
78143,00
78143,00
3907,00
78143,00
78144,00
3552,00
0,57
11163,00
2056,00
39073,00
26048,00
2442,00
39074,00
19537,00
2170,00
15630,00
4597,00
507,00
78157,00
4884,00
587,00
15631,00
4597,00
531,00
















































































































































































































































































































































































































































































































































































































































































































































































































































































































































































































































































































































































































































































































































































































































































































































































































































































































































































































































































































































































































































































































































































































































