
























































































































































































































































































































































































































































































































































































































































































































































































































































































































































































































































































































































































































































































































































































































































































































































































































































































































































































































































































































































































































































































































































































































































































1850,00
0,57
28679,00
1911,00
19119,00
4412,00
418,00
28682,00
5736,00
462,00
57376,00
6375,00
478,00
28701,00
57409,00
3588,00
19137,00
57413,00
3827,00
0,57
28715,00
3828,00
57432,00
57440,00
2127,00
57452,00
57454,00
2735,00
0,57
28727,00
2735,00
28727,00
7182,00
604,00
0,57
8208,00
718,00
57473,00
7184,00
700,00
57478,00
28739,00
1512,00
57487,00
57487,00
1742,00
0,57
57489,00
1642,00
0,57
11499,00
1064,00
0,57
14374,00
1197,00
0,57
19166,00
1197,00
28751,00
2500,00
287,00
57505,00
3026,00
324,00
0,57
2875,00
334,00
19173,00
28761,00
3195,00
57526,00
28763,00
3836,00
57542,00
14386,00
2877,00
28772,00
7193,00
1856,00
28776,00
19186,00
2213,00
28781,00
19188,00
1555,00
19189,00
6397,00
575,00
57584,00
7198,00
693,00
57593,00
7199,00
518,00
19200,00
28800,00
3388,00
0,57
57622,00
5762,00
0,57
19210,00
4433,00
28815,00
28816,00
2401,00
57635,00
14408,00
2305,00
0,57
28818,00
2881,00
14410,00
9606,00
670,00
28822,00
11528,00
678,00
57654,00
9609,00
800,00
0,57
28829,00
2135,00
0,57
28838,00
2884,00
0,57
28843,00
2508,00
0,57
19232,00
1748,00
28850,00
19234,00
1923,00
57708,00
19236,00
2061,00
28863,00
3207,00
409,00
57744,00
3208,00
477,00
28874,00
3040,00
481,00
19258,00
7222,00
1229,00
28889,00
19259,00
1561,00
19263,00
8256,00
1520,00
0,57
7224,00
849,00
14449,00
14449,00
1111,00
14452,00
6423,00
862,00
5255,00
2141,00
211,00
19290,00
2755,00
254,00
7234,00
1929,00
182,00
57891,00
8270,00
1754,00
0,57
19299,00
2144,00
28949,00
14475,00
1930,00
28952,00
14477,00
1015,00
0,57
19302,00
1523,00
0,57
11584,00
1565,00
19308,00
3407,00
286,00
19308,00
4455,00
320,00
9654,00
4137,00
297,00
57931,00
9655,00
839,00
0,57
14485,00
1016,00
0,57
14486,00
982,00
0,57
6438,00
597,00
57951,00
8280,00
698,00
28984,00
7246,00
733,00
11596,00
1610,00
165,00
14497,00
1933,00
204,00
9666,00
1933,00
196,00
29012,00
58027,00
9671,00
0,57
58041,00
6450,00
29026,00
0,57
8295,00
58069,00
14518,00
6452,00
29037,00
29038,00
7259,00
0,57
58088,00
6455,00
0,57
19371,00
1263,00
0,57
29063,00
1417,00
0,57
19377,00
1417,00
29070,00
58143,00
11629,00
3421,00
19386,00
2769,00
58165,00
58167,00
14542,00
0,57
58173,00
9695,00
0,57
58177,00
8312,00
0,57
58200,00
6466,00
0,57
19404,00
2156,00
58217,00
29110,00
2911,00
0,57
29117,00
2773,00
29120,00
29120,00
3882,00
58242,00
58245,00
4160,00
58247,00
0,57
3883,00
58250,00
29126,00
2912,00
58253,00
29128,00
3236,00
29132,00
29133,00
2774,00
29137,00
11656,00
940,00
0,57
11661,00
988,00
58308,00
7288,00
1023,00
0,57
0,57
11665,00
58338,00
29169,00
14584,00
0,57
58344,00
5834,00
0,57
19449,00
6483,00
58355,00
29179,00
5305,00
29182,00
58366,00
5837,00
0,57
19458,00
1769,00
0,57
29196,00
2433,00
0,57
19464,00
2013,00
58398,00
0,57
8342,00
58409,00
58409,00
11682,00
0,57
0,57
11684,00
58435,00
29229,00
7307,00
58466,00
8352,00
3077,00
0,57
29235,00
7308,00
58473,00
19491,00
2088,00
58488,00
19496,00
2437,00
58515,00
29258,00
2659,00
0,57
0,57
7315,00
0,57
58532,00
6504,00
0,57
0,57
8362,00
58537,00
0,57
6505,00
14638,00
19519,00
5323,00
29280,00
0,57
6507,00
0,57
29290,00
1541,00
0,57
14647,00
1953,00
58593,00
19531,00
1674,00
0,57
58603,00
4508,00
0,57
0,57
5328,00
58617,00
58620,00
4885,00
58620,00
29311,00
3085,00
0,57
19541,00
2664,00
0,57
19544,00
2549,00
58634,00
6514,00
751,00
58641,00
11728,00
945,00
58647,00
5864,00
849,00
58652,00
11730,00
5332,00
19550,00
14663,00
2793,00
58674,00
0,57
7335,00
58680,00
58685,00
3667,00
0,57
58696,00
4192,00
0,57
29348,00
4515,00
0,57
5869,00
1128,00
29352,00
14676,00
1249,00
14676,00
14676,00
1304,00
0,57
58724,00
2258,00
0,57
29368,00
2669,00
58757,00
19585,00
2798,00
58761,00
14693,00
1836,00
14694,00
29389,00
2026,00
58782,00
19595,00
1959,00
0,57
5879,00
554,00
0,57
9799,00
683,00
0,57
6532,00
639,00
29398,00
19599,00
6535,00
58816,00
58816,00
9803,00
0,57
0,57
14706,00
29406,00
29404,00
7351,00
58807,00
29404,00
8401,00
58809,00
58830,00
8404,00
0,57
14709,00
1898,00
58842,00
58843,00
2263,00
0,57
29424,00
2452,00
0,57
0,57
19618,00
58864,00
29432,00
11773,00
58868,00
0,57
19626,00
58887,00
0,57
11778,00
0,57
58903,00
14726,00
58907,00
0,57
8415,00
0,57
29459,00
2805,00
0,57
58934,00
3466,00
29467,00
58950,00
2947,00
58955,00
58960,00
6551,00
58978,00
19660,00
8428,00
19666,00
0,57
6556,00
59004,00
59014,00
5364,00
0,57
19672,00
5365,00
59022,00
29512,00
5365,00
0,57
5366,00
1311,00
0,57
5903,00
1513,00
0,57
5904,00
1440,00
11809,00
0,57
9842,00
29530,00
0,57
7383,00
59074,00
59080,00
5371,00
59086,00
59086,00
8441,00
0,57
0,57
9849,00
0,57
19703,00
7390,00
59134,00
29569,00
2464,00
14789,00
29578,00
2957,00
59158,00
29582,00
2958,00
0,57
0,57
11834,00
59179,00
0,57
19726,00
59185,00
0,57
19730,00
0,57
0,57
11839,00
0,57
0,57
19732,00
0,57
0,57
14800,00
0,57
59202,00
3115,00
0,57
59207,00
3947,00
0,57
29606,00
3947,00
0,57
0,57
8459,00
29618,00
0,57
8462,00
0,57
29625,00
11851,00
59258,00
29630,00
8468,00
0,57
59283,00
9880,00
59287,00
29644,00
5390,00
0,57
6591,00
1561,00
0,57
7416,00
1854,00
0,57
6592,00
1745,00
19785,00
29685,00
4240,00
0,57
59373,00
7421,00
0,57
0,57
6599,00
59392,00
59393,00
3959,00
59393,00
59417,00
4951,00
0,57
59428,00
4952,00
0,57
9907,00
1061,00
0,57
14864,00
1292,00
29729,00
14864,00
1351,00
59476,00
14869,00
5406,00
0,57
9914,00
8498,00
59493,00
0,57
9916,00
0,57
59507,00
4959,00
29754,00
59509,00
6612,00
59511,00
59511,00
5951,00
59517,00
14881,00
1488,00
29764,00
19845,00
1701,00
0,57
19850,00
1701,00
0,57
59592,00
3972,00
0,57
59597,00
4966,00
0,57
59604,00
5418,00
0,57
29803,00
3137,00
59611,00
19870,00
3506,00
0,57
59619,00
3507,00
0,57
3975,00
736,00
0,57
4259,00
839,00
0,57
4969,00
839,00
0,57
59642,00
5964,00
59646,00
14916,00
5424,00
0,57
0,57
7459,00
59681,00
29862,00
4594,00
19909,00
19909,00
5430,00
0,57
29868,00
4978,00
0,57
14941,00
1013,00
29884,00
19926,00
1220,00
0,57
29901,00
1220,00
0,57
0,57
7477,00
29922,00
0,57
5986,00
0,57
19955,00
9984,00
29953,00
29954,00
5991,00
29955,00
59916,00
4993,00
0,57
59933,00
5993,00
0,57
19978,00
1498,00
59941,00
29972,00
2141,00
0,57
14990,00
1873,00
0,57
19989,00
4997,00
0,57
29987,00
4613,00
0,57
59992,00
5999,00
0,57
19999,00
3749,00
29999,00
59999,00
5000,00
60001,00
30003,00
4000,00
0,57
10001,00
779,00
60012,00
15003,00
869,00
60016,00
15004,00
968,00
60019,00
60019,00
10003,00
0,57
0,57
10005,00
0,57
30019,00
10007,00
60060,00
8580,00
3336,00
60062,00
20020,00
2502,00
60078,00
0,57
5006,00
0,57
15020,00
1430,00
60093,00
15025,00
1466,00
30054,00
10018,00
1202,00
60115,00
30057,00
5467,00
0,57
30070,00
15035,00
0,57
12028,00
6682,00
60144,00
10024,00
3538,00
0,57
3759,00
1113,00
0,57
30079,00
4627,00
20056,00
20056,00
1135,00
60175,00
6686,00
633,00
60181,00
8598,00
1504,00
0,57
20063,00
5472,00
60194,00
0,57
7524,00
60197,00
60197,00
6688,00
0,57
20070,00
3763,00
0,57
20071,00
2737,00
0,57
30106,00
4014,00
0,57
15056,00
971,00
60233,00
20077,00
1339,00
30130,00
10044,00
1310,00
60266,00
60267,00
3545,00
30135,00
20090,00
3348,00
60272,00
20092,00
4305,00
30140,00
20093,00
2318,00
12057,00
12057,00
2078,00
0,57
8616,00
1884,00
12064,00
6704,00
486,00
20114,00
6037,00
453,00
20125,00
5488,00
461,00
0,57
30196,00
4313,00
0,57
30197,00
5033,00
0,57
0,57
6711,00
60415,00
60418,00
2013,00
60426,00
12086,00
1888,00
0,57
20150,00
2158,00
20152,00
10077,00
629,00
30234,00
8638,00
438,00
20162,00
10081,00
746,00
0,57
30249,00
2630,00
60505,00
20168,00
3025,00
30260,00
60522,00
3026,00
0,57
30265,00
1681,00
60539,00
30275,00
2328,00
0,57
30277,00
2018,00
0,57
6057,00
452,00
60584,00
6058,00
531,00
30296,00
7574,00
545,00
30304,00
60609,00
8658,00
0,57
60614,00
20205,00
60618,00
30309,00
12124,00
60627,00
0,57
6737,00
0,57
30321,00
12129,00
0,57
0,57
15163,00
0,57
60656,00
2527,00
30328,00
30328,00
3192,00
0,57
60661,00
3370,00
0,57
30336,00
30337,00
20224,00
60674,00
8667,00
0,57
30338,00
12135,00
0,57
0,57
12135,00
30340,00
30340,00
5056,00
60678,00
30339,00
20226,00
0,57
0,57
6743,00
0,57
30350,00
5058,00
0,57
30365,00
7591,00
0,57
0,57
15185,00
60743,00
0,57
20249,00
60752,00
0,57
15189,00
60766,00
60766,00
10128,00
60772,00
60775,00
10129,00
0,57
0,57
15195,00
0,57
60789,00
2431,00
0,57
60809,00
2764,00
0,57
30410,00
2764,00
30413,00
0,57
12166,00
0,57
0,57
60838,00
0,57
0,57
30426,00
0,57
0,57
7607,00
0,57
20288,00
7608,00
0,57
30433,00
12173,00
60867,00
60868,00
4058,00
0,57
30439,00
5073,00
60879,00
30440,00
4348,00
30440,00
20294,00
20294,00
60887,00
60888,00
20296,00
60892,00
0,57
12181,00
20303,00
20303,00
4060,00
5537,00
495,00
558,00
30456,00
8702,00
3583,00
30459,00
30459,00
6092,00
30460,00
6092,00
1603,00
30464,00
30464,00
3046,00
60929,00
60929,00
30465,00
0,57
0,57
20312,00
0,57
60941,00
12188,00
0,57
60943,00
15239,00
0,57
20320,00
6096,00
0,57
60960,00
7620,00
0,57
60972,00
4064,00
0,57
30490,00
5543,00
0,57
20327,00
4065,00
0,57
0,57
10163,00
60985,00
60985,00
8712,00
0,57
0,57
10166,00
30499,00
30504,00
6779,00
61013,00
12202,00
4068,00
0,57
61025,00
6781,00
0,57
20344,00
1968,00
30520,00
15260,00
1907,00
61044,00
30522,00
1606,00
61049,00
61052,00
12210,00
0,57
30531,00
7632,00
61064,00
61066,00
30534,00
0,57
30546,00
10182,00
0,57
10186,00
4701,00
0,57
15285,00
6793,00
0,57
12228,00
2779,00
0,57
12237,00
1854,00
0,57
61197,00
2662,00
0,57
61239,00
8750,00
0,57
61265,00
12255,00
0,57
0,57
12257,00
0,57
30646,00
7664,00
30659,00
30666,00
6817,00
0,57
61401,00
5581,00
0,57
20467,00
1574,00
61428,00
15359,00
2047,00
0,57
30719,00
1755,00
0,57
0,57
15364,00
0,57
61459,00
20489,00
0,57
0,57
15368,00
61474,00
0,57
30743,00
61499,00
20499,00
12300,00
61541,00
61541,00
20514,00
0,57
0,57
5131,00
61599,00
61599,00
5600,00
0,57
0,57
5602,00
0,57
61652,00
20551,00
0,57
61675,00
8810,00
0,57
30844,00
12337,00
30851,00
30851,00
30855,00
61729,00
0,57
30866,00
0,57
0,57
30887,00
30910,00
30914,00
6183,00
0,57
61842,00
10307,00
0,57
0,57
5628,00
0,57
30964,00
12385,00
0,57
0,57
10324,00
0,57
0,57
20653,00
0,57
0,57
10330,00
61986,00
0,57
12399,00
62010,00
62010,00
15503,00
62032,00
31016,00
4135,00
62047,00
62057,00
4774,00
0,57
62091,00
3880,00
31053,00
0,57
62117,00
62137,00
0,57
31071,00
0,57
62171,00
20723,00
62202,00
0,57
31111,00
0,57
31111,00
31121,00
62243,00
31122,00
20748,00
0,57
62253,00
6917,00
0,57
31142,00
8897,00
0,57
62300,00
6923,00
62313,00
62314,00
31161,00
0,57
0,57
62333,00
62334,00
62334,00
31172,00
0,57
0,57
31177,00
0,57
62365,00
31193,00
0,57
0,57
31205,00
0,57
0,57
10405,00
0,57
0,57
7805,00
31228,00
0,57
6941,00
0,57
0,57
20833,00
0,57
0,57
62519,00
0,57
31264,00
15632,00
0,57
0,57
31270,00
0,57
0,57
20862,00
0,57
31310,00
31310,00
0,57
62653,00
5221,00
0,57
62679,00
4821,00
62686,00
31348,00
4478,00
62711,00
0,57
10453,00
0,57
62723,00
20910,00
0,57
0,57
10458,00
0,57
0,57
12550,00
62758,00
62759,00
7844,00
0,57
62764,00
15691,00
0,57
31386,00
2729,00
0,57
62784,00
2325,00
0,57
62793,00
3693,00
0,57
20935,00
20935,00
62807,00
20941,00
20942,00
0,57
31420,00
62854,00
62858,00
31430,00
12572,00
31434,00
31442,00
20961,00
62885,00
62886,00
7862,00
0,57
31451,00
2995,00
15725,00
62903,00
3145,00
62910,00
62913,00
3700,00
31457,00
62916,00
7864,00
0,57
62923,00
15732,00
0,57
0,57
15733,00
0,57
62947,00
7868,00
62948,00
20983,00
7868,00
0,57
0,57
6994,00
31477,00
20985,00
2030,00
0,57
10494,00
1908,00
0,57
31489,00
2738,00
62984,00
0,57
8998,00
0,57
0,57
10498,00
62994,00
31497,00
7874,00
0,57
0,57
4846,00
0,57
63019,00
4501,00
21007,00
31512,00
5729,00
0,57
21009,00
1235,00
63032,00
21011,00
1286,00
63040,00
15760,00
1260,00
63049,00
63056,00
7882,00
0,57
0,57
7006,00
0,57
63061,00
7882,00
0,57
0,57
5733,00
0,57
63071,00
6307,00
0,57
63078,00
7009,00
63088,00
21029,00
1911,00
31549,00
21034,00
2337,00
0,57
31553,00
2103,00
0,57
0,57
5738,00
0,57
0,57
9020,00
63143,00
0,57
6314,00
0,57
63156,00
4858,00
0,57
31581,00
3715,00
0,57
63164,00
3324,00
63168,00
15793,00
902,00
0,57
15794,00
943,00
0,57
21064,00
853,00
0,57
12638,00
10535,00
63211,00
0,57
7903,00
0,57
0,57
9036,00
0,57
21089,00
3515,00
0,57
0,57
9043,00
21101,00
15826,00
4870,00
31663,00
15834,00
1347,00
15835,00
21113,00
1809,00
31675,00
15837,00
1267,00
63364,00
63366,00
9053,00
63376,00
63383,00
7923,00
63403,00
31701,00
10567,00
0,57
31712,00
3730,00
31715,00
63431,00
5286,00
0,57
63445,00
5288,00
63458,00
31729,00
1715,00
31733,00
31733,00
1627,00
31752,00
21168,00
1984,00
63514,00
0,57
6351,00
63528,00
0,57
5775,00
63549,00
21183,00
4888,00
63553,00
21190,00
2050,00
0,57
0,57
4542,00
0,57
31801,00
4543,00
0,57
21207,00
1156,00
31817,00
21213,00
1446,00
63642,00
9093,00
1299,00
0,57
31837,00
4245,00
63676,00
21229,00
4245,00
63688,00
21233,00
4550,00
63711,00
15927,00
1991,00
63727,00
31871,00
3035,00
63751,00
21251,00
1992,00
21252,00
7969,00
475,00
31889,00
6378,00
777,00
31904,00
7089,00
540,00
0,57
15970,00
4562,00
63881,00
63901,00
5327,00
0,57
63933,00
5815,00
0,57
21332,00
2559,00
0,57
21335,00
3369,00
0,57
21343,00
3049,00
64050,00
6407,00
866,00
64093,00
8013,00
1017,00
32075,00
7128,00
1069,00
64168,00
10694,00
2673,00
0,57
64179,00
2791,00
64207,00
32105,00
3568,00
0,57
16060,00
2007,00
0,57
32124,00
1606,00
64254,00
32129,00
1494,00
64274,00
5843,00
514,00
32140,00
6428,00
531,00
32142,00
7143,00
636,00
0,57
64297,00
32149,00
0,57
0,57
21434,00
0,57
32149,00
32151,00
0,57
32154,00
21436,00
0,57
64311,00
21437,00
32155,00
32156,00
12862,00
0,57
10719,00
3062,00
64330,00
64335,00
3784,00
64338,00
64339,00
3386,00
64346,00
64346,00
21449,00
32180,00
0,57
16090,00
64362,00
32181,00
32186,00
64373,00
32191,00
7153,00
64383,00
32193,00
10731,00
64386,00
16096,00
10731,00
0,57
64395,00
6439,00
16099,00
32199,00
4293,00
64397,00
64402,00
5854,00
0,57
64401,00
10734,00
64410,00
0,57
32206,00
0,57
32207,00
16103,00
0,57
21474,00
7158,00
64426,00
64426,00
12885,00
0,57
0,57
16107,00
0,57
21477,00
2478,00
0,57
64439,00
3068,00
32222,00
64445,00
2929,00
0,57
0,57
32228,00
0,57
64458,00
32237,00
0,57
0,57
21496,00
64489,00
0,57
12898,00
0,57
64498,00
16125,00
0,57
0,57
16129,00
0,57
32263,00
4609,00
0,57
0,57
5378,00
0,57
64544,00
8068,00
0,57
0,57
21518,00
0,57
0,57
21521,00
0,57
32286,00
16143,00
0,57
32288,00
6458,00
0,57
64590,00
8074,00
0,57
64607,00
10768,00
64612,00
32311,00
6462,00
0,57
32313,00
4039,00
0,57
64628,00
4971,00
0,57
64633,00
21544,00
64636,00
0,57
32319,00
0,57
32320,00
21547,00
0,57
0,57
10774,00
0,57
0,57
9236,00
64659,00
32335,00
10778,00
0,57
64676,00
4976,00
64689,00
0,57
4312,00
0,57
32347,00
3594,00
0,57
64699,00
16174,00
32351,00
0,57
5882,00
64704,00
0,57
16179,00
64728,00
16182,00
8092,00
0,57
0,57
9248,00
64747,00
64753,00
7194,00
0,57
32384,00
2313,00
32386,00
21591,00
2944,00
0,57
64777,00
2399,00
16194,00
64779,00
12955,00
64780,00
64783,00
21594,00
0,57
0,57
7198,00
0,57
64788,00
6478,00
64789,00
32395,00
8098,00
64792,00
64797,00
9258,00
0,57
21606,00
3411,00
32413,00
16206,00
1662,00
0,57
64838,00
3602,00
64840,00
64841,00
10807,00
0,57
32423,00
16212,00
32424,00
64848,00
12969,00
0,57
64849,00
8106,00
64854,00
64854,00
8107,00
0,57
0,57
9265,00
64865,00
21621,00
1663,00
0,57
32436,00
1707,00
64879,00
32440,00
1707,00
0,57
64899,00
9271,00
0,57
64902,00
32451,00
0,57
64927,00
32468,00
64940,00
64940,00
9277,00
64943,00
64943,00
21648,00
32473,00
32473,00
16236,00
0,57
21649,00
7216,00
0,57
64951,00
5412,00
32476,00
32476,00
7217,00
64953,00
0,57
32479,00
0,57
64962,00
32482,00
0,57
64975,00
32488,00
0,57
64978,00
21659,00
0,57
64985,00
64985,00
0,57
0,57
64987,00
0,57
32496,00
9284,00
64998,00
0,57
10833,00
0,57
16250,00
5909,00
0,57
65006,00
10835,00
0,57
0,57
10839,00
65039,00
65039,00
32519,00
0,57
65041,00
8130,00
0,57
0,57
21684,00
0,57
0,57
32526,00
0,57
65053,00
5914,00
0,57
0,57
5914,00
0,57
0,57
7229,00
0,57
65063,00
32532,00
0,57
65068,00
16267,00
0,57
0,57
32539,00
65078,00
0,57
16269,00
0,57
32539,00
21693,00
0,57
32540,00
32542,00
0,57
0,57
4649,00
65086,00
0,57
5917,00
0,57
0,57
6509,00
0,57
65101,00
65101,00
16275,00
21700,00
13020,00
0,57
0,57
0,57
0,57
65126,00
16282,00
0,57
65136,00
21713,00
0,57
0,57
65152,00
65152,00
65157,00
10859,00
0,57
32581,00
8145,00
0,57
65189,00
13037,00
0,57
0,57
16297,00
65211,00
0,57
32606,00
0,57
32617,00
13047,00
0,57
0,57
32625,00
32635,00
65271,00
16317,00
0,57
65309,00
21770,00
65338,00
0,57
5445,00
65365,00
65366,00
5028,00
0,57
65414,00
5946,00
0,57
32720,00
9349,00
32724,00
0,57
21823,00
0,57
65482,00
21827,00
0,57
0,57
9359,00
0,57
65527,00
9361,00
0,57
0,57
16388,00
0,57
65575,00
3643,00
0,57
65603,00
2733,00
0,57
65640,00
4102,00
32835,00
21890,00
21890,00
0,57
32843,00
32843,00
0,57
65698,00
65698,00
0,57
32865,00
8216,00
0,57
65738,00
21912,00
0,57
0,57
13153,00
0,57
16446,00
4111,00
0,57
65801,00
4386,00
0,57
65839,00
4114,00
0,57
65874,00
10979,00
0,57
65894,00
21964,00
0,57
32952,00
16476,00
0,57
32960,00
9417,00
0,57
65945,00
9420,00
0,57
65946,00
9423,00
0,57
21991,00
2748,00
0,57
32991,00
2356,00
65983,00
16496,00
2000,00
4715,00
33011,00
2870,00
66028,00
66028,00
4127,00
66037,00
66037,00
3145,00
0,57
22019,00
2001,00
33032,00
33032,00
2131,00
33044,00
22035,00
2003,00
13222,00
8265,00
601,00
66129,00
9448,00
648,00
13229,00
11027,00
560,00
















































































































































































































































































































































































































































































































































































































































































































































































































































































































































































































































































































































































































































































































































































































































































































































































































































































































































































































































































































































































































































































































































































































































