




























































































































































































































































































































































































































































































































































































































































































































































































































































































































































































































































































































































































































































































































































































































































































































































































































































































































































































































































































































































































































































































































































































































































































































































































10962,00
21924,00
21925,00
13155,00
32893,00
32894,00
21933,00
21933,00
65801,00
65803,00
32902,00
65813,00
9402,00
10969,00
21939,00
21943,00
32917,00
21944,00
16459,00
16461,00
32924,00
3465,00
5487,00
5065,00
8232,00
13171,00
13171,00
10976,00
21953,00
13172,00
8232,00
13176,00
13176,00
32941,00
32942,00
65885,00
21967,00
21968,00
32953,00
10984,00
21969,00
16477,00
21970,00
16479,00
65918,00
65932,00
32969,00
32969,00
5495,00
8242,00
9420,00
13190,00
21985,00
6595,00
16490,00
13192,00
10995,00
16494,00
16494,00
21995,00
32993,00
65994,00
66017,00
33014,00
0,57
33024,00
13211,00
7339,00
22024,00
66079,00
16523,00
33059,00
66130,00
16536,00
33076,00
6014,00
7351,00
4411,00
11029,00
16544,00
8272,00
13236,00
22060,00
16549,00
16549,00
66203,00
16550,00
22068,00
22069,00
66209,00
33111,00
66224,00
22074,00
22074,00
33112,00
33112,00
66226,00
16559,00
22080,00
22081,00
33122,00
66246,00
3681,00
5522,00
5098,00
8287,00
16575,00
13261,00
11051,00
9473,00
13264,00
9474,00
16580,00
16582,00
13269,00
66349,00
33174,00
33177,00
66354,00
66374,00
16593,00
66375,00
33188,00
66380,00
16596,00
33195,00
66390,00
33196,00
22134,00
1475,00
2114,00
2283,00
3004,00
3805,00
4391,00
4077,00
6344,00
5710,00
4078,00
3806,00
4392,00
8157,00
8157,00
14276,00
8158,00
11424,00
9520,00
5193,00
7142,00
5714,00
11430,00
11431,00
14288,00
9526,00
19053,00
14289,00
1299,00
2117,00
1970,00
1099,00
2485,00
3572,00
3573,00
5717,00
4397,00
3363,00
3811,00
4084,00
7148,00
5198,00
8170,00
8170,00
14298,00
8170,00
3813,00
5199,00
5720,00
5720,00
6356,00
6356,00
9535,00
19072,00
14307,00
986,00
1683,00
1363,00
2120,00
3816,00
2862,00
2202,00
3817,00
3013,00
2202,00
3181,00
3368,00
5205,00
7157,00
8180,00
4090,00
11453,00
9544,00
3368,00
4405,00
4090,00
5727,00
14320,00
8183,00
8183,00
14320,00
9547,00
3182,00
4406,00
4773,00
6365,00
9548,00
9548,00
8185,00
19104,00
9552,00
8188,00
9553,00
11465,00
9554,00
11465,00
14334,00
14334,00
28669,00
28669,00
11468,00
14335,00
14336,00
14348,00
57397,00
14349,00
28701,00
11480,00
57402,00
2734,00
4101,00
4417,00
6381,00
5221,00
9572,00
6382,00
11488,00
11488,00
7180,00
11488,00
11488,00
14360,00
5222,00
19149,00
19149,00
57447,00
57455,00
9575,00
9576,00
14364,00
19152,00
57459,00
14365,00
19153,00
19153,00
14367,00
1915,00
3193,00
3193,00
3381,00
9583,00
6388,00
4107,00
7187,00
6388,00
5227,00
6390,00
8217,00
11504,00
19175,00
14381,00
14381,00
19174,00
14381,00
5229,00
9588,00
9589,00
11507,00
28768,00
9593,00
11511,00
28779,00
19186,00
4428,00
8224,00
6396,00
7197,00
19193,00
8226,00
11516,00
28799,00
19199,00
8228,00
8229,00
9600,00
19201,00
11521,00
57607,00
28805,00
28806,00
19204,00
14403,00
11522,00
11524,00
9603,00
57620,00
28810,00
11526,00
14408,00
28816,00
3390,00
4803,00
4117,00
5240,00
11528,00
4803,00
8236,00
11531,00
9609,00
11532,00
14415,00
14415,00
19220,00
57661,00
28830,00
28833,00
28833,00
57667,00
14416,00
28833,00
14416,00
19222,00
11533,00
14418,00
57675,00
57676,00
19225,00
2403,00
4437,00
3605,00
5768,00
11537,00
6409,00
5768,00
11538,00
9615,00
5245,00
8242,00
8242,00
6411,00
19234,00
28851,00
19234,00
57703,00
28852,00
7213,00
8243,00
11540,00
19234,00
28852,00
28852,00
28852,00
14426,00
19235,00
395,00
678,00
749,00
848,00
1254,00
1202,00
887,00
1342,00
1311,00
995,00
1649,00
1282,00
1990,00
3395,00
3207,00
2220,00
3848,00
2749,00
1132,00
1312,00
1343,00
2139,00
3397,00
2750,00
3610,00
4444,00
5777,00
418,00
656,00
656,00
696,00
1179,00
1111,00
813,00
1481,00
1204,00
903,00
1111,00
1090,00
1926,00
1806,00
2408,00
2064,00
3613,00
2753,00
1090,00
1256,00
1700,00
2223,00
3401,00
2223,00
3043,00
4448,00
4448,00
317,00
502,00
478,00
540,00
964,00
850,00
545,00
903,00
850,00
723,00
1134,00
997,00
1286,00
2226,00
2226,00
1231,00
2516,00
2315,00
918,00
1484,00
1346,00
1654,00
2894,00
1996,00
1754,00
3860,00
3860,00
864,00
1346,00
1232,00
1809,00
3217,00
2518,00
1566,00
2228,00
2228,00
1931,00
3219,00
3408,00
4139,00
7244,00
5796,00
3864,00
5796,00
7247,00
2319,00
2761,00
4141,00
2901,00
4147,00
3871,00
8296,00
7259,00
11615,00
784,00
1262,00
1262,00
1569,00
2420,00
2074,00
1613,00
3416,00
2525,00
1660,00
2420,00
2526,00
4150,00
2905,00
5811,00
4844,00
9688,00
8304,00
1817,00
2422,00
2236,00
4472,00
6460,00
4472,00
6460,00
11630,00
9691,00
564,00
923,00
819,00
908,00
1817,00
1530,00
969,00
1762,00
1454,00
1352,00
2326,00
1818,00
2238,00
4850,00
4477,00
2156,00
4478,00
4158,00
1819,00
3064,00
2531,00
3234,00
7277,00
4851,00
2329,00
8318,00
6470,00
1058,00
1617,00
1820,00
2080,00
3640,00
3640,00
1820,00
2912,00
2773,00
2427,00
4161,00
4481,00
5296,00
9710,00
8323,00
6474,00
11653,00
8323,00
3641,00
5297,00
4482,00
5827,00
9712,00
8326,00
9714,00
9715,00
11658,00
1040,00
1821,00
1534,00
1821,00
3644,00
3429,00
2159,00
4485,00
3239,00
2429,00
4486,00
3645,00
5302,00
9720,00
9721,00
4487,00
14583,00
7291,00
3646,00
5834,00
5305,00
7295,00
7295,00
11672,00
8338,00
19459,00
14594,00
711,00
1122,00
1122,00
1459,00
2432,00
2335,00
1191,00
2085,00
1884,00
1537,00
2920,00
2655,00
2920,00
6490,00
5311,00
2542,00
7309,00
5847,00
2437,00
3655,00
4500,00
4875,00
9750,00
9750,00
3250,00
11701,00
6501,00
4501,00
5851,00
5852,00
7315,00
9754,00
9754,00
8360,00
14631,00
11705,00
9754,00
14632,00
14632,00
14632,00
8361,00
29265,00
29266,00
14633,00
14633,00
11707,00
11707,00
9755,00
19511,00
19512,00
8364,00
11710,00
29277,00
19519,00
4183,00
7321,00
6508,00
8367,00
8367,00
8368,00
8368,00
14644,00
11715,00
6510,00
7324,00
9766,00
29299,00
7325,00
29303,00
14653,00
29306,00
29313,00
14661,00
8378,00
11729,00
14662,00
11730,00
14663,00
19553,00
14668,00
9780,00
2794,00
4514,00
3452,00
4891,00
9782,00
9783,00
8386,00
8386,00
9785,00
7338,00
14683,00
8391,00
11750,00
58781,00
11756,00
19594,00
58786,00
14696,00
7348,00
14698,00
8398,00
19601,00
14704,00
29410,00
19607,00
9804,00
29417,00
7354,00
11767,00
8406,00
14711,00
29427,00
58854,00
29429,00
29429,00
58861,00
9810,00
5886,00
11774,00
58871,00
11775,00
29440,00
14720,00
58882,00
19633,00
29450,00
19633,00
29450,00
19633,00
29451,00
19634,00
58907,00
29454,00
0,57
9826,00
19653,00
11792,00
11794,00
11794,00
29488,00
29497,00
58996,00
59004,00
14752,00
9834,00
59009,00
19670,00
3934,00
19670,00
29507,00
59022,00
0,57
29511,00
19678,00
59035,00
59035,00
14760,00
59042,00
29521,00
19681,00
59048,00
6560,00
11809,00
8435,00
9841,00
29525,00
11810,00
11810,00
29527,00
29527,00
11811,00
11811,00
14764,00
14764,00
14764,00
14764,00
19686,00
19686,00
29533,00
19689,00
19689,00
59068,00
19689,00
0,57
29537,00
29538,00
29538,00
59081,00
9846,00
19693,00
14770,00
14771,00
29545,00
29545,00
19697,00
14773,00
29554,00
19702,00
59108,00
59108,00
29554,00
59112,00
0,57
59114,00
0,57
0,57
14781,00
14781,00
29562,00
59127,00
0,57
14782,00
14783,00
29566,00
0,57
9858,00
11830,00
14787,00
19717,00
19717,00
14788,00
19718,00
29581,00
29582,00
29582,00
29582,00
19723,00
59174,00
59174,00
29587,00
0,57
59176,00
0,57
29590,00
29590,00
14795,00
29592,00
59186,00
19728,00
11840,00
29601,00
29601,00
8457,00
9867,00
9867,00
11840,00
11840,00
11840,00
11840,00
8457,00
11843,00
19742,00
59228,00
19742,00
19747,00
0,57
59275,00
59276,00
59277,00
29638,00
59277,00
59279,00
19763,00
29645,00
0,57
0,57
29660,00
19773,00
0,57
2825,00
3708,00
4564,00
6593,00
5934,00
5934,00
6594,00
14837,00
4565,00
5395,00
8479,00
8479,00
8480,00
9893,00
11872,00
19787,00
29682,00
11872,00
8482,00
8482,00
14844,00
11876,00
11876,00
11878,00
19799,00
59398,00
19799,00
2474,00
2200,00
3300,00
4243,00
2970,00
5941,00
6602,00
8489,00
8489,00
3717,00
2203,00
7435,00
6609,00
1859,00
5948,00
11897,00
9917,00
14876,00
9918,00
7439,00
7439,00
9919,00
4251,00
7440,00
19843,00
8505,00
19845,00
1609,00
2589,00
2589,00
3722,00
6617,00
4963,00
4581,00
9926,00
6617,00
4581,00
8508,00
6618,00
8509,00
4964,00
8510,00
11914,00
29787,00
11915,00
4965,00
11918,00
7448,00
11918,00
8513,00
9932,00
14898,00
29799,00
19866,00
4585,00
6623,00
6624,00
9939,00
11927,00
14909,00
14909,00
29821,00
7455,00
9940,00
8521,00
11931,00
9943,00
6630,00
11935,00
59691,00
29845,00
59693,00
19901,00
59722,00
14930,00
59726,00
19909,00
19912,00
29870,00
59758,00
59758,00
4979,00
7470,00
6640,00
6640,00
3515,00
8537,00
19922,00
19926,00
19928,00
4599,00
1992,00
9966,00
2718,00
190,00
3148,00
59827,00
9971,00
14957,00
14957,00
11966,00
14958,00
29918,00
4603,00
11968,00
59858,00
29931,00
29932,00
3521,00
5987,00
4605,00
5443,00
14969,00
8554,00
9979,00
19960,00
19960,00
11976,00
19960,00
14971,00
14973,00
7486,00
14973,00
29949,00
19969,00
59907,00
9984,00
19971,00
29958,00
19973,00
14980,00
11984,00
19975,00
29967,00
14984,00
8563,00
14986,00
9991,00
19984,00
59966,00
19988,00
14996,00
59988,00
6666,00
15001,00
30002,00
30003,00
60017,00
15004,00
30012,00
60025,00
0,57
0,57
15011,00
30024,00
15012,00
60051,00
60059,00
20021,00
30036,00
20024,00
0,57
6675,00
12016,00
10013,00
15020,00
10013,00
20027,00
30041,00
20028,00
60084,00
20029,00
20029,00
20032,00
30048,00
8585,00
30051,00
30051,00
20036,00
30058,00
20038,00
30061,00
30062,00
20043,00
15032,00
7516,00
60131,00
30065,00
0,57
4296,00
7518,00
6014,00
12031,00
15044,00
20059,00
12037,00
30102,00
20072,00
12048,00
15063,00
12055,00
20093,00
30140,00
15070,00
30141,00
30142,00
60287,00
20096,00
60290,00
20098,00
60297,00
60302,00
60307,00
20102,00
20105,00
30158,00
709,00
914,00
1138,00
1436,00
2011,00
2413,00
1723,00
2742,00
2413,00
1587,00
2514,00
1946,00
3549,00
3771,00
4641,00
3352,00
6035,00
4023,00
2155,00
2414,00
2515,00
2874,00
2875,00
2875,00
6038,00
4026,00
6710,00
727,00
745,00
1059,00
1139,00
1473,00
1632,00
1285,00
2014,00
1949,00
1258,00
755,00
1285,00
2158,00
944,00
1678,00
3777,00
6715,00
6716,00
1590,00
1119,00
1590,00
3022,00
1373,00
1233,00
4318,00
6717,00
4319,00
539,00
775,00
775,00
975,00
1550,00
1440,00
889,00
1591,00
1512,00
1186,00
1551,00
1344,00
2161,00
2521,00
3025,00
2086,00
4655,00
4034,00
1552,00
2017,00
1513,00
2522,00
3026,00
2632,00
2632,00
5504,00
6054,00
1187,00
2632,00
1892,00
2422,00
5045,00
3784,00
3364,00
5046,00
5046,00
3364,00
2752,00
4326,00
6729,00
4660,00
7574,00
10099,00
12121,00
15153,00
3190,00
5051,00
4663,00
4329,00
3191,00
4331,00
15160,00
12128,00
15160,00
1212,00
1684,00
2166,00
2637,00
1479,00
3567,00
2333,00
3568,00
3568,00
1840,00
843,00
2892,00
2760,00
595,00
2429,00
7593,00
4673,00
15187,00
3037,00
3038,00
5524,00
3376,00
1899,00
2431,00
10131,00
10132,00
30405,00
950,00
1559,00
1382,00
1789,00
3042,00
2897,00
1415,00
2341,00
2646,00
2434,00
2173,00
2898,00
5072,00
2254,00
5072,00
3382,00
5534,00
10146,00
3204,00
5535,00
5535,00
4684,00
3044,00
3205,00
4060,00
10152,00
12182,00
1740,00
2901,00
2769,00
3384,00
6092,00
6093,00
5077,00
7616,00
5539,00
4062,00
8705,00
7617,00
8706,00
12188,00
8707,00
8707,00
15240,00
20320,00
4689,00
10161,00
6774,00
7621,00
15242,00
7621,00
12196,00
20328,00
20329,00
1848,00
3210,00
2904,00
3388,00
3812,00
5545,00
3050,00
4692,00
3812,00
4359,00
5548,00
7628,00
10171,00
6103,00
8719,00
12207,00
15264,00
15264,00
5088,00
6106,00
8723,00
6785,00
6107,00
3817,00
7634,00
8725,00
12216,00
1197,00
2106,00
1851,00
2546,00
4701,00
4074,00
1652,00
3396,00
2779,00
2911,00
4703,00
4368,00
5561,00
12235,00
12238,00
3599,00
8742,00
12239,00
3600,00
6800,00
5564,00
7651,00
4709,00
7652,00
4373,00
7653,00
8747,00
4710,00
6124,00
6805,00
12249,00
15312,00
12249,00
10208,00
20419,00
6807,00
10210,00
6807,00
8753,00
12255,00
20425,00
15319,00
8754,00
7660,00
15320,00
12256,00
7662,00
15326,00
15328,00
30658,00
15334,00
20446,00
15336,00
15336,00
5113,00
5578,00
7675,00
8771,00
12280,00
10234,00
7675,00
15352,00
7676,00
12282,00
15352,00
15352,00
20472,00
10237,00
15356,00
30718,00
12287,00
61443,00
10241,00
6827,00
8778,00
12291,00
7682,00
8780,00
15366,00
7683,00
15368,00
3415,00
4098,00
5123,00
6832,00
10248,00
12298,00
8786,00
20502,00
15377,00
8787,00
7689,00
15379,00
15379,00
30758,00
15379,00
15380,00
20508,00
20509,00
6152,00
12307,00
10255,00
12310,00
20517,00
12311,00
10260,00
20520,00
10261,00
10261,00
12314,00
15394,00
12316,00
20526,00
30791,00
15397,00
30794,00
61590,00
15399,00
8799,00
12320,00
15401,00
20536,00
61612,00
15403,00
8802,00
20541,00
6850,00
10276,00
61659,00
12333,00
30832,00
15417,00
30835,00
30836,00
61677,00
8811,00
15421,00
10282,00
12343,00
12343,00
15433,00
12347,00
15439,00
12352,00
12352,00
20590,00
30887,00
20598,00
15452,00
10301,00
30908,00
20605,00
61829,00
12368,00
15461,00
15462,00
61896,00
12383,00
15479,00
30960,00
12385,00
12386,00
8847,00
15485,00
15486,00
15486,00
15487,00
10324,00
20650,00
12390,00
20650,00
20653,00
12394,00
30986,00
30986,00
61980,00
30998,00
12400,00
8859,00
62019,00
31016,00
20679,00
20680,00
20680,00
20681,00
8864,00
20683,00
10342,00
10343,00
8867,00
12415,00
12416,00
15521,00
31041,00
31043,00
15529,00
62118,00
31060,00
12424,00
20708,00
15531,00
0,57
0,57
0,57
31070,00
12429,00
12429,00
15536,00
8878,00
20716,00
62152,00
31077,00
20718,00
0,57
10359,00
12432,00
8884,00
12434,00
12434,00
12434,00
15544,00
12436,00
12436,00
12439,00
7774,00
31098,00
62197,00
62198,00
0,57
20736,00
0,57
0,57
20738,00
31108,00
12444,00
31110,00
15555,00
31111,00
15556,00
12447,00
15559,00
5186,00
15559,00
6915,00
8891,00
8892,00
20748,00
8893,00
20751,00
20751,00
15564,00
12451,00
31140,00
62285,00
62286,00
62294,00
31149,00
31149,00
62300,00
62301,00
20767,00
31158,00
62318,00
20772,00
62320,00
0,57
12467,00
20779,00
7792,00
4795,00
3117,00
4797,00
5669,00
6930,00
5198,00
5198,00
8914,00
7800,00
6933,00
4802,00
5675,00
4802,00
12487,00
7804,00
10406,00
12488,00
12489,00
10409,00
5204,00
4804,00
8924,00
8925,00
12497,00
12497,00
8928,00
20832,00
12501,00
2842,00
3291,00
4810,00
3909,00
12513,00
6951,00
6259,00
7825,00
8943,00
6260,00
4473,00
7830,00
12528,00
6960,00
10447,00
12538,00
12540,00
20902,00
4479,00
3920,00
8963,00
3136,00
6972,00
6973,00
6974,00
8966,00
10463,00
1902,00
3304,00
2730,00
4187,00
7850,00
5710,00
5234,00
7852,00
6980,00
4833,00
4189,00
4489,00
10475,00
10475,00
15719,00
12576,00
10481,00
15723,00
3699,00
5717,00
6289,00
15724,00
20965,00
7862,00
6290,00
20967,00
7863,00
5718,00
6291,00
7864,00
10486,00
10486,00
10487,00
12584,00
62930,00
8991,00
15736,00
31475,00
7869,00
62953,00
15740,00
8995,00
62975,00
10495,00
20993,00
10496,00
12596,00
8997,00
31491,00
7873,00
20995,00
31493,00
31494,00
15747,00
6299,00
7874,00
6999,00
10499,00
21001,00
15750,00
10501,00
12601,00
31505,00
12605,00
7003,00
12606,00
31517,00
7004,00
7004,00
31522,00
15764,00
31531,00
9009,00
12613,00
7007,00
31540,00
9016,00
7889,00
31560,00
31560,00
9017,00
3713,00
9018,00
7014,00
5739,00
21045,00
7892,00
10523,00
9020,00
12629,00
10525,00
9022,00
15790,00
21052,00
21052,00
7017,00
31579,00
10526,00
31584,00
10529,00
10529,00
10529,00
15794,00
21058,00
12636,00
21062,00
15797,00
10532,00
10532,00
12639,00
21068,00
12644,00
31610,00
15805,00
12644,00
31612,00
15807,00
15807,00
7904,00
31623,00
63270,00
31635,00
0,57
63312,00
63312,00
21104,00
5757,00
5757,00
10555,00
21115,00
63347,00
12670,00
15843,00
12674,00
31687,00
7923,00
15847,00
21130,00
15849,00
21133,00
31701,00
31709,00
21140,00
21142,00
15862,00
15863,00
21153,00
63479,00
15870,00
15871,00
31750,00
12700,00
63501,00
12701,00
9073,00
9073,00
12704,00
6352,00
2049,00
63526,00
7940,00
7941,00
4887,00
7944,00
10592,00
15888,00
31778,00
12713,00
12713,00
15891,00
21190,00
12715,00
15894,00
15895,00
31790,00
63633,00
12726,00
31818,00
15916,00
0,57
21223,00
31838,00
21225,00
21225,00
31840,00
10613,00
31841,00
12738,00
5791,00
884,00
1447,00
1447,00
1633,00
1990,00
2654,00
1991,00
3354,00
3186,00
2056,00
1931,00
1771,00
3355,00
4904,00
4251,00
4906,00
5798,00
7087,00
2126,00
2199,00
1933,00
2552,00
3038,00
3190,00
5317,00
4908,00
5318,00
797,00
966,00
1046,00
1329,00
2775,00
1877,00
1679,00
2775,00
2365,00
1596,00
1485,00
1726,00
2555,00
2903,00
2662,00
4564,00
5324,00
5808,00
1486,00
1101,00
1638,00
2130,00
2282,00
1879,00
4565,00
4565,00
6391,00
581,00
900,00
863,00
1065,00
1776,00
1598,00
1253,00
2204,00
2283,00
1305,00
1881,00
2064,00
2666,00
3999,00
4266,00
2908,00
4924,00
4924,00
1231,00
1600,00
1334,00
2784,00
4269,00
2911,00
2562,00
5340,00
2913,00
1563,00
2671,00
2289,00
2671,00
4579,00
5828,00
3771,00
8015,00
8015,00
4274,00
5343,00
8015,00
10687,00
6413,00
6413,00
8017,00
7126,00
7126,00
3054,00
3376,00
4582,00
4010,00
5833,00
3377,00
10694,00
5347,00
5347,00
1458,00
2567,00
3056,00
2790,00
3379,00
5836,00
3210,00
5350,00
6420,00
2919,00
2919,00
4587,00
4940,00
2470,00
4941,00
9177,00
7138,00
16062,00
4015,00
3569,00
5354,00
5842,00
2380,00
3570,00
12854,00
16068,00
7142,00
1168,00
1948,00
1607,00
2296,00
3782,00
3782,00
2679,00
4287,00
5847,00
2679,00
3784,00
3784,00
5361,00
5361,00
7148,00
5849,00
4021,00
9192,00
3575,00
3217,00
4290,00
5850,00
4022,00
2798,00
5851,00
5363,00
4291,00
2220,00
3389,00
3219,00
4599,00
7155,00
8049,00
4600,00
10735,00
10735,00
5367,00
9202,00
8053,00
10737,00
21476,00
12885,00
16108,00
32218,00
16109,00
4296,00
4604,00
5372,00
10745,00
12895,00
6448,00
8061,00
16123,00
8062,00
1954,00
3226,00
3585,00
3585,00
6453,00
8068,00
4034,00
7174,00
9226,00
4967,00
5383,00
8074,00
12924,00
6462,00
16157,00
16158,00
16159,00
16159,00
7183,00
6465,00
6466,00
12932,00
4618,00
4618,00
10778,00
8085,00
7187,00
1437,00
2310,00
2021,00
3235,00
5882,00
4314,00
4044,00
7190,00
8090,00
2813,00
5884,00
5884,00
7192,00
8092,00
10790,00
6474,00
12949,00
21582,00
4316,00
8094,00
5886,00
8094,00
10793,00
4047,00
8095,00
3598,00
1962,00
2024,00
4626,00
3084,00
9253,00
21592,00
12956,00
10797,00
16197,00
12958,00
9256,00
5400,00
7200,00
16201,00
21602,00
12961,00
16202,00
21604,00
16204,00
9260,00
16206,00
12968,00
32421,00
64844,00
21615,00
32424,00
0,57
16214,00
4989,00
4989,00
7207,00
10812,00
16218,00
16219,00
10813,00
16220,00
16220,00
9270,00
9271,00
10816,00
12980,00
12981,00
32454,00
16232,00
32467,00
32467,00
16234,00
12987,00
10823,00
21647,00
32471,00
16235,00
64945,00
16239,00
64961,00
2952,00
4997,00
4331,00
8122,00
16246,00
12998,00
6499,00
12999,00
10837,00
8128,00
10837,00
8131,00
16263,00
21684,00
21684,00
16263,00
21694,00
32542,00
9298,00
21697,00
8136,00
21698,00
32548,00
65096,00
13019,00
21699,00
13020,00
8139,00
16279,00
16282,00
13025,00
21710,00
16283,00
13027,00
32568,00
32568,00
13027,00
16289,00
21719,00
65159,00
65159,00
0,57
32582,00
65170,00
0,57
65177,00
16295,00
65184,00
65188,00
0,57
0,57
65239,00
0,57
65243,00
10874,00
13049,00
10874,00
21748,00
32626,00
21751,00
21752,00
32632,00
32632,00
21755,00
32632,00
32638,00
65283,00
65283,00
32642,00
65284,00
65290,00
65292,00
65296,00
13059,00
65303,00
65304,00
0,57
32652,00
0,57
0,57
32658,00
6531,00
9331,00
10886,00
13064,00
16331,00
16332,00
16335,00
32670,00
32670,00
16335,00
65343,00
16336,00
65374,00
65379,00
65381,00
32703,00
65407,00
65427,00
13085,00
16356,00
32716,00
65439,00
32722,00
21815,00
32723,00
21820,00
16366,00
5951,00
13094,00
8184,00
65472,00
32737,00
21824,00
9354,00
32742,00
9355,00
32752,00
21836,00
10918,00
65519,00
0,57
0,57
32770,00
0,57
65545,00
7283,00
13109,00
16388,00
65565,00
0,57
65574,00
9367,00
65576,00
16395,00
13120,00
16404,00
10936,00
32816,00
65639,00
32824,00
13132,00
21888,00
13132,00
16417,00
21890,00
32837,00
32838,00
21893,00
65683,00
0,57
0,57
0,57
16429,00
13144,00
13144,00
21912,00
32869,00
16434,00
32872,00
21915,00
65746,00
6575,00
9394,00
5978,00
21920,00
65760,00
32882,00
16441,00
32883,00
9395,00
13154,00
16442,00








































































































































































































































































































































































































































































































































































































































































































































































































































































































































































































































































































































































































































































































































































































































































































































































































































































































































































































































































































































































































































