26,00
168,00
288,00
366,00
1008,00
1209,00
711,00
1344,00
2016,00
69,00
212,00
212,00
295,00
672,00
672,00
672,00
1728,00
1210,00
37,00
228,00
242,00
366,00
672,00
1008,00
504,00
864,00
1210,00
257,00
448,00
637,00
712,00
1513,00
1345,00
1513,00
3026,00
6053,00
269,00
448,00
504,00
712,00
1513,00
1210,00
2421,00
3026,00
12107,00
242,00
417,00
504,00
605,00
2017,00
1100,00
2421,00
3026,00
4036,00
390,00
712,00
931,00
1009,00
2422,00
4036,00
2422,00
2422,00
6055,00
712,00
807,00
931,00
2018,00
3027,00
4036,00
3027,00
1513,00
2422,00
432,00
672,00
931,00
1009,00
4036,00
3027,00
1730,00
4037,00
4037,00
85,00
192,00
417,00
432,00
756,00
1009,00
712,00
1730,00
2422,00
78,00
159,00
336,00
403,00
865,00
1011,00
1011,00
1733,00
1740,00
94,00
243,00
406,00
348,00
761,00
870,00
870,00
937,00
2030,00
435,00
937,00
1218,00
1522,00
4060,00
1740,00
1740,00
1522,00
2436,00
451,00
1107,00
1353,00
2030,00
4060,00
4061,00
4061,00
4061,00
6091,00
553,00
761,00
812,00
1107,00
3045,00
2030,00
3045,00
4061,00
12183,00
1107,00
1740,00
1740,00
2030,00
3045,00
4061,00
6091,00
6091,00
6092,00
1523,00
2030,00
2030,00
3046,00
4061,00
12185,00
4061,00
329,00
420,00
1107,00
2437,00
3046,00
2437,00
12185,00
4061,00
2437,00
320,00
12185,00
65,00
199,00
297,00
529,00
937,00
1523,00
529,00
1107,00
1218,00
75,00
190,00
276,00
393,00
716,00
1353,00
716,00
1523,00
1523,00
65,00
304,00
259,00
406,00
716,00
1107,00
435,00
870,00
2030,00
870,00
1353,00
1353,00
2030,00
3046,00
4061,00
2030,00
4061,00
6092,00
812,00
1218,00
1353,00
1353,00
4061,00
6092,00
3046,00
3046,00
12185,00
870,00
1523,00
2031,00
1741,00
2437,00
3047,00
1523,00
6094,00
12188,00
870,00
2437,00
1741,00
4062,00
4063,00
12190,00
12190,00
4063,00
12190,00
1015,00
3047,00
2438,00
4064,00
2438,00
6096,00
2439,00
6098,00
329,00
1016,00
3049,00
2440,00
2440,00
4067,00
4067,00
3050,00
12201,00
12201,00
348,00
938,00
1017,00
1743,00
6103,00
6103,00
1525,00
12207,00
6103,00
530,00
939,00
1017,00
1109,00
6104,00
3052,00
1744,00
12208,00
4069,00
436,00
813,00
1109,00
2034,00
6104,00
4069,00
4069,00
6104,00
12208,00
939,00
2441,00
3052,00
2034,00
12208,00
12208,00
6104,00
581,00
610,00
1526,00
3052,00
1526,00
6104,00
6104,00
12208,00
6104,00
581,00
12208,00
678,00
1356,00
1356,00
2441,00
4069,00
6104,00
4069,00
6104,00
12208,00
1744,00
4069,00
3052,00
12208,00
508,00
4069,00
4069,00
763,00
581,00
1744,00
3052,00
6104,00
6104,00
610,00
642,00
339,00
678,00
813,00
1356,00
2034,00
1744,00
12210,00
530,00
12210,00
6105,00
642,00
12211,00
939,00
2035,00
4070,00
4070,00
4070,00
6105,00
4070,00
6105,00
6105,00
872,00
2442,00
3052,00
3052,00
12211,00
12211,00
4070,00
12211,00
12211,00
1110,00
1526,00
1526,00
2035,00
12211,00
3052,00
6105,00
6105,00
330,00
1744,00
2442,00
6105,00
12211,00
555,00
12211,00
12211,00
642,00
718,00
2442,00
4070,00
6105,00
12211,00
12211,00
872,00
555,00
814,00
6105,00
1356,00
2035,00
3052,00
4070,00
12211,00
12211,00
469,00
763,00
1017,00
6105,00
6105,00
6106,00
555,00
12212,00
12212,00
814,00
1110,00
1526,00
2442,00
12212,00
12212,00
12212,00
678,00
1744,00
642,00
12212,00
2035,00
3053,00
6106,00
12212,00
12212,00
4070,00
763,00
678,00
1110,00
2035,00
1110,00
2035,00
1744,00
1744,00
6106,00
2442,00
4071,00
321,00
284,00
1017,00
2035,00
4071,00
3053,00
2442,00
12213,00
4071,00
12213,00
6106,00
610,00
3053,00
2035,00
2035,00
6106,00
4071,00
3053,00
12213,00
6106,00
1110,00
6106,00
6106,00
12213,00
6106,00
6106,00
370,00
12213,00
12213,00
3053,00
6106,00
6106,00
436,00
555,00
1110,00
6106,00
718,00
12213,00
2442,00
6106,00
12213,00
12214,00
12214,00
12214,00
381,00
12214,00
6107,00
12214,00
6107,00
6107,00
6107,00
12214,00
6107,00
12214,00
12214,00
1110,00
4071,00
12214,00
469,00
421,00
581,00
12216,00
12216,00
12221,00
872,00
4073,00
4073,00
12221,00
12221,00
611,00
814,00
555,00
12225,00
815,00
679,00
1528,00
3056,00
3056,00
12225,00
12225,00
4075,00
6112,00
12225,00
643,00
1528,00
1746,00
1222,00
6112,00
2445,00
2037,00
4075,00
12225,00
611,00
1358,00
2037,00
1222,00
4075,00
4075,00
1746,00
4075,00
12225,00
2037,00
4075,00
12225,00
4075,00
12227,00
611,00
6113,00
12227,00
12227,00
2445,00
3056,00
6114,00
4076,00
12228,00
6114,00
394,00
12229,00
764,00
2038,00
4077,00
1529,00
6117,00
436,00
349,00
12234,00
582,00
6117,00
2446,00
12234,00
12235,00
12235,00
12235,00
873,00
6117,00
12235,00
941,00
4078,00
6117,00
12235,00
12235,00
4078,00
531,00
6117,00
12235,00
6117,00
3058,00
12235,00
4078,00
4078,00
4078,00
679,00
3058,00
6117,00
531,00
2447,00
4078,00
4078,00
3058,00
6117,00
12235,00
6117,00
370,00
6117,00
1747,00
4078,00
4078,00
3058,00
6117,00
359,00
12235,00
12235,00
12235,00
1359,00
1529,00
4078,00
4078,00
230,00
4078,00
12235,00
4078,00
12235,00
6117,00
6117,00
4078,00
12235,00
12235,00
556,00
12235,00
12235,00
12235,00
2447,00
2447,00
3058,00
12235,00
12235,00
873,00
873,00
611,00
1019,00
2447,00
3058,00
4078,00
2447,00
6117,00
6117,00
453,00
719,00
873,00
6117,00
12235,00
6117,00
436,00
12235,00
12235,00
12235,00
873,00
941,00
6117,00
2447,00
12235,00
3058,00
4078,00
815,00
6117,00
6118,00
1112,00
6118,00
12236,00
532,00
4078,00
6118,00
764,00
6118,00
6118,00
12236,00
1223,00
4078,00
1748,00
12236,00
6118,00
6118,00
4078,00
359,00
3059,00
1112,00
1223,00
1529,00
3059,00
6118,00
305,00
2039,00
6118,00
12236,00
1529,00
1748,00
6118,00
4078,00
6118,00
12236,00
3059,00
12236,00
12236,00
3059,00
6118,00
4078,00
6118,00
12236,00
556,00
421,00
12236,00
12236,00
4078,00
4078,00
298,00
12236,00
679,00
1112,00
489,00
4078,00
12236,00
4078,00
4078,00
349,00
6118,00
611,00
764,00
4078,00
764,00
12236,00
6118,00
6118,00
382,00
12236,00
12236,00
1019,00
12236,00
12236,00
12236,00
230,00
12236,00
6118,00
6118,00
12236,00
12236,00
6118,00
644,00
12236,00
12236,00
6118,00
12236,00
12236,00
4078,00
12236,00
6118,00
644,00
6118,00
67,00
140,00
222,00
407,00
874,00
644,00
815,00
874,00
1223,00
45,00
142,00
240,00
360,00
875,00
817,00
721,00
2043,00
1226,00
56,00
122,00
222,00
322,00
583,00
721,00
681,00
1362,00
1532,00
278,00
557,00
510,00
817,00
1362,00
1114,00
817,00
1751,00
3065,00
331,00
454,00
584,00
876,00
2045,00
1227,00
1227,00
4090,00
4090,00
215,00
423,00
584,00
645,00
1227,00
1534,00
3068,00
4090,00
6136,00
371,00
613,00
1022,00
876,00
1753,00
2045,00
1363,00
4091,00
6136,00
511,00
944,00
944,00
1022,00
3068,00
4091,00
2045,00
6136,00
4091,00
490,00
944,00
767,00
1115,00
4091,00
2454,00
1753,00
12273,00
12273,00
75,00
155,00
454,00
409,00
558,00
1228,00
944,00
2046,00
2456,00
27,00
56,00
250,00
223,00
292,00
944,00
646,00
614,00
1364,00
53,00
118,00
341,00
261,00
512,00
819,00
723,00
1536,00
1024,00
455,00
877,00
1229,00
1229,00
3072,00
4097,00
2458,00
3073,00
3073,00
384,00
945,00
1536,00
1229,00
878,00
3073,00
4097,00
3073,00
6147,00
409,00
945,00
1117,00
1366,00
1536,00
2049,00
3073,00
3073,00
4098,00
1366,00
2049,00
1536,00
4098,00
2459,00
3073,00
4098,00
12295,00
12295,00
768,00
1229,00
1756,00
4098,00
4098,00
12295,00
12295,00
236,00
12295,00
878,00
1229,00
2459,00
4098,00
3073,00
3073,00
3074,00
341,00
12296,00
89,00
175,00
512,00
534,00
878,00
819,00
1229,00
1229,00
1756,00
52,00
121,00
241,00
299,00
558,00
1366,00
585,00
1756,00
6148,00
61,00
146,00
292,00
409,00
768,00
1118,00
683,00
1120,00
1760,00
684,00
1026,00
2053,00
2464,00
2464,00
3080,00
4107,00
2464,00
3080,00
535,00
1540,00
1760,00
2053,00
2053,00
2464,00
4107,00
3080,00
12323,00
586,00
1232,00
1369,00
1760,00
1540,00
2054,00
1760,00
2054,00
4110,00
948,00
2466,00
2466,00
4110,00
3082,00
6165,00
4110,00
3082,00
316,00
1233,00
3082,00
1761,00
2466,00
2055,00
6165,00
4110,00
4110,00
411,00
1233,00
2466,00
2466,00
2055,00
6166,00
6166,00
2055,00
268,00
4110,00
560,00
770,00
880,00
1541,00
4110,00
6166,00
2055,00
6166,00
12332,00
560,00
1121,00
948,00
2055,00
4110,00
4110,00
1121,00
4110,00
6166,00
616,00
1027,00
1027,00
1370,00
3083,00
4110,00
3083,00
12332,00
12332,00
822,00
3083,00
1541,00
4111,00
6167,00
6180,00
6180,00
12361,00
12361,00
1545,00
1545,00
2060,00
4120,00
4120,00
12361,00
12361,00
457,00
6180,00
950,00
2472,00
1123,00
3090,00
6180,00
12361,00
3090,00
12361,00
6180,00
1123,00
2472,00
6180,00
12361,00
6180,00
515,00
3090,00
494,00
6180,00
2060,00
6180,00
4120,00
6180,00
561,00
727,00
12361,00
1545,00
727,00
2060,00
3090,00
2472,00
6181,00
12362,00
588,00
343,00
1123,00
6181,00
883,00
1766,00
1766,00
4120,00
12362,00
6181,00
4120,00
4120,00
441,00
772,00
1766,00
4120,00
1545,00
2472,00
3090,00
6181,00
3090,00
412,00
824,00
1373,00
1545,00
4120,00
4120,00
4120,00
3093,00
6186,00
12374,00
2474,00
4124,00
4124,00
12374,00
6187,00
12374,00
441,00
12374,00
12374,00
1374,00
4124,00
4124,00
3093,00
1767,00
363,00
12374,00
12374,00
12374,00
1237,00
3093,00
2474,00
12374,00
301,00
6187,00
6187,00
12374,00
562,00
2474,00
6187,00
6187,00
12374,00
618,00
727,00
12374,00
12374,00
1374,00
4124,00
12374,00
6187,00
6187,00
12374,00
12374,00
951,00
773,00
1767,00
4124,00
2474,00
12374,00
651,00
12374,00
773,00
884,00
1031,00
1375,00
952,00
1768,00
2475,00
2475,00
4125,00
3094,00
3094,00
6188,00
399,00
687,00
2475,00
1768,00
1768,00
3094,00
3094,00
4125,00
386,00
12376,00
825,00
1768,00
1768,00
2062,00
2062,00
6188,00
3094,00
12376,00
386,00
2062,00
6188,00
12376,00
12376,00
12376,00
6188,00
562,00
728,00
825,00
2475,00
3094,00
4125,00
6188,00
4125,00
495,00
651,00
952,00
952,00
1375,00
3094,00
3094,00
12376,00
12376,00
476,00
6188,00
538,00
12376,00
2475,00
6188,00
476,00
6188,00
6188,00
12376,00
6188,00
773,00
1237,00
4125,00
412,00
375,00
6188,00
12376,00
6188,00
728,00
1375,00
12376,00
3094,00
6188,00
399,00
353,00
6188,00
1125,00
562,00
12376,00
12376,00
651,00
1768,00
1768,00
1375,00
4125,00
4125,00
2062,00
6188,00
317,00
687,00
1125,00
1768,00
1125,00
3094,00
2475,00
1547,00
4126,00
12378,00
651,00
2063,00
1375,00
1237,00
6189,00
12378,00
2063,00
12378,00
343,00
1768,00
4126,00
12378,00
4126,00
4126,00
12378,00
242,00
6189,00
952,00
2063,00
4126,00
6189,00
6189,00
426,00
412,00
6190,00
12380,00
884,00
2476,00
1125,00
2476,00
4128,00
12385,00
6192,00
4128,00
12385,00
12385,00
6192,00
6193,00
4129,00
12387,00
12387,00
12387,00
3096,00
12387,00
728,00
12388,00
12388,00
4129,00
4129,00
516,00
12388,00
387,00
1032,00
12388,00
4129,00
3097,00
3097,00
3097,00
12388,00
652,00
6194,00
952,00
952,00
2477,00
3097,00
6194,00
6194,00
263,00
6194,00
6194,00
6194,00
563,00
774,00
4129,00
4129,00
4129,00
12389,00
6194,00
6194,00
1238,00
6194,00
1548,00
1769,00
3097,00
6194,00
6194,00
12389,00
4129,00
12389,00
442,00
2065,00
12392,00
12392,00
6196,00
3098,00
6196,00
6196,00
12392,00
774,00
4130,00
6196,00
12392,00
413,00
295,00
12392,00
826,00
476,00
1376,00
3098,00
2065,00
4130,00
12392,00
6196,00
6196,00
6196,00
12392,00
12392,00
2478,00
12392,00
12392,00
6196,00
774,00
826,00
6196,00
953,00
12392,00
4130,00
6196,00
3098,00
12392,00
12392,00
728,00
885,00
6196,00
885,00
4130,00
12392,00
458,00
12392,00
729,00
1549,00
619,00
1377,00
2066,00
1771,00
1771,00
3099,00
6199,00
12399,00
4133,00
4133,00
12399,00
6199,00
1549,00
6199,00
4133,00
3099,00
4133,00
6199,00
4133,00
317,00
12399,00
1549,00
3099,00
3099,00
3099,00
12399,00
335,00
12399,00
3099,00
6199,00
6199,00
6199,00
6199,00
495,00
12399,00
3099,00
12399,00
12399,00
12399,00
12399,00
6199,00
12399,00
12399,00
6199,00
6199,00
1033,00
826,00
1127,00
4133,00
3099,00
12400,00
12400,00
12400,00
6200,00
476,00
12400,00
688,00
6200,00
442,00
620,00
516,00
12400,00
688,00
590,00
12400,00
344,00
3100,00
652,00
6200,00
4133,00
590,00
6200,00
775,00
1240,00
826,00
6200,00
477,00
563,00
2067,00
620,00
826,00
539,00
954,00
12402,00
40,00
147,00
193,00
281,00
496,00
620,00
516,00
1378,00
1033,00
39,00
133,00
225,00
302,00
689,00
620,00
539,00
1240,00
954,00
18,00
130,00
174,00
234,00
477,00
689,00
413,00
1033,00
1127,00
234,00
477,00
516,00
516,00
1034,00
689,00
1128,00
1379,00
2069,00
253,00
428,00
496,00
591,00
3103,00
1551,00
1241,00
2482,00
1551,00
221,00
354,00
443,00
496,00
1034,00
1773,00
1379,00
3103,00
4138,00
429,00
656,00
692,00
1133,00
1246,00
1558,00
2493,00
4155,00
6232,00
519,00
1038,00
1246,00
1558,00
2493,00
1385,00
2493,00
1780,00
12465,00
402,00
1038,00
890,00
1781,00
2493,00
2493,00
4156,00
6234,00
4156,00
63,00
164,00
319,00
328,00
831,00
1133,00
461,00
1385,00
1133,00
34,00
86,00
218,00
230,00
623,00
1246,00
461,00
2078,00
1246,00
41,00
107,00
271,00
249,00
593,00
1246,00
479,00
1558,00
1558,00
337,00
593,00
623,00
498,00
1781,00
1558,00
1781,00
6234,00
3117,00
346,00
623,00
831,00
1246,00
1781,00
2493,00
2078,00
2078,00
3117,00
239,00
623,00
1039,00
959,00
1385,00
1781,00
1781,00
2493,00
12470,00
890,00
1133,00
2494,00
3118,00
2494,00
6236,00
6236,00
12473,00
6237,00
1039,00
1386,00
2079,00
2494,00
12474,00
12474,00
12474,00
319,00
12474,00
733,00
2079,00
2494,00
1782,00
6237,00
12474,00
4158,00
12474,00
12474,00
46,00
138,00
168,00
283,00
402,00
693,00
356,00
656,00
594,00
40,00
100,00
218,00
235,00
430,00
567,00
430,00
1039,00
1039,00
24,00
103,00
96,00
189,00
519,00
779,00
297,00
891,00
693,00
567,00
891,00
1247,00
1247,00
2495,00
2495,00
1386,00
2079,00
4159,00
623,00
693,00
1039,00
1386,00
1782,00
2079,00
2080,00
3120,00
2496,00
346,00
1040,00
891,00
1560,00
1783,00
2080,00
1134,00
2496,00
2496,00
832,00
1386,00
1134,00
2080,00
3120,00
6240,00
2080,00
12481,00
4160,00
891,00
2496,00
1783,00
3120,00
2496,00
4160,00
2080,00
4160,00
6240,00
656,00
1386,00
1040,00
2080,00
2080,00
3120,00
2496,00
12481,00
6240,00
356,00
656,00
891,00
1386,00
3120,00
3120,00
2080,00
4160,00
4160,00
320,00
1248,00
1134,00
1783,00
3120,00
6241,00
3120,00
3120,00
3120,00
416,00
960,00
832,00
1386,00
3120,00
2497,00
1560,00
4162,00
4162,00
693,00
1387,00
2081,00
1783,00
4162,00
4162,00
3121,00
6243,00
6243,00
891,00
1387,00
2497,00
3121,00
6243,00
12487,00
6243,00
12487,00
430,00
624,00
2081,00
960,00
2497,00
6243,00
6243,00
6243,00
499,00
12487,00
1387,00
1783,00
4162,00
4162,00
6243,00
12487,00
6243,00
542,00
12487,00
6243,00
4162,00
4162,00
6243,00
6243,00
12487,00
12487,00
657,00
693,00
1387,00
3121,00
6243,00
12490,00
520,00
12492,00
12494,00
1135,00
12494,00
734,00
892,00
1561,00
1388,00
6247,00
6247,00
1785,00
4165,00
4165,00
694,00
2499,00
1785,00
1135,00
3123,00
6247,00
2082,00
12495,00
297,00
462,00
961,00
961,00
1135,00
3123,00
4165,00
3123,00
4165,00
4165,00
833,00
3124,00
2499,00
3124,00
446,00
6248,00
4165,00
657,00
12500,00
1250,00
4168,00
6252,00
4168,00
357,00
568,00
6253,00
735,00
781,00
1137,00
2502,00
2502,00
1787,00
12514,00
6257,00
6257,00
695,00
12514,00
1564,00
4171,00
2502,00
12514,00
736,00
6257,00
12514,00
1390,00
736,00
2085,00
12514,00
6257,00
338,00
12514,00
893,00
695,00
1564,00
2085,00
3128,00
6257,00
4171,00
12514,00
695,00
6257,00
658,00
1564,00
1042,00
962,00
1787,00
1042,00
1390,00
4171,00
2085,00
2085,00
4171,00
3128,00
568,00
1564,00
1564,00
1787,00
6257,00
4171,00
4171,00
12515,00
4171,00
431,00
1564,00
1251,00
1251,00
6257,00
3128,00
2503,00
12515,00
12515,00
1390,00
3128,00
6257,00
3128,00
12515,00
12515,00
12515,00
4171,00
12515,00
1787,00
3128,00
3129,00
12517,00
12517,00
500,00
447,00
625,00
12517,00
1789,00
6262,00
4174,00
4174,00
12524,00
6262,00
12524,00
782,00
569,00
3131,00
6262,00
12524,00
321,00
695,00
12524,00
431,00
963,00
12529,00
2505,00
4176,00
6264,00
12534,00
12539,00
12539,00
501,00
12539,00
4179,00
3134,00
12539,00
12539,00
4180,00
597,00
12541,00
6270,00
1393,00
501,00
964,00
2090,00
2508,00
2090,00
4180,00
2508,00
6270,00
2508,00
4180,00
627,00
2090,00
1567,00
2090,00
4180,00
4180,00
12542,00
12542,00
12544,00
896,00
1254,00
2090,00
1792,00
3136,00
3136,00
1568,00
2509,00
2509,00
1568,00
4181,00
4181,00
3136,00
380,00
321,00
12545,00
501,00
627,00
2090,00
4181,00
6272,00
6272,00
12545,00
570,00
448,00
836,00
896,00
2090,00
6272,00
6272,00
3136,00
6272,00
448,00
6272,00
12545,00
12545,00
1568,00
6272,00
3136,00
330,00
570,00
482,00
12545,00
784,00
12545,00
2509,00
6272,00
4181,00
12545,00
6272,00
6272,00
12545,00
784,00
896,00
1792,00
12545,00
6272,00
12545,00
12545,00
737,00
6272,00
784,00
12545,00
1045,00
2090,00
4181,00
4181,00
12545,00
12545,00
6272,00
12545,00
12545,00
836,00
2509,00
6272,00
3136,00
4181,00
368,00
179,00
12545,00
12545,00
1254,00
1568,00
3136,00
6272,00
4181,00
12545,00
3136,00
339,00
330,00
2509,00
12545,00
4181,00
12545,00
12545,00
12545,00
12545,00
1140,00
12546,00
2509,00
4182,00
12546,00
12546,00
6273,00
784,00
660,00
12546,00
1045,00
3136,00
6273,00
6273,00
6273,00
432,00
12546,00
6273,00
896,00
12546,00
2509,00
6273,00
369,00
627,00
1045,00
12546,00
738,00
1792,00
1394,00
3136,00
4182,00
12546,00
12546,00
545,00
12546,00
836,00
6273,00
1792,00
12546,00
12546,00
12546,00
464,00
12549,00
1394,00
12549,00
1254,00
1045,00
1394,00
2510,00
2510,00
3137,00
190,00
3137,00
3137,00
4183,00
12550,00
836,00
2091,00
2510,00
2510,00
4182,00
4182,00
4182,00
12546,00
6273,00
738,00
1568,00
1568,00
1792,00
4182,00
3136,00
4183,00
232,00
2510,00
6276,00
6276,00
6276,00
380,00
896,00
12553,00
12553,00
597,00
12553,00
3137,00
2509,00
291,00
418,00
12549,00
12549,00
660,00
697,00
6275,00
4183,00
12550,00
6275,00
6275,00
545,00
6275,00
6275,00
12550,00
358,00
4183,00
12550,00
12550,00
12550,00
896,00
6275,00
12550,00
12550,00
6275,00
12550,00
418,00
448,00
464,00
738,00
784,00
12550,00
1045,00
545,00
2091,00
6275,00
12550,00
2510,00
6275,00
418,00
6275,00
12550,00
2510,00
196,00
404,00
482,00
738,00
1793,00
2510,00
1569,00
2510,00
2510,00
285,00
627,00
546,00
628,00
2093,00
2512,00
1395,00
1794,00
4187,00
209,00
448,00
628,00
483,00
966,00
1256,00
1142,00
1046,00
2512,00
571,00
1794,00
1395,00
4187,00
4187,00
12563,00
12563,00
12563,00
418,00
546,00
1142,00
1395,00
1794,00
3140,00
4187,00
6281,00
6281,00
405,00
546,00
1570,00
1395,00
1570,00
2512,00
3140,00
2512,00
6281,00
6281,00
966,00
1794,00
4187,00
6281,00
12563,00
12563,00
12563,00
4187,00
523,00
1570,00
2512,00
2093,00
4187,00
6281,00
12563,00
6281,00
12563,00
6281,00
966,00
2512,00
2512,00
3141,00
12564,00
12564,00
12564,00
380,00
12564,00
322,00
571,00
1794,00
1047,00
2094,00
3141,00
1142,00
2512,00
2512,00
261,00
448,00
1256,00
1142,00
966,00
3141,00
966,00
1794,00
3141,00
224,00
739,00
837,00
571,00
1794,00
2094,00
1047,00
3141,00
3141,00
1256,00
2094,00
4188,00
6282,00
12564,00
12564,00
6282,00
12564,00
12564,00
1256,00
2094,00
6282,00
4188,00
6282,00
12564,00
6282,00
12564,00
598,00
837,00
1794,00
3141,00
2094,00
6282,00
3141,00
6282,00
6282,00
6282,00
1256,00
3141,00
4188,00
3141,00
433,00
12564,00
314,00
6282,00
739,00
4188,00
3141,00
12564,00
12565,00
12565,00
3141,00
405,00
598,00
785,00
2094,00
6283,00
4189,00
3141,00
502,00
6283,00
12567,00
12575,00
6287,00
381,00
628,00
1047,00
1257,00
1571,00
1397,00
2095,00
3143,00
3143,00
261,00
503,00
1047,00
838,00
4191,00
4191,00
1571,00
3143,00
2515,00
241,00
571,00
1048,00
786,00
1257,00
2516,00
1048,00
1572,00
4193,00
1572,00
2096,00
2096,00
4195,00
6293,00
1576,00
12612,00
12612,00
12612,00
3153,00
2102,00
3157,00
6316,00
12632,00
12633,00
12634,00
6317,00
12639,00
902,00
1405,00
2529,00
2529,00
3162,00
4216,00
3162,00
4216,00
12651,00
1807,00
3162,00
4217,00
12652,00
12652,00
395,00
3163,00
506,00
436,00
3163,00
6327,00
4218,00
281,00
12655,00
843,00
12664,00
633,00
527,00
1809,00
3166,00
6332,00
12664,00
12664,00
603,00
294,00
12664,00
6332,00
1055,00
4221,00
2110,00
6332,00
6332,00
6332,00
6332,00
12665,00
12665,00
1407,00
3166,00
4221,00
4221,00
6332,00
6332,00
4221,00
12665,00
4221,00
844,00
2533,00
1809,00
2533,00
4221,00
6332,00
3166,00
6332,00
4221,00
2533,00
6332,00
4221,00
1266,00
12666,00
408,00
12666,00
12666,00
12666,00
4222,00
6333,00
12666,00
6333,00
603,00
904,00
12666,00
12666,00
12666,00
1809,00
4222,00
12666,00
2535,00
4225,00
12677,00
12677,00
12677,00
12677,00
12677,00
12677,00
12677,00
487,00
6338,00
12677,00
528,00
6338,00
6338,00
12677,00
6338,00
12687,00
12687,00
704,00
12687,00
4229,00
12687,00
12687,00
2537,00
6343,00
384,00
469,00
975,00
1268,00
6343,00
975,00
6343,00
2114,00
4229,00
4229,00
12687,00
12687,00
528,00
4229,00
6343,00
12687,00
1585,00
4229,00
6343,00
6343,00
12687,00
6343,00
6343,00
469,00
12695,00
1410,00
4231,00
3173,00
6347,00
12695,00
12695,00
4231,00
12695,00
6347,00
12695,00
12695,00
552,00
12706,00
1270,00
12706,00
12706,00
1270,00
1411,00
12706,00
6353,00
635,00
12706,00
6353,00
12706,00
794,00
6353,00
977,00
2541,00
4235,00
385,00
12706,00
12706,00
6353,00
794,00
1058,00
1270,00
4235,00
635,00
847,00
747,00
2118,00
12709,00
747,00
12709,00
1412,00
12709,00
552,00
1588,00
6354,00
847,00
977,00
6354,00
847,00
12709,00
6356,00
12712,00
908,00
12712,00
1816,00
1059,00
6356,00
1155,00
6356,00
1816,00
4237,00
12712,00
6356,00
4237,00
363,00
6356,00
12712,00
508,00
1816,00
12713,00
3178,00
6356,00
6356,00
605,00
4237,00
605,00
6356,00
1271,00
6356,00
6356,00
6356,00
353,00
552,00
6356,00
12713,00
4238,00
2119,00
4238,00
12714,00
3178,00
470,00
1816,00
6357,00
978,00
6357,00
4238,00
373,00
4238,00
529,00
635,00
669,00
6357,00
847,00
12716,00
4238,00
6358,00
529,00
6358,00
6358,00
6358,00
605,00
12717,00
12717,00
12717,00
12717,00
978,00
6358,00
1059,00
847,00
6359,00
1059,00
12718,00
6359,00
3179,00
12718,00
3179,00
6359,00
1059,00
6359,00
6359,00
4239,00
4239,00
12723,00
908,00
12723,00
1414,00
1590,00
12726,00
12729,00
3182,00
2121,00
4244,00
6367,00
4245,00
12736,00
530,00
296,00
12736,00
6368,00
1273,00
2547,00
3184,00
2547,00
6368,00
6368,00
6368,00
4245,00
12736,00
1819,00
1819,00
3184,00
4245,00
12736,00
398,00
2547,00
4245,00
12736,00
12736,00
3184,00
6368,00
12736,00
749,00
979,00
4245,00
12736,00
12736,00
4245,00
2547,00
385,00
509,00
670,00
1273,00
6368,00
6368,00
12736,00
3184,00
310,00
385,00
385,00
12737,00
12737,00
4245,00
796,00
12737,00
6368,00
489,00
12737,00
12737,00
4245,00
12737,00
12737,00
909,00
796,00
318,00
12737,00
12737,00
606,00
4247,00
12743,00
6371,00
12743,00
749,00
4247,00
606,00
637,00
12743,00
12743,00
1820,00
530,00
1592,00
12743,00
6371,00
12743,00
12743,00
6371,00
670,00
6371,00
411,00
6372,00
12744,00
2548,00
6372,00
4248,00
283,00
439,00
708,00
12744,00
12744,00
12744,00
2124,00
6372,00
12744,00
4248,00
12744,00
6372,00
6372,00
6372,00
12744,00
12744,00
12744,00
12744,00
980,00
2548,00
1062,00
6372,00
12744,00
12744,00
12744,00
374,00
6372,00
1274,00
1062,00
1820,00
12745,00
12745,00
12745,00
6372,00
6372,00
12748,00
12749,00
849,00
12749,00
796,00
12749,00
1274,00
6374,00
1159,00
1274,00
12749,00
2124,00
1593,00
1274,00
1416,00
1821,00
671,00
12749,00
1062,00
849,00
12749,00
12749,00
1062,00
12749,00
1821,00
490,00
1274,00
2549,00
796,00
2549,00
2124,00
1416,00
1274,00
1274,00
3187,00
4249,00
6374,00
6374,00
509,00
12749,00
12749,00
849,00
12749,00
4249,00
1593,00
4249,00
3187,00
12749,00
796,00
12749,00
6374,00
12749,00
2549,00
3187,00
12749,00
4249,00
6374,00
671,00
12749,00
455,00
708,00
2550,00
12751,00
12751,00
12751,00
1416,00
4250,00
6375,00
1416,00
607,00
12751,00
6375,00
637,00
12751,00
1062,00
1593,00
980,00
12751,00
12752,00
12752,00
12752,00
980,00
708,00
1062,00
1062,00
850,00
980,00
980,00
425,00
310,00
980,00
980,00
1159,00
310,00
12752,00
1159,00
2550,00
6376,00
6376,00
637,00
12752,00
4250,00
1594,00
750,00
6376,00
134,00
472,00
797,00
1159,00
980,00
1062,00
2550,00
1062,00
1275,00
4250,00
163,00
531,00
579,00
671,00
1275,00
3188,00
850,00
4250,00
2125,00
212,00
354,00
750,00
637,00
1159,00
1821,00
2550,00
1821,00
3188,00
163,00
318,00
579,00
708,00
1821,00
1275,00
1159,00
1275,00
1159,00
671,00
1275,00
1416,00
1821,00
6376,00
6376,00
3188,00
6376,00
6376,00
750,00
1062,00
3188,00
2550,00
4250,00
6376,00
6376,00
4250,00
12752,00
579,00
1594,00
1821,00
2550,00
2125,00
4250,00
6376,00
6376,00
12752,00
310,00
3188,00
4250,00
3188,00
12752,00
12752,00
4250,00
490,00
4251,00
1417,00
2125,00
2551,00
6377,00
12755,00
472,00
4251,00
439,00
12755,00
1062,00
2551,00
2125,00
3188,00
4252,00
12756,00
12756,00
12756,00
12756,00
260,00
554,00
1417,00
797,00
1159,00
3189,00
1822,00
3189,00
6378,00
148,00
153,00
850,00
375,00
236,00
1822,00
1417,00
981,00
2126,00
205,00
335,00
1063,00
911,00
750,00
2551,00
1594,00
2551,00
2551,00
1063,00
3189,00
2551,00
6379,00
6379,00
12758,00
4252,00
4252,00
531,00
1063,00
1417,00
4252,00
1822,00
531,00
6379,00
12758,00
6379,00
12758,00
1275,00
2551,00
1822,00
1822,00
1822,00
12758,00
12758,00
3189,00
12758,00
1822,00
4252,00
4252,00
3189,00
6379,00
12759,00
12759,00
579,00
708,00
2551,00
2126,00
6379,00
12759,00
4256,00
440,00
399,00
4256,00
6385,00
2554,00
2128,00
4257,00
12771,00
283,00
555,00
411,00
12771,00
6385,00
491,00
709,00
1064,00
1161,00
1064,00
3192,00
2554,00
6385,00
2554,00
266,00
364,00
851,00
709,00
851,00
2128,00
1064,00
2554,00
4257,00
216,00
411,00
751,00
982,00
798,00
2554,00
1161,00
2128,00
2128,00
1596,00
1277,00
3192,00
2128,00
6385,00
12771,00
290,00
6385,00
473,00
1161,00
2128,00
4257,00
2554,00
2554,00
6385,00
12771,00
6385,00
580,00
1419,00
3192,00
2554,00
4257,00
4257,00
6385,00
6385,00
3192,00
387,00
3192,00
6385,00
6385,00
3192,00
12771,00
4261,00
3195,00
12783,00
4261,00
6391,00
3195,00
3195,00
3195,00
12783,00
532,00
6391,00
511,00
12783,00
1826,00
3195,00
3195,00
6391,00
336,00
555,00
6391,00
491,00
4261,00
751,00
1597,00
1826,00
6391,00
6391,00
12783,00
3195,00
6391,00
6391,00
1065,00
3195,00
1826,00
6391,00
3195,00
12783,00
6391,00
12783,00
473,00
983,00
2130,00
1597,00
3195,00
12783,00
6391,00
12783,00
440,00
6391,00
2556,00
12783,00
12783,00
12783,00
6391,00
983,00
491,00
12783,00
1278,00
4261,00
4261,00
12783,00
6391,00
6391,00
12783,00
12783,00
12783,00
1162,00
2130,00
12783,00
12783,00
12783,00
6391,00
751,00
672,00
1278,00
1278,00
3195,00
345,00
12783,00
672,00
913,00
2130,00
6391,00
12783,00
710,00
6391,00
6391,00
12783,00
12783,00
12783,00
2131,00
608,00
1162,00
1598,00
6393,00
4262,00
12786,00
639,00
12786,00
1420,00
12786,00
1278,00
6393,00
1162,00
6393,00
6393,00
4262,00
297,00
710,00
304,00
12786,00
913,00
1420,00
1598,00
6393,00
4262,00
799,00
311,00
355,00
3196,00
710,00
1598,00
2557,00
2557,00
6393,00
4262,00
12786,00
6393,00
473,00
6393,00
6393,00
12787,00
4262,00
555,00
12787,00
12787,00
1420,00
1162,00
1420,00
4262,00
1826,00
12787,00
2131,00
151,00
4262,00
673,00
4262,00
6393,00
4262,00
3196,00
3196,00
440,00
4262,00
6393,00
1278,00
752,00
852,00
12787,00
983,00
983,00
752,00
1598,00
2557,00
12787,00
1420,00
1826,00
12787,00
6393,00
1065,00
426,00
3196,00
1162,00
12787,00
4262,00
12787,00
12787,00
426,00
673,00
1420,00
852,00
12787,00
1065,00
12787,00
4262,00
2131,00
6393,00
6393,00
4262,00
355,00
12787,00
6393,00
913,00
12787,00
1598,00
2557,00
4262,00
6393,00
2559,00
12797,00
12797,00
556,00
853,00
2132,00
4265,00
4265,00
12797,00
12797,00
12797,00
12797,00
752,00
12797,00
6398,00
12805,00
640,00
12810,00
12810,00
12810,00
1164,00
1830,00
1281,00
12810,00
12810,00
711,00
12811,00
2135,00
12811,00
1830,00
711,00
2135,00
4271,00
4271,00
427,00
640,00
4272,00
12817,00
986,00
12818,00
1281,00
6409,00
12818,00
1281,00
12818,00
1424,00
986,00
12818,00
1831,00
6409,00
12819,00
534,00
986,00
3204,00
457,00
1281,00
854,00
12819,00
1068,00
12819,00
12819,00
1068,00
1165,00
1281,00
2563,00
1281,00
1602,00
12819,00
4273,00
4273,00
4273,00
3204,00
12819,00
512,00
6409,00
640,00
6409,00
2563,00
4273,00
4273,00
3204,00
284,00
4273,00
388,00
12819,00
12819,00
1831,00
6409,00
6409,00
6409,00
640,00
557,00
291,00
640,00
640,00
6409,00
12819,00
557,00
12819,00
854,00
1282,00
712,00
12822,00
1424,00
3205,00
6411,00
641,00
582,00
12822,00
1424,00
1068,00
12822,00
2137,00
3206,00
12827,00
475,00
583,00
801,00
1425,00
916,00
1282,00
2565,00
6414,00
801,00
855,00
6417,00
12835,00
1166,00
6417,00
1833,00
12835,00
12835,00
12835,00
12835,00
6417,00
6417,00
1069,00
1166,00
1283,00
1833,00
6417,00
12837,00
611,00
4279,00
916,00
3209,00
916,00
4279,00
2139,00
6418,00
12837,00
6418,00
6418,00
558,00
12837,00
534,00
987,00
12837,00
2567,00
4279,00
298,00
6418,00
4279,00
611,00
493,00
6418,00
755,00
2139,00
6418,00
4279,00
12837,00
6418,00
12837,00
6418,00
713,00
755,00
12837,00
12837,00
12837,00
855,00
12837,00
12837,00
987,00
1283,00
2567,00
12837,00
6418,00
12837,00
534,00
3209,00
802,00
2139,00
6418,00
1167,00
4279,00
12837,00
12837,00
12838,00
12838,00
6419,00
12838,00
855,00
1426,00
475,00
1283,00
1834,00
6419,00
1069,00
1426,00
6419,00
2567,00
377,00
583,00
4279,00
802,00
6419,00
3209,00
12838,00
1167,00
4279,00
12838,00
583,00
317,00
1604,00
12838,00
1283,00
2139,00
1604,00
1604,00
1604,00
6419,00
305,00
366,00
12838,00
641,00
675,00
6419,00
1834,00
6419,00
6419,00
12839,00
12839,00
6419,00
12839,00
713,00
475,00
802,00
12839,00
3209,00
6419,00
4279,00
329,00
442,00
987,00
6419,00
583,00
12839,00
513,00
641,00
1069,00
987,00
1069,00
802,00
12839,00
1069,00
12839,00
12839,00
611,00
802,00
755,00
12839,00
12839,00
2139,00
317,00
6419,00
366,00
513,00
6419,00
12839,00
6419,00
713,00
987,00
4279,00
6419,00
641,00
12839,00
347,00
12839,00
6419,00
4279,00
12839,00
337,00
528,00
12839,00
713,00
6419,00
6419,00
12839,00
987,00
1426,00
12841,00
12841,00
12841,00
317,00
12841,00
12841,00
12841,00
1426,00
12847,00
12847,00
12848,00
160,00
321,00
494,00
611,00
1835,00
3212,00
1070,00
1835,00
2141,00
147,00
428,00
558,00
558,00
2141,00
2141,00
755,00
1427,00
4282,00
160,00
401,00
494,00
494,00
1835,00
1606,00
317,00
1606,00
6424,00
584,00
1284,00
988,00
1284,00
4282,00
3212,00
2141,00
2141,00
4282,00
642,00
988,00
1168,00
1427,00
6424,00
4283,00
2569,00
2569,00
4283,00
377,00
1070,00
856,00
755,00
4283,00
6425,00
2141,00
6425,00
12850,00
1070,00
2570,00
2141,00
3212,00
6425,00
12850,00
3212,00
305,00
377,00
1168,00
1606,00
2141,00
3212,00
3212,00
12850,00
2570,00
2141,00
12850,00
1168,00
1606,00
2141,00
4283,00
6425,00
12850,00
3212,00
12850,00
6425,00
221,00
338,00
755,00
713,00
1606,00
1606,00
317,00
3212,00
3212,00
131,00
267,00
755,00
713,00
803,00
2570,00
1070,00
1427,00
2141,00
178,00
305,00
755,00
676,00
2141,00
1835,00
713,00
1835,00
3212,00
856,00
2141,00
2570,00
1606,00
6426,00
4284,00
3213,00
6426,00
12852,00
803,00
2142,00
2571,00
3213,00
12855,00
4285,00
3213,00
306,00
6427,00
756,00
1836,00
1428,00
2571,00
6427,00
4285,00
3214,00
12856,00
6428,00
1428,00
4285,00
2142,00
4285,00
443,00
6428,00
279,00
318,00
584,00
2142,00
4285,00
3214,00
6428,00
338,00
12857,00
338,00
559,00
642,00
1607,00
4285,00
4285,00
4285,00
12857,00
12857,00
6428,00
642,00
6429,00
225,00
428,00
756,00
584,00
857,00
1168,00
1071,00
3214,00
2143,00
186,00
306,00
612,00
756,00
584,00
1836,00
676,00
1285,00
6429,00
135,00
252,00
514,00
612,00
1071,00
1071,00
559,00
1285,00
2571,00
1428,00
2571,00
1607,00
2571,00
3214,00
4286,00
12858,00
4286,00
4286,00
1428,00
2571,00
2143,00
3214,00
4286,00
4286,00
2571,00
12858,00
3214,00
714,00
1285,00
3214,00
1837,00
6429,00
12859,00
2571,00
6429,00
6429,00
1607,00
4286,00
4286,00
4286,00
12859,00
12859,00
3214,00
12859,00
3214,00
1428,00
3214,00
2571,00
4286,00
12859,00
459,00
6429,00
443,00
12859,00
2571,00
3214,00
2143,00
6429,00
4286,00
12859,00
12859,00
428,00
4286,00
803,00
2571,00
1071,00
1837,00
4286,00
4286,00
2571,00
12859,00
4286,00
642,00
2571,00
1607,00
2572,00
4286,00
6430,00
2143,00
347,00
6430,00
643,00
1607,00
1431,00
2576,00
2576,00
6440,00
2576,00
12881,00
12881,00
1431,00
4293,00
4293,00
4293,00
12881,00
12881,00
2576,00
12881,00
6440,00
1610,00
6440,00
12881,00
4293,00
515,00
12881,00
12881,00
12881,00
757,00
1171,00
4293,00
2576,00
1171,00
4294,00
6441,00
6441,00
805,00
12882,00
2147,00
4293,00
6440,00
12881,00
12881,00
12881,00
6440,00
6440,00
560,00
4293,00
12881,00
6440,00
515,00
920,00
1073,00
6440,00
858,00
6440,00
6440,00
6440,00
12881,00
12881,00
715,00
12881,00
495,00
1840,00
12881,00
1171,00
3220,00
2576,00
3221,00
12884,00
6442,00
3221,00
12884,00
6442,00
1073,00
4294,00
6442,00
2576,00
12884,00
429,00
12884,00
560,00
678,00
805,00
1840,00
1610,00
4294,00
314,00
12884,00
3221,00
477,00
12884,00
2576,00
12884,00
4294,00
4294,00
757,00
4294,00
6442,00
1288,00
12884,00
4294,00
4294,00
6442,00
6442,00
6442,00
4294,00
12884,00
12884,00
12884,00
1840,00
6442,00
3221,00
6442,00
12884,00
4294,00
12884,00
2147,00
715,00
4294,00
12885,00
12885,00
585,00
3221,00
920,00
6442,00
1840,00
991,00
6442,00
12885,00
715,00
12885,00
12885,00
1840,00
859,00
1610,00
2147,00
6442,00
585,00
536,00
6442,00
1610,00
12885,00
715,00
4295,00
12885,00
991,00
3221,00
2147,00
1840,00
6442,00
4295,00
4295,00
12885,00
3221,00
920,00
1431,00
3221,00
2577,00
6442,00
6442,00
6442,00
12886,00
12886,00
920,00
2147,00
2577,00
3221,00
2577,00
226,00
4295,00
12887,00
6443,00
1841,00
4295,00
4295,00
12887,00
12887,00
2577,00
6443,00
12887,00
12887,00
3221,00
6443,00
339,00
429,00
4295,00
4295,00
536,00
6443,00
805,00
2147,00
6443,00
6443,00
12887,00
3221,00
1171,00
6443,00
644,00
12887,00
4295,00
12887,00
477,00
12887,00
1171,00
12888,00
6444,00
920,00
2577,00
4296,00
12888,00
12888,00
12888,00
12888,00
1074,00
12888,00
1288,00
515,00
12888,00
12888,00
585,00
560,00
12888,00
12888,00
12888,00
1611,00
6444,00
4296,00
2148,00
1841,00
4296,00
415,00
12888,00
4296,00
12888,00
460,00
1611,00
2577,00
1611,00
3222,00
12888,00
402,00
12888,00
12888,00
613,00
2577,00
2148,00
2577,00
4296,00
12888,00
12888,00
4296,00
12888,00
560,00
6444,00
6444,00
330,00
444,00
1074,00
4296,00
12888,00
12888,00
1074,00
12888,00
6444,00
429,00
585,00
1074,00
1611,00
991,00
920,00
2577,00
3222,00
12888,00
6444,00
12888,00
12888,00
12888,00
12888,00
12888,00
1074,00
6444,00
644,00
495,00
805,00
1432,00
12888,00
716,00
2148,00
1611,00
12891,00
495,00
6445,00
991,00
920,00
1611,00
805,00
1289,00
2148,00
4297,00
515,00
12891,00
585,00
1611,00
1841,00
12891,00
2578,00
920,00
2578,00
12891,00
12891,00
263,00
12891,00
613,00
12891,00
805,00
805,00
4297,00
4297,00
12891,00
12891,00
12891,00
1289,00
12891,00
12891,00
12891,00
1432,00
4297,00
6445,00
6445,00
6445,00
560,00
3222,00
12891,00
12891,00
12891,00
12891,00
716,00
758,00
1432,00
920,00
12892,00
1611,00
1612,00
12899,00
12899,00
806,00
12899,00
12899,00
1172,00
1074,00
1433,00
1612,00
12899,00
515,00
12899,00
678,00
12899,00
12899,00
758,00
1612,00
12899,00
6449,00
992,00
1289,00
12899,00
3224,00
2149,00
1172,00
6449,00
2579,00
560,00
12899,00
1289,00
921,00
12899,00
2579,00
12899,00
12899,00
2579,00
416,00
1289,00
1433,00
12899,00
1842,00
2579,00
12899,00
2579,00
1172,00
3225,00
12900,00
12900,00
4300,00
6450,00
4300,00
12901,00
679,00
460,00
2150,00
6450,00
208,00
3225,00
4300,00
496,00
307,00
496,00
12901,00
4300,00
130,00
4300,00
4300,00
322,00
6455,00
12910,00
6455,00
12910,00
12910,00
12910,00
12910,00
806,00
12910,00
516,00
12910,00
12910,00
12910,00
4303,00
6455,00
12910,00
12910,00
6455,00
806,00
1173,00
1075,00
12910,00
12910,00
12910,00
496,00
614,00
717,00
6455,00
679,00
6455,00
6455,00
6455,00
860,00
860,00
12910,00
12910,00
12910,00
586,00
12910,00
2582,00
12910,00
12910,00
12910,00
12910,00
12910,00
2582,00
1434,00
1291,00
679,00
6455,00
12910,00
478,00
6455,00
806,00
12910,00
6455,00
12910,00
3227,00
192,00
759,00
860,00
1291,00
4303,00
4303,00
1434,00
1434,00
993,00
348,00
1075,00
1434,00
679,00
2151,00
4303,00
1291,00
2151,00
1844,00
176,00
717,00
860,00
759,00
1844,00
2151,00
586,00
1075,00
1075,00
993,00
2151,00
3227,00
3227,00
6455,00
12910,00
4303,00
12910,00
358,00
1077,00
3231,00
1846,00
4309,00
12927,00
3231,00
4309,00
12928,00
323,00
994,00
2154,00
2154,00
1848,00
2587,00
6468,00
3234,00
4312,00
2156,00
1848,00
6468,00
3234,00
12936,00
3234,00
462,00
12936,00
12936,00
12936,00
1848,00
3234,00
6468,00
4312,00
6468,00
12936,00
6468,00
4312,00
359,00
1437,00
4312,00
2587,00
3234,00
12936,00
6468,00
6468,00
12936,00
4312,00
479,00
862,00
1293,00
1176,00
1848,00
3234,00
1617,00
1437,00
1617,00
340,00
924,00
1437,00
1078,00
2156,00
2587,00
1617,00
3234,00
3234,00
264,00
808,00
995,00
995,00
2156,00
2156,00
1078,00
1617,00
2156,00
2156,00
4312,00
3234,00
6468,00
6468,00
12937,00
12937,00
4312,00
497,00
2587,00
6468,00
4312,00
12937,00
12937,00
446,00
4312,00
2156,00
12937,00
2587,00
1848,00
4312,00
4312,00
6468,00
3234,00
3234,00
12937,00
12937,00
2587,00
1848,00
6468,00
4312,00
6468,00
12937,00
6469,00
4312,00
562,00
4312,00
4312,00
6469,00
331,00
562,00
616,00
4312,00
446,00
761,00
2587,00
6469,00
6469,00
12938,00
12938,00
12938,00
308,00
588,00
12938,00
258,00
924,00
1078,00
2156,00
2156,00
1848,00
1176,00
1437,00
2156,00
264,00
924,00
1293,00
2156,00
1293,00
3234,00
1437,00
2156,00
1848,00
177,00
1078,00
862,00
718,00
1437,00
3234,00
808,00
1617,00
3234,00
2587,00
3234,00
6469,00
4312,00
12938,00
12938,00
12938,00
323,00
588,00
2587,00
3234,00
2156,00
4312,00
331,00
12938,00
2587,00
3234,00
12938,00
1293,00
2587,00
4312,00
2587,00
4312,00
6469,00
6469,00
4312,00
6469,00
2156,00
4313,00
4313,00
12940,00
12940,00
6470,00
369,00
479,00
12943,00
1294,00
227,00
6471,00
12943,00
12943,00
588,00
3236,00
6472,00
2588,00
1438,00
4314,00
4315,00
264,00
12945,00
681,00
308,00
539,00
380,00
1618,00
4315,00
4315,00
6472,00
6472,00
12945,00
12945,00
380,00
6472,00
1294,00
3236,00
6472,00
4315,00
4315,00
12945,00
6472,00
6472,00
417,00
1438,00
2157,00
4315,00
2589,00
12946,00
4315,00
6473,00
6473,00
12946,00
12946,00
6473,00
12946,00
4315,00
863,00
12946,00
647,00
1294,00
12946,00
6473,00
12946,00
6473,00
6473,00
719,00
995,00
6473,00
6473,00
6473,00
1849,00
12946,00
12946,00
12946,00
6473,00
995,00
539,00
995,00
924,00
12946,00
446,00
6473,00
6473,00
924,00
995,00
446,00
1294,00
12946,00
3236,00
12946,00
12946,00
588,00
12946,00
2157,00
12946,00
12946,00
1078,00
6473,00
3236,00
479,00
588,00
1078,00
2157,00
6473,00
1294,00
924,00
2589,00
4315,00
3236,00
6473,00
12946,00
12946,00
4315,00
4315,00
12947,00
2589,00
12947,00
6473,00
6474,00
3237,00
12948,00
12948,00
12948,00
719,00
2158,00
4317,00
6476,00
3238,00
12954,00
6477,00
12959,00
2591,00
6479,00
4319,00
6480,00
12960,00
648,00
1620,00
996,00
12960,00
1178,00
1296,00
12960,00
682,00
12961,00
1178,00
617,00
1851,00
997,00
12961,00
1296,00
4320,00
12961,00
12961,00
762,00
997,00
1080,00
1296,00
1620,00
2592,00
3240,00
6480,00
682,00
12961,00
1440,00
1851,00
1080,00
1080,00
4320,00
12961,00
12961,00
1080,00
810,00
12962,00
3240,00
12962,00
12962,00
3240,00
392,00
12962,00
1620,00
1620,00
1440,00
3240,00
1851,00
1080,00
2160,00
4320,00
6481,00
6481,00
4321,00
6481,00
432,00
6481,00
4321,00
12963,00
1440,00
12964,00
12964,00
3241,00
6482,00
682,00
2592,00
447,00
12964,00
1852,00
264,00
6484,00
2593,00
418,00
540,00
244,00
6484,00
12969,00
2593,00
12969,00
6484,00
12969,00
12969,00
6484,00
6484,00
12969,00
4323,00
12969,00
12969,00
3242,00
682,00
6484,00
1080,00
6484,00
12969,00
6485,00
249,00
720,00
12970,00
12970,00
12970,00
926,00
1080,00
864,00
810,00
12970,00
4323,00
12970,00
12970,00
1080,00
1621,00
1179,00
1179,00
926,00
4323,00
12970,00
762,00
6485,00
6485,00
1441,00
12970,00
6485,00
129,00
12970,00
648,00
997,00
864,00
2161,00
6485,00
1852,00
1852,00
927,00
3247,00
12990,00
2598,00
12990,00
6495,00
12990,00
12990,00
433,00
12990,00
2165,00
2165,00
4330,00
4330,00
12991,00
4330,00
12991,00
2598,00
12991,00
2165,00
6495,00
3247,00
2598,00
3247,00
6495,00
6495,00
12991,00
433,00
4330,00
6495,00
6495,00
683,00
1299,00
1299,00
12991,00
12991,00
1082,00
6495,00
6495,00
6495,00
12991,00
1623,00
811,00
866,00
812,00
12997,00
6498,00
12997,00
382,00
6498,00
684,00
1624,00
649,00
1299,00
12997,00
6498,00
6498,00
12997,00
481,00
12997,00
12997,00
1031,00
12997,00
12997,00
6498,00
519,00
12997,00
722,00
866,00
12997,00
12997,00
722,00
3249,00
333,00
684,00
12997,00
6498,00
12997,00
1299,00
382,00
1299,00
812,00
3249,00
6498,00
12997,00
6498,00
618,00
12997,00
12997,00
4332,00
499,00
4332,00
288,00
12997,00
2599,00
12997,00
12998,00
4332,00
12998,00
6499,00
1444,00
4332,00
4332,00
270,00
541,00
618,00
6499,00
6499,00
12998,00
12998,00
6499,00
12998,00
1181,00
1444,00
12998,00
12998,00
812,00
2166,00
3249,00
12999,00
541,00
866,00
1299,00
1857,00
764,00
12999,00
1299,00
12999,00
12999,00
12999,00
866,00
12999,00
1299,00
12999,00
928,00
2166,00
6499,00
12999,00
999,00
1181,00
1624,00
1857,00
464,00
6500,00
1300,00
13000,00
6500,00
6500,00
6500,00
13000,00
6500,00
6500,00
13000,00
13000,00
4333,00
13000,00
764,00
928,00
1083,00
4333,00
13000,00
4333,00
1000,00
6500,00
13000,00
13000,00
4333,00
590,00
619,00
4333,00
520,00
13000,00
2600,00
13000,00
4333,00
3250,00
6500,00
13000,00
4333,00
13000,00
4333,00
2600,00
4333,00
13000,00
13000,00
3250,00
722,00
4333,00
13000,00
541,00
13000,00
684,00
6500,00
928,00
3250,00
1083,00
13003,00
1444,00
812,00
433,00
13004,00
6502,00
1000,00
1445,00
13006,00
765,00
812,00
13006,00
6503,00
13006,00
13006,00
13006,00
929,00
1625,00
13006,00
6503,00
13006,00
6503,00
684,00
13006,00
1182,00
1858,00
1182,00
13006,00
13006,00
2167,00
4335,00
867,00
4335,00
565,00
1000,00
13006,00
4335,00
134,00
240,00
6503,00
13006,00
4335,00
6503,00
13006,00
929,00
13006,00
13006,00
4335,00
325,00
812,00
1182,00
765,00
2167,00
3251,00
2601,00
2601,00
3251,00
289,00
812,00
929,00
812,00
3251,00
3251,00
2601,00
6503,00
3251,00
351,00
684,00
1445,00
1084,00
3252,00
1626,00
2168,00
1858,00
6507,00
684,00
2169,00
1859,00
2603,00
4338,00
2603,00
6508,00
13016,00
6508,00
929,00
1859,00
2603,00
4338,00
13016,00
6508,00
6508,00
13016,00
13016,00
1301,00
1627,00
2169,00
2603,00
4338,00
2603,00
6508,00
4338,00
13016,00
1301,00
2603,00
4338,00
6508,00
13016,00
6508,00
13016,00
13016,00
565,00
1301,00
3254,00
6508,00
2603,00
13016,00
448,00
13016,00
650,00
867,00
1446,00
6508,00
6508,00
3254,00
13016,00
394,00
13016,00
542,00
13016,00
619,00
1183,00
1301,00
1084,00
1859,00
1859,00
1446,00
1859,00
2169,00
203,00
419,00
619,00
813,00
1446,00
2603,00
1084,00
1627,00
1627,00
265,00
619,00
1084,00
650,00
1859,00
1859,00
2603,00
2603,00
2169,00
1446,00
2169,00
2603,00
13018,00
4339,00
13018,00
6509,00
6509,00
520,00
1627,00
2603,00
3254,00
6509,00
3254,00
13019,00
13019,00
13019,00
542,00
1627,00
4339,00
4339,00
4339,00
236,00
6509,00
6509,00
6509,00
520,00
2169,00
6509,00
3254,00
4339,00
13019,00
6509,00
6509,00
13019,00
685,00
4339,00
1084,00
3254,00
3254,00
271,00
3255,00
6510,00
6510,00
482,00
3255,00
4340,00
13020,00
4340,00
520,00
13020,00
6510,00
13020,00
13020,00
448,00
685,00
1302,00
651,00
1183,00
1446,00
1302,00
2170,00
1860,00
255,00
566,00
1001,00
930,00
1628,00
4341,00
1184,00
3256,00
3256,00
250,00
685,00
1085,00
723,00
1628,00
1447,00
1184,00
2170,00
1447,00
3256,00
2170,00
2604,00
1860,00
3256,00
1860,00
4341,00
2604,00
13024,00
1860,00
3256,00
3256,00
4341,00
4341,00
13024,00
302,00
394,00
13024,00
2170,00
3256,00
4341,00
4341,00
6512,00
2604,00
265,00
13024,00
13025,00
3256,00
6512,00
4341,00
6512,00
13026,00
6513,00
6513,00
6513,00
13026,00
1860,00
13026,00
4342,00
4342,00
13026,00
13026,00
6513,00
13026,00
13026,00
2605,00
6513,00
4342,00
13026,00
13026,00
465,00
4342,00
6513,00
13026,00
1002,00
3256,00
2171,00
4342,00
407,00
6517,00
13034,00
6517,00
13034,00
1862,00
4344,00
4344,00
6517,00
13034,00
620,00
4344,00
13034,00
651,00
1629,00
4345,00
3259,00
13036,00
13036,00
13036,00
372,00
521,00
766,00
3259,00
6518,00
4345,00
13037,00
767,00
652,00
767,00
1086,00
869,00
4347,00
4347,00
4347,00
6520,00
6520,00
869,00
6520,00
13041,00
13041,00
2608,00
4347,00
4347,00
13041,00
13041,00
1003,00
724,00
1185,00
1185,00
3260,00
4347,00
6520,00
501,00
869,00
13041,00
6520,00
4347,00
931,00
6520,00
543,00
767,00
13041,00
1086,00
2608,00
6520,00
1304,00
1863,00
13041,00
13041,00
567,00
815,00
13041,00
2608,00
1004,00
1864,00
6526,00
3263,00
6526,00
4350,00
6526,00
13052,00
502,00
13052,00
13052,00
725,00
1631,00
3263,00
13052,00
3263,00
4350,00
13052,00
303,00
4351,00
815,00
2175,00
4352,00
2611,00
13058,00
395,00
544,00
4353,00
502,00
13062,00
6532,00
13064,00
13064,00
13064,00
13066,00
768,00
1088,00
1187,00
13067,00
6533,00
13067,00
13069,00
13069,00
1633,00
6534,00
1089,00
4356,00
871,00
4356,00
421,00
4356,00
816,00
6534,00
13069,00
1005,00
1089,00
13070,00
6535,00
768,00
871,00
3267,00
13070,00
13070,00
871,00
1452,00
4356,00
13070,00
466,00
1188,00
6535,00
6535,00
816,00
13070,00
6535,00
1867,00
568,00
13070,00
1188,00
1188,00
13070,00
2614,00
2178,00
1452,00
1307,00
2178,00
2178,00
4356,00
4356,00
13070,00
6535,00
13070,00
484,00
622,00
1307,00
6535,00
13070,00
3267,00
13070,00
13070,00
311,00
816,00
933,00
1452,00
6535,00
6535,00
6535,00
13070,00
544,00
13070,00
13070,00
687,00
4356,00
4356,00
13070,00
2614,00
6535,00
13070,00
13070,00
13070,00
6535,00
13070,00
6535,00
13070,00
13070,00
4356,00
871,00
871,00
13070,00
13070,00
6535,00
13070,00
6535,00
13071,00
13071,00
769,00
6536,00
6536,00
13073,00
13073,00
13073,00
1089,00
4357,00
13073,00
933,00
933,00
1452,00
1634,00
13073,00
13073,00
1089,00
13073,00
13073,00
6536,00
13073,00
933,00
13073,00
502,00
933,00
1452,00
1188,00
1307,00
2178,00
1452,00
1307,00
13073,00
1867,00
6535,00
6535,00
6535,00
6535,00
6535,00
13071,00
13071,00
13071,00
1867,00
4357,00
6535,00
6535,00
3267,00
408,00
6535,00
4357,00
13071,00
2614,00
4357,00
6535,00
4357,00
13071,00
13071,00
6535,00
6535,00
1005,00
4357,00
13071,00
4357,00
568,00
13071,00
6535,00
13071,00
1089,00
13071,00
4357,00
6535,00
6535,00
13071,00
13071,00
13071,00
768,00
1005,00
13071,00
6535,00
13071,00
6535,00
622,00
1005,00
933,00
1089,00
1307,00
1633,00
13071,00
653,00
768,00
13071,00
1089,00
1188,00
421,00
1452,00
2614,00
4357,00
6536,00
544,00
6536,00
13072,00
13077,00
13080,00
655,00
770,00
385,00
13108,00
6554,00
6554,00
1092,00
1872,00
13108,00
1456,00
1092,00
4369,00
13108,00
485,00
13100,00
873,00
770,00
13100,00
595,00
935,00
6550,00
4366,00
13100,00
13100,00
13100,00
13100,00
6550,00
6550,00
13100,00
2183,00
2620,00
238,00
344,00
569,00
1190,00
13100,00
13100,00
873,00
6550,00
13100,00
13100,00
6550,00
6550,00
13100,00
1007,00
1190,00
2183,00
13100,00
6550,00
770,00
1190,00
13100,00
1007,00
1455,00
13100,00
13100,00
6550,00
485,00
727,00
1190,00
6550,00
1190,00
1310,00
13100,00
2183,00
13100,00
1310,00
1637,00
689,00
1637,00
2620,00
13101,00
770,00
2183,00
623,00
344,00
13101,00
13101,00
13101,00
13101,00
13101,00
1310,00
6550,00
623,00
818,00
2183,00
1191,00
13101,00
2620,00
1191,00
6550,00
13101,00
3275,00
13101,00
13101,00
6550,00
595,00
569,00
13101,00
689,00
13101,00
4367,00
13101,00
13101,00
13102,00
485,00
1008,00
13104,00
6552,00
13104,00
2184,00
6552,00
2620,00
13104,00
13104,00
624,00
6552,00
13104,00
436,00
595,00
569,00
728,00
689,00
13104,00
13104,00
1092,00
6552,00
1015,00
549,00
13195,00
13195,00
1099,00
13195,00
13195,00
13195,00
13195,00
13195,00
6597,00
13195,00
13286,00
1022,00
949,00
13286,00
1328,00
13286,00
13286,00
13286,00
13286,00
1328,00
885,00
6643,00
1328,00
1476,00
13286,00
13286,00
6643,00
949,00
6643,00
13286,00
1022,00
738,00
632,00
4428,00
2657,00
13286,00
1107,00
474,00
6643,00
885,00
13286,00
664,00
4428,00
4428,00
246,00
885,00
949,00
781,00
2657,00
2657,00
1207,00
3321,00
3321,00
214,00
577,00
830,00
699,00
2214,00
2214,00
2214,00
6643,00
6643,00
126,00
511,00
474,00
632,00
1207,00
1898,00
632,00
2214,00
1660,00
1022,00
1898,00
1328,00
2214,00
4429,00
6643,00
2657,00
6643,00
6643,00
738,00
1207,00
1660,00
2657,00
13287,00
6643,00
3321,00
295,00
2214,00
830,00
1476,00
1328,00
1660,00
2657,00
4429,00
2214,00
3321,00
6643,00
1022,00
2657,00
2657,00
2214,00
6643,00
13287,00
13287,00
6643,00
6643,00
1898,00
2657,00
2657,00
6643,00
359,00
13287,00
13287,00
6643,00
13287,00
1107,00
2657,00
2214,00
2657,00
3321,00
349,00
2657,00
6643,00
13287,00
282,00
885,00
781,00
664,00
2214,00
1898,00
885,00
3321,00
13287,00
184,00
632,00
699,00
632,00
2658,00
2658,00
886,00
6645,00
2658,00
172,00
699,00
474,00
738,00
2658,00
1898,00
949,00
3322,00
3322,00
1329,00
2658,00
2658,00
2658,00
6645,00
4430,00
2658,00
349,00
13291,00
886,00
3322,00
2658,00
3322,00
3322,00
4430,00
4430,00
13291,00
6645,00
1477,00
1662,00
1899,00
4432,00
2659,00
4432,00
3324,00
4432,00
13297,00
2216,00
6648,00
2216,00
2659,00
474,00
13297,00
13296,00
13296,00
13296,00
2216,00
13296,00
4432,00
13296,00
13296,00
604,00
6648,00
13296,00
699,00
3324,00
4432,00
4432,00
6648,00
511,00
604,00
4432,00
578,00
13297,00
225,00
782,00
443,00
531,00
1022,00
1022,00
782,00
4432,00
831,00
192,00
511,00
664,00
578,00
1899,00
1329,00
886,00
4432,00
2216,00
91,00
554,00
241,00
554,00
1477,00
1899,00
782,00
1477,00
738,00
1899,00
4432,00
1899,00
2216,00
6648,00
2216,00
13297,00
4432,00
13297,00
1477,00
2659,00
3324,00
4432,00
13297,00
6648,00
4432,00
391,00
4432,00
1208,00
2659,00
2216,00
3324,00
3324,00
4432,00
3324,00
3324,00
4432,00
2216,00
4432,00
4432,00
13298,00
415,00
13298,00
289,00
13298,00
2659,00
1899,00
4432,00
2216,00
246,00
13298,00
13298,00
302,00
633,00
13298,00
1329,00
13298,00
1208,00
211,00
13298,00
13298,00
13298,00
13298,00
1477,00
1208,00
2216,00
1899,00
2659,00
6649,00
3324,00
3324,00
6649,00
6649,00
1899,00
2659,00
2216,00
4432,00
4432,00
13298,00
6649,00
13298,00
3324,00
2216,00
1477,00
1662,00
2659,00
6649,00
13298,00
6649,00
4432,00
6649,00
2659,00
13298,00
6649,00
3324,00
699,00
13298,00
13298,00
1108,00
6650,00
4433,00
13300,00
6650,00
13300,00
1023,00
1108,00
532,00
1209,00
13301,00
3325,00
13301,00
6650,00
13301,00
13301,00
782,00
6650,00
1023,00
782,00
13306,00
429,00
6653,00
13307,00
6653,00
950,00
13307,00
13307,00
782,00
6653,00
739,00
475,00
739,00
1209,00
2217,00
782,00
1901,00
13307,00
13307,00
429,00
492,00
4435,00
13316,00
1210,00
13316,00
1210,00
6658,00
2663,00
6658,00
3329,00
3329,00
13316,00
3329,00
2219,00
13317,00
4439,00
1479,00
4439,00
6658,00
4439,00
359,00
4439,00
4439,00
665,00
13317,00
2663,00
2663,00
2219,00
6658,00
13317,00
13317,00
4439,00
475,00
429,00
3329,00
13317,00
13317,00
3329,00
13317,00
3329,00
4439,00
1331,00
6658,00
4439,00
532,00
13317,00
6658,00
13317,00
6658,00
13317,00
13317,00
13317,00
4439,00
13317,00
6658,00
13317,00
13317,00
13317,00
605,00
1664,00
1210,00
13317,00
951,00
605,00
605,00
1902,00
1024,00
783,00
2219,00
13318,00
13318,00
1210,00
13318,00
13318,00
13318,00
1479,00
13318,00
13318,00
951,00
13318,00
700,00
739,00
887,00
13318,00
1664,00
1109,00
13318,00
1109,00
1479,00
2663,00
6659,00
2219,00
2663,00
4439,00
4439,00
4439,00
6659,00
1479,00
4439,00
4439,00
4439,00
13318,00
6659,00
13318,00
13318,00
4439,00
1902,00
6659,00
6659,00
3329,00
13318,00
6659,00
6659,00
6659,00
13318,00
6659,00
13318,00
13318,00
13318,00
832,00
13318,00
13318,00
739,00
13318,00
6659,00
493,00
13318,00
605,00
783,00
832,00
6659,00
6659,00
493,00
3329,00
13318,00
13318,00
6659,00
605,00
4439,00
6659,00
13318,00
6659,00
443,00
700,00
1210,00
783,00
1210,00
1331,00
1664,00
2219,00
475,00
6659,00
783,00
512,00
6659,00
13319,00
13319,00
739,00
832,00
2219,00
332,00
6660,00
13321,00
13321,00
13321,00
6660,00
13321,00
740,00
2664,00
1481,00
6665,00
13333,00
13336,00
666,00
6668,00
303,00
635,00
635,00
1905,00
3334,00
3334,00
13336,00
476,00
13336,00
13336,00
579,00
13336,00
1667,00
2667,00
1481,00
4445,00
13336,00
6668,00
3334,00
13336,00
6668,00
6668,00
555,00
13336,00
666,00
2222,00
952,00
784,00
1905,00
1905,00
13336,00
416,00
493,00
784,00
13336,00
1481,00
13336,00
4445,00
952,00
13336,00
6668,00
6668,00
13336,00
13336,00
1212,00
13336,00
13336,00
784,00
13336,00
784,00
740,00
1025,00
1667,00
2222,00
13336,00
13336,00
1212,00
6668,00
784,00
13336,00
889,00
1481,00
13336,00
6668,00
1212,00
13336,00
13336,00
13336,00
6668,00
6668,00
6668,00
1025,00
4445,00
740,00
6668,00
6668,00
13336,00
296,00
4445,00
784,00
13336,00
6668,00
6668,00
4445,00
2667,00
13336,00
13336,00
3334,00
13336,00
13336,00
4445,00
13336,00
4445,00
1905,00
2667,00
1481,00
13336,00
606,00
476,00
6668,00
533,00
4445,00
13336,00
701,00
784,00
13336,00
1111,00
6668,00
13336,00
13336,00
13336,00
13336,00
13336,00
833,00
13336,00
6668,00
6668,00
13336,00
889,00
13336,00
392,00
13336,00
13336,00
1333,00
952,00
1111,00
1025,00
1481,00
889,00
533,00
6668,00
1481,00
1212,00
4445,00
2667,00
1667,00
952,00
1333,00
13336,00
784,00
889,00
13336,00
13336,00
1213,00
13343,00
4447,00
13343,00
13343,00
13343,00
13345,00
1213,00
1334,00
3336,00
13345,00
13345,00
13345,00
1112,00
230,00
13345,00
6672,00
444,00
6672,00
4448,00
6672,00
13345,00
3336,00
6672,00
3336,00
13346,00
13346,00
13346,00
6673,00
6673,00
6673,00
889,00
2224,00
1334,00
6673,00
4448,00
6678,00
3339,00
6678,00
3339,00
430,00
13356,00
636,00
13356,00
1484,00
13356,00
1335,00
1113,00
890,00
430,00
6678,00
6678,00
13356,00
6679,00
13359,00
1113,00
1027,00
13359,00
13359,00
4453,00
6679,00
742,00
785,00
13359,00
556,00
13359,00
2671,00
404,00
13359,00
785,00
1484,00
1669,00
1214,00
1113,00
13359,00
6679,00
13359,00
890,00
6679,00
13359,00
13359,00
785,00
636,00
6679,00
2671,00
3339,00
381,00
2226,00
6679,00
6679,00
6679,00
4453,00
3339,00
224,00
