



























































































































































































































































































































































































































































































































































































































































































































































































































































































































































































































































































































































































































































































































































































































































































































































































































































































































































































































































































































































































































































































































































































































































































































































































10158,00
2438,00
6773,00
7620,00
2540,00
10161,00
12194,00
2650,00
7621,00
12194,00
2651,00
6775,00
6775,00
2345,00
5543,00
6098,00
1694,00
5082,00
5545,00
1386,00
2652,00
3590,00
1649,00
5086,00
8724,00
2261,00
7634,00
10183,00
2909,00
5554,00
7643,00
1528,00
5561,00
12235,00
2039,00
7649,00
12239,00
2110,00
4080,00
5102,00
2111,00
5568,00
6805,00
2268,00
5106,00
5570,00
1571,00
3404,00
3830,00
4086,00
12260,00
20435,00
4380,00
6814,00
7666,00
3833,00
6815,00
4089,00
3408,00
15340,00
12272,00
6138,00
8768,00
8769,00
2923,00
6821,00
2558,00
2791,00
6140,00
7676,00
2791,00
6824,00
6824,00
1535,00
3071,00
2118,00
6826,00
10239,00
12288,00
5586,00
5120,00
10241,00
3840,00
6828,00
10244,00
4391,00
12295,00
8782,00
6149,00
8784,00
7688,00
3075,00
6835,00
7692,00
2931,00
6840,00
10263,00
2368,00
6844,00
6161,00
1867,00
4403,00
4742,00
4110,00
6166,00
8809,00
5139,00
10278,00
12335,00
4405,00
7710,00
8812,00
4745,00
12342,00
10286,00
3857,00
10286,00
10286,00
2683,00
6172,00
4114,00
2805,00
4409,00
8818,00
2939,00
6859,00
7716,00
1871,00
3859,00
2941,00
617,00
3251,00
6864,00
650,00
3432,00
6178,00
870,00
3252,00
2574,00
664,00
1993,00
5617,00
546,00
2942,00
5149,00
1047,00
2575,00
1670,00
451,00
2208,00
2811,00
359,00
2209,00
3093,00
404,00
1374,00
1145,00
578,00
3867,00
7734,00
303,00
4420,00
5157,00
1213,00
3641,00
4421,00
461,00
3440,00
6880,00
370,00
1877,00
6882,00
938,00
2581,00
2581,00
465,00
2581,00
3261,00
311,00
2582,00
2951,00
520,00
1721,00
2066,00
491,00
3646,00
7750,00
504,00
2952,00
6200,00
794,00
3647,00
4769,00
394,00
2480,00
7751,00
390,00
2000,00
6890,00
849,00
3264,00
2480,00
251,00
2385,00
2819,00
305,00
2953,00
3446,00
504,00
1824,00
1590,00
2067,00
4772,00
10340,00
2697,00
3650,00
8865,00
2298,00
4774,00
3103,00
2216,00
3652,00
7761,00
1724,00
4139,00
7763,00
1774,00
4140,00
2700,00
1634,00
3881,00
4436,00
1444,00
3451,00
3882,00
1018,00
2301,00
1882,00
1882,00
8876,00
8876,00
1380,00
4779,00
8877,00
2589,00
5178,00
5649,00
1883,00
1776,00
10360,00
1036,00
2391,00
6908,00
2302,00
3272,00
4442,00
1885,00
4786,00
4786,00
1414,00
3456,00
4786,00
1174,00
2592,00
2963,00
1830,00
6222,00
8891,00
1682,00
5659,00
6918,00
2707,00
5188,00
4790,00
1779,00
5661,00
10379,00
1383,00
6228,00
10380,00
2306,00
4791,00
5662,00
2147,00
5663,00
6229,00
1483,00
4153,00
5663,00
1271,00
2396,00
2832,00
5193,00
12463,00
15580,00
3280,00
4451,00
7797,00
2712,00
5198,00
4158,00
3669,00
5671,00
7798,00
4159,00
7798,00
8913,00
1949,00
4799,00
2496,00
2713,00
5200,00
6240,00
2080,00
5200,00
6241,00
1248,00
2713,00
1835,00
5202,00
8918,00
8919,00
2973,00
5677,00
2974,00
3470,00
6940,00
6940,00
4165,00
10412,00
10412,00
3471,00
6942,00
10413,00
2403,00
5680,00
5680,00
3124,00
6249,00
5681,00
2155,00
6943,00
5206,00
1453,00
3471,00
4165,00
4807,00
7813,00
7813,00
4464,00
10418,00
12502,00
3125,00
5683,00
7814,00
6252,00
7815,00
6252,00
3290,00
12505,00
8933,00
2842,00
6253,00
3474,00
3291,00
7818,00
6950,00
2405,00
6950,00
6256,00
1646,00
3680,00
2502,00
977,00
3476,00
4469,00
1060,00
3911,00
3681,00
1043,00
2018,00
1896,00
1138,00
2845,00
3477,00
1098,00
2845,00
2722,00
703,00
1423,00
1252,00
485,00
2020,00
2237,00
574,00
1606,00
1957,00
360,00
949,00
882,00
979,00
3686,00
6269,00
1044,00
4180,00
4823,00
995,00
2239,00
2726,00
836,00
3136,00
3691,00
923,00
3487,00
3304,00
730,00
1962,00
2165,00
621,00
1794,00
2243,00
448,00
2026,00
2166,00
487,00
1122,00
1257,00
714,00
2858,00
5716,00
911,00
4837,00
4837,00
952,00
2329,00
2735,00
515,00
2859,00
4839,00
622,00
3495,00
4194,00
850,00
2030,00
1907,00
258,00
1967,00
2031,00
333,00
2032,00
2172,00
411,00
1211,00
1212,00
2626,00
6302,00
7003,00
2424,00
7003,00
5252,00
1501,00
3318,00
2626,00
1910,00
3319,00
4851,00
1970,00
4851,00
4851,00
1087,00
2522,00
2102,00
1069,00
2628,00
3154,00
970,00
2743,00
2629,00
685,00
1502,00
1434,00
3006,00
7015,00
5740,00
2338,00
5740,00
6314,00
1706,00
3947,00
3715,00
2526,00
5264,00
5743,00
2105,00
5264,00
5265,00
1289,00
3009,00
3009,00
1404,00
2747,00
3511,00
1090,00
3010,00
3512,00
780,00
1663,00
2180,00
3161,00
5270,00
7029,00
2040,00
4519,00
5751,00
2040,00
3721,00
3954,00
2263,00
5760,00
7042,00
2185,00
5762,00
5281,00
1377,00
3170,00
3337,00
1509,00
3337,00
3963,00
1268,00
3338,00
3020,00
803,00
1982,00
2188,00
3966,00
7051,00
10578,00
3340,00
6347,00
7052,00
2115,00
3967,00
3173,00
2539,00
5290,00
5771,00
2760,00
5771,00
6348,00
1411,00
2886,00
1984,00
1671,00
3969,00
4233,00
1512,00
3025,00
3737,00
847,00
1766,00
1513,00
3974,00
7065,00
7949,00
3180,00
5782,00
7952,00
1871,00
4242,00
5303,00
3031,00
7957,00
5787,00
2546,00
5305,00
5306,00
1675,00
3538,00
3539,00
1769,00
3981,00
3982,00
1770,00
3983,00
3983,00
1080,00
2451,00
2656,00
3984,00
5796,00
9110,00
3188,00
7972,00
10630,00
2200,00
3987,00
5800,00
3038,00
7090,00
7091,00
2901,00
7093,00
7093,00
1596,00
3755,00
2775,00
1637,00
2660,00
4257,00
1774,00
4562,00
4258,00
1120,00
2555,00
2281,00
462,00
2555,00
7099,00
570,00
1997,00
6391,00
926,00
4916,00
6391,00
407,00
2458,00
6391,00
266,00
1452,00
9132,00
626,00
2779,00
5812,00
376,00
3552,00
7993,00
315,00
1998,00
5329,00
345,00
2062,00
3996,00
864,00
4263,00
9136,00
652,00
2369,00
9139,00
1163,00
4569,00
9139,00
511,00
3367,00
6398,00
355,00
1729,00
9143,00
853,00
3555,00
7112,00
592,00
4572,00
7113,00
372,00
2286,00
7114,00
780,00
2783,00
4001,00
744,00
3201,00
8004,00
831,00
5821,00
9148,00
1307,00
4926,00
9149,00
593,00
4003,00
5823,00
542,00
3050,00
9151,00
1123,00
4576,00
5824,00
372,00
2464,00
5340,00
372,00
2002,00
6409,00
720,00
2787,00
4932,00
2671,00
5829,00
16031,00
2003,00
4580,00
10688,00
3772,00
10689,00
12827,00
1644,00
3054,00
10692,00
1336,00
4935,00
32090,00
2005,00
7131,00
12839,00
2469,00
5350,00
10700,00
1426,00
10700,00
10700,00
2292,00
4585,00
7133,00
2675,00
7134,00
32116,00
1311,00
4015,00
6425,00
4283,00
10709,00
12852,00
3382,00
4284,00
10711,00
1168,00
2073,00
16071,00
3571,00
9184,00
7143,00
3061,00
8037,00
16074,00
1648,00
3782,00
7145,00
2473,00
4019,00
7149,00
1950,00
8048,00
16097,00
1951,00
8050,00
10734,00
3578,00
16102,00
12882,00
1894,00
5367,00
7157,00
2013,00
5856,00
21475,00
4026,00
9204,00
9205,00
2013,00
4295,00
16110,00
1611,00
7162,00
12891,00
3069,00
5371,00
7162,00
4604,00
12892,00
10743,00
4297,00
10744,00
10745,00
3793,00
10748,00
12898,00
3394,00
21499,00
9214,00
3225,00
12901,00
9215,00
2932,00
7167,00
7168,00
3395,00
8065,00
9217,00
2932,00
8068,00
9221,00
3073,00
7172,00
7172,00
8069,00
16138,00
7173,00
4966,00
7173,00
12912,00
7175,00
21528,00
16146,00
5871,00
9227,00
5872,00
3800,00
10768,00
10769,00
6461,00
12923,00
9231,00
6462,00
10771,00
12926,00
5386,00
10772,00
7181,00
3590,00
8079,00
7181,00
8079,00
12930,00
16164,00
6465,00
9237,00
12932,00
6466,00
6466,00
21556,00
4312,00
10780,00
8085,00
6468,00
21562,00
16172,00
4043,00
9242,00
12939,00
3805,00
7189,00
9244,00
5392,00
12942,00
10786,00
3235,00
5883,00
8090,00
727,00
3407,00
9250,00
789,00
3810,00
10797,00
1116,00
7198,00
5892,00
605,00
2700,00
8104,00
313,00
1296,00
5898,00
968,00
3605,00
5899,00
595,00
3244,00
6491,00
457,00
1910,00
3608,00
536,00
2599,00
2954,00
706,00
2956,00
9291,00
458,00
1913,00
10840,00
1227,00
5003,00
9299,00
425,00
1915,00
6513,00
119,00
449,00
4074,00
716,00
2963,00
7243,00
587,00
2716,00
5927,00
292,00
1330,00
4347,00
785,00
2964,00
3622,00
785,00
3623,00
7248,00
577,00
2718,00
7250,00
870,00
5020,00
8160,00
393,00
2967,00
8161,00
232,00
907,00
7256,00
733,00
3265,00
6531,00
358,00
2177,00
5444,00
286,00
1281,00
5939,00
593,00
3438,00
3630,00
1675,00
6534,00
21784,00
1980,00
13070,00
13074,00
2615,00
10896,00
9339,00
1923,00
4671,00
16349,00
976,00
1677,00
13083,00
2844,00
5032,00
9347,00
2336,00
6543,00
9347,00
1869,00
4090,00
6544,00
1678,00
4090,00
4363,00
2045,00
7273,00
16367,00
1056,00
3273,00
10913,00
3446,00
10913,00
13098,00
1110,00
2183,00
9356,00
178,00
112,00
2977,00
1559,00
2848,00
5956,00
2620,00
5956,00
6552,00
862,00
1638,00
6552,00
2114,00
4096,00
5042,00
2260,00
4369,00
9365,00
1456,00
4097,00
16391,00
2625,00
6562,00
10937,00
1562,00
3126,00
16416,00
657,00
1730,00
6575,00
2739,00
5482,00
10964,00
1644,00
3133,00
9401,00
1044,00
2437,00
8228,00
1530,00
3657,00
3464,00
4703,00
16460,00
21947,00
3657,00
10974,00
16463,00
3293,00
10979,00
13176,00
4706,00
13179,00
16473,00
2635,00
5491,00
13181,00
4393,00
5992,00
9417,00
4120,00
13187,00
9419,00
4395,00
8242,00
9420,00
2536,00
5072,00
5495,00
5994,00
13188,00
21981,00
3471,00
8243,00
10991,00
5995,00
10994,00
10995,00
4123,00
7330,00
13195,00
1885,00
3472,00
7330,00
5075,00
5998,00
10997,00
4398,00
8248,00
8248,00
4124,00
6599,00
7333,00
3142,00
5500,00
6000,00
5077,00
8250,00
22003,00
3667,00
16508,00
33016,00
4717,00
11007,00
16512,00
3885,00
6004,00
16513,00
2277,00
3886,00
8258,00
3303,00
5081,00
11011,00
4129,00
8258,00
8258,00
2642,00
6006,00
7342,00
2359,00
6007,00
5083,00
1436,00
6008,00
8261,00
1786,00
5508,00
6609,00
2203,00
3672,00
3890,00
1160,00
4409,00
6614,00
1140,00
5088,00
5512,00
1140,00
2756,00
3482,00
769,00
2876,00
3675,00
655,00
3151,00
3892,00
797,00
1654,00
2068,00
1788,00
6016,00
9455,00
1350,00
2758,00
8274,00
1655,00
4413,00
4728,00
1103,00
4138,00
8277,00
618,00
3311,00
4415,00
1249,00
3896,00
4140,00
883,00
4140,00
4416,00
596,00
2880,00
3681,00
933,00
2137,00
1949,00
1051,00
4734,00
6026,00
947,00
3683,00
5525,00
1542,00
4420,00
5526,00
608,00
4144,00
4736,00
534,00
2763,00
4737,00
861,00
3685,00
3902,00
518,00
2288,00
2765,00
454,00
1843,00
3493,00
603,00
2074,00
2553,00
4742,00
7377,00
13280,00
3689,00
8300,00
9486,00
2766,00
6035,00
7376,00
3688,00
8300,00
8300,00
2766,00
8300,00
11067,00
2371,00
4427,00
5533,00
2459,00
5533,00
6641,00
1844,00
4427,00
5109,00
1253,00
2656,00
3321,00
5536,00
13287,00
9491,00
4746,00
6041,00
11077,00
2889,00
7385,00
9499,00
5115,00
9500,00
16627,00
1900,00
4434,00
7390,00
2891,00
6651,00
6651,00
2293,00
5543,00
6047,00
2294,00
3502,00
5118,00
1512,00
3697,00
3914,00
3328,00
8320,00
13312,00
3169,00
7396,00
9510,00
3170,00
9511,00
11097,00
3699,00
6659,00
11100,00
2467,00
5551,00
13323,00
2665,00
6058,00
7405,00
2082,00
4761,00
8333,00
1905,00
5129,00
6669,00
1419,00
3334,00
3511,00
5132,00
9532,00
16683,00
4766,00
9533,00
9533,00
3512,00
6673,00
8342,00
5133,00
9535,00
9535,00
4449,00
9536,00
9536,00
3034,00
6068,00
7417,00
2567,00
6676,00
7418,00
2670,00
6069,00
7419,00
1757,00
4173,00
3927,00
6070,00
13355,00
16694,00
6677,00
16699,00
22265,00
3929,00
8349,00
9543,00
4175,00
22269,00
16702,00
3929,00
9544,00
7423,00
3341,00
6074,00
7424,00
3037,00
6683,00
6683,00
2387,00
7427,00
5570,00
1759,00
4775,00
4178,00
4775,00
11155,00
9562,00
4781,00
6085,00
22312,00
3718,00
8367,00
13388,00
5579,00
13391,00
22321,00
3043,00
9567,00
7442,00
3349,00
6089,00
6090,00
3191,00
6702,00
5156,00
2914,00
4190,00
6704,00
1971,00
4190,00
4789,00
496,00
3352,00
4470,00
848,00
7452,00
6708,00
621,00
3531,00
11182,00
664,00
5592,00
6711,00
762,00
5593,00
9590,00
754,00
3357,00
6715,00
355,00
2583,00
2798,00
383,00
3054,00
3953,00
312,00
1723,00
3055,00
1034,00
4201,00
9604,00
873,00
7471,00
6113,00
1179,00
3956,00
9608,00
947,00
3956,00
11210,00
862,00
6115,00
11211,00
1681,00
8409,00
7475,00
666,00
2691,00
6728,00
502,00
3364,00
8410,00
773,00
3738,00
5607,00
731,00
13457,00
8411,00
756,00
4486,00
6118,00
830,00
8412,00
7478,00
693,00
5609,00
6121,00
852,00
5611,00
7482,00
1432,00
6122,00
6735,00
380,00
3061,00
8421,00
431,00
3963,00
7486,00
641,00
3546,00
3743,00
2173,00
6126,00
13478,00
1821,00
7489,00
6740,00
1773,00
3547,00
9630,00
2407,00
5185,00
9631,00
2247,00
7185,00
28741,00
2053,00
3832,00
14372,00
1513,00
5227,00
3833,00
1742,00
4792,00
6390,00
1198,00
3195,00
6391,00
2739,00
14381,00
19179,00
2301,00
9591,00
19182,00
2213,00
9592,00
14389,00
3597,00
28780,00
19187,00
2302,00
9594,00
14392,00
3598,00
9595,00
14394,00
2879,00
5235,00
8227,00
2133,00
9600,00
9600,00
2743,00
7202,00
7202,00
3202,00
6405,00
8235,00
1989,00
7213,00
7213,00
2137,00
7217,00
28869,00
4441,00
7218,00
19248,00
2750,00
9625,00
19250,00
2750,00
6417,00
19251,00
2625,00
11551,00
11553,00
1925,00
14441,00
7221,00
3040,00
8253,00
7222,00
6420,00
9630,00
57835,00
5257,00
19278,00
7229,00
4448,00
8262,00
19279,00
4131,00
11568,00
14461,00
6428,00
19287,00
19287,00
4451,00
8266,00
19289,00
3404,00
5261,00
5261,00
3215,00
8269,00
9648,00
2315,00
8271,00
8272,00
8273,00
19305,00
57915,00
3861,00
6435,00
6435,00
4136,00
11583,00
19308,00
5792,00
28967,00
14484,00
4828,00
57937,00
57938,00
5267,00
19314,00
11588,00
4829,00
14487,00
14487,00
2414,00
5795,00
9661,00
4140,00
8281,00
11594,00
5797,00
28988,00
28989,00
11596,00
28990,00
57981,00
4141,00
19329,00
19329,00
3411,00
11598,00
19331,00
8288,00
29010,00
58030,00
5803,00
9674,00
14514,00
3629,00
14521,00
29043,00
4149,00
9683,00
19367,00
3874,00
8301,00
11622,00
1139,00
6458,00
6458,00
1162,00
3875,00
14532,00
1236,00
4471,00
9688,00
1057,00
3419,00
7267,00
1020,00
5814,00
7267,00
1321,00
3060,00
5287,00
684,00
5287,00
5816,00
559,00
4474,00
5817,00
736,00
3422,00
3636,00
1077,00
4476,00
11638,00
701,00
3423,00
5291,00
1492,00
3423,00
11641,00
970,00
3638,00
11644,00
626,00
2079,00
5293,00
1420,00
4479,00
6470,00
787,00
2427,00
7282,00
419,00
2913,00
6473,00
987,00
3066,00
4162,00
939,00
5298,00
14570,00
766,00
4856,00
8326,00
1214,00
4163,00
8328,00
767,00
2429,00
6477,00
633,00
4485,00
14579,00
1143,00
4860,00
7292,00
555,00
3241,00
8336,00
530,00
3648,00
8340,00
788,00
2919,00
4492,00
2920,00
11682,00
19472,00
2540,00
6491,00
29213,00
3437,00
9742,00
14613,00
3077,00
7310,00
9747,00
2166,00
8356,00
19501,00
3901,00
8362,00
9756,00
2927,00
5855,00
7318,00
2251,00
9759,00
7319,00
2342,00
5323,00
4880,00
2342,00
9762,00
14648,00
1583,00
4185,00
14651,00
4186,00
6511,00
11721,00
2170,00
2093,00
19540,00
1085,00
2255,00
11726,00
4188,00
4188,00
9773,00
3450,00
5865,00
9778,00
2256,00
3451,00
6521,00
2794,00
6521,00
6522,00
3261,00
9784,00
19568,00
1505,00
4517,00
6525,00
3091,00
5873,00
11747,00
2797,00
5874,00
11749,00
1631,00
3916,00
7344,00
2938,00
4520,00
9793,00
2555,00
7347,00
8397,00
1588,00
5879,00
7349,00
2672,00
5879,00
4523,00
6535,00
29408,00
58819,00
5347,00
19609,00
9805,00
5883,00
9805,00
19611,00
5883,00
5348,00
14711,00
7355,00
29424,00
19616,00
4203,00
11771,00
11771,00
4905,00
9811,00
14717,00
5352,00
11775,00
14719,00
3098,00
6542,00
8412,00
5355,00
19635,00
29453,00
2805,00
8416,00
7365,00
4910,00
14731,00
9821,00
5893,00
14732,00
14733,00
2678,00
8419,00
29468,00
4533,00
8420,00
11788,00
5894,00
6549,00
11789,00
2105,00
4913,00
2033,00
2949,00
5898,00
7373,00
7374,00
19665,00
29498,00
8428,00
7375,00
59008,00
8430,00
14753,00
19671,00
3934,00
11803,00
19673,00
3472,00
6558,00
29515,00
4216,00
6559,00
9839,00
5903,00
8434,00
14762,00
4921,00
5905,00
11811,00
3281,00
7382,00
7383,00
1476,00
8438,00
11814,00
2813,00
7384,00
9856,00
2190,00
4224,00
5914,00
1908,00
8451,00
5921,00
2277,00
7402,00
5383,00
1558,00
3291,00
3484,00
871,00
3291,00
3950,00
1039,00
3950,00
4558,00
859,00
2195,00
2577,00
2280,00
6588,00
11859,00
1482,00
8471,00
11860,00
2280,00
5392,00
5392,00
1744,00
6591,00
5932,00
1483,00
7416,00
7416,00
2119,00
4238,00
4564,00
1078,00
3709,00
4945,00
1059,00
4565,00
4239,00
1006,00
2473,00
2581,00
1187,00
9898,00
11878,00
1142,00
4949,00
11879,00
1650,00
5400,00
6602,00
1212,00
5401,00
8489,00
1381,00
5942,00
8489,00
1698,00
4953,00
4572,00
571,00
3497,00
5945,00
683,00
3716,00
4955,00
691,00
2585,00
2831,00
6607,00
19823,00
14867,00
3717,00
14870,00
11896,00
2586,00
7435,00
8498,00
4249,00
8500,00
11900,00
3966,00
9917,00
11901,00
1700,00
4577,00
6612,00
2834,00
6612,00
6612,00
2587,00
5410,00
5952,00
1526,00
3307,00
3721,00
5955,00
11910,00
14892,00
3723,00
11916,00
19863,00
3310,00
8514,00
9933,00
4967,00
14903,00
11923,00
4968,00
14906,00
14906,00
2981,00
5962,00
7453,00
2981,00
7453,00
7454,00
2981,00
6626,00
6626,00
1754,00
3975,00
4260,00
4970,00
14911,00
14911,00
4260,00
14912,00
14912,00
3509,00
9943,00
11932,00
5966,00
9944,00
14917,00
3510,00
5967,00
11934,00
2841,00
5967,00
7459,00
2295,00
7461,00
7461,00
2296,00
6633,00
7463,00
1756,00
4265,00
4594,00
7466,00
14934,00
19912,00
6637,00
19913,00
29880,00
4268,00
9961,00
11957,00
6643,00
11958,00
19931,00
5979,00
11960,00
14951,00
2847,00
5980,00
6645,00
3148,00
5981,00
9970,00
3323,00
7477,00
6647,00
2063,00
3988,00
4986,00
6650,00
14962,00
29933,00
6651,00
19958,00
11975,00
4990,00
11977,00
14976,00
4992,00
14978,00
14979,00
3745,00
19976,00
11986,00
3154,00
8562,00
9991,00
3747,00
7494,00
8567,00
3748,00
9999,00
10000,00
2609,00
4616,00
6668,00
4617,00
20007,00
20008,00
8575,00
30014,00
20010,00
5457,00
12007,00
20013,00
5003,00
15011,00
30022,00
4619,00
15012,00
10009,00
4004,00
6674,00
10011,00
3754,00
7510,00
12016,00
3534,00
6676,00
8586,00
2311,00
4293,00
3535,00
214,00
1939,00
1398,00
532,00
7515,00
6681,00
383,00
3758,00
3165,00
527,00
2864,00
4296,00
613,00
5468,00
6684,00
601,00
3539,00
3539,00
201,00
1467,00
1626,00
336,00
3343,00
4299,00
195,00
2006,00
2149,00
668,00
4300,00
5016,00
872,00
6020,00
10034,00
1075,00
5017,00
6021,00
762,00
4303,00
8607,00
762,00
5021,00
6026,00
1435,00
4018,00
4636,00
424,00
2232,00
4637,00
519,00
2871,00
4307,00
641,00
2513,00
2741,00
333,00
3016,00
3351,00
558,00
4641,00
8620,00
471,00
4642,00
4023,00
553,00
5487,00
6036,00
736,00
6036,00
4644,00
1006,00
3551,00
4648,00
160,00
2748,00
2418,00
375,00
3779,00
3779,00
276,00
2159,00
2418,00
2879,00
10080,00
6720,00
3024,00
10082,00
8642,00
1951,00
6051,00
4655,00
1952,00
6053,00
10092,00
2422,00
6728,00
8651,00
1835,00
5048,00
6058,00
1594,00
4039,00
6060,00
2089,00
4040,00
5510,00
1237,00
2886,00
3566,00
2756,00
5053,00
7580,00
2332,00
10108,00
15164,00
2637,00
7582,00
8665,00
4332,00
10110,00
15166,00
3033,00
8667,00
10112,00
1838,00
3193,00
6741,00
2247,00
6742,00
7585,00
2334,00
4668,00
6744,00
1264,00
2529,00
4047,00
1734,00
6072,00
6748,00
1898,00
6750,00
12152,00
2430,00
7596,00
8681,00
2431,00
8683,00
12157,00
3039,00
8684,00
12158,00
2171,00
5527,00
6755,00
1520,00
5527,00
6756,00
2339,00
6083,00
7605,00
1414,00
3042,00
4056,00
2765,00
7606,00
5532,00
4056,00
10143,00
15216,00
1902,00
6764,00
7612,00
5075,00
6090,00
10151,00
4350,00
10153,00
12184,00
3206,00
6093,00
6770,00
1846,00
7617,00
4352,00
2649,00
5078,00
7619,00

















































































































































































































































































































































































































































































































































































































































































































































































































































































































































































































































































































































































































































































































































































































































































































































































































































































































































































































































































































































































































































































