




























































































































































































































































































































































































































































































































































































































































































































































































































































































































































































































































































































































































































































































































































































































































































































































































































































































































































































































































































































































































































































































































































































































































































































































































9016,00
11593,00
10144,00
1111,00
845,00
1248,00
4272,00
1979,00
5073,00
10146,00
16234,00
11596,00
912,00
811,00
989,00
2618,00
2319,00
2706,00
3866,00
8119,00
5074,00
2194,00
2900,00
2082,00
4511,00
7382,00
6767,00
6248,00
10153,00
11604,00
2538,00
1658,00
2256,00
4276,00
6251,00
5418,00
8127,00
13545,00
13546,00
1533,00
1806,00
1426,00
3387,00
5081,00
3251,00
5081,00
7392,00
5082,00
560,00
789,00
739,00
1891,00
3253,00
2464,00
3128,00
4281,00
3697,00
266,00
321,00
359,00
1595,00
1984,00
2034,00
3129,00
4520,00
3537,00
113,00
156,00
149,00
505,00
904,00
695,00
1595,00
2325,00
1695,00
1565,00
2087,00
1480,00
3700,00
4522,00
2807,00
5815,00
8141,00
6786,00
1180,00
1770,00
1253,00
3541,00
5091,00
3258,00
6266,00
9052,00
6267,00
679,00
1031,00
791,00
2263,00
2396,00
2328,00
3705,00
5822,00
3705,00
1482,00
1852,00
1630,00
3706,00
6794,00
4291,00
7413,00
10193,00
6795,00
1664,00
2204,00
1568,00
3707,00
4292,00
4077,00
7415,00
7415,00
5826,00
994,00
1539,00
1217,00
2632,00
3885,00
2719,00
4294,00
6800,00
3709,00
1118,00
1632,00
1898,00
4081,00
5101,00
5101,00
5101,00
16325,00
9069,00
491,00
485,00
868,00
2915,00
2332,00
3710,00
7421,00
6279,00
5831,00
265,00
351,00
469,00
1149,00
1666,00
1991,00
4297,00
4802,00
5103,00
3024,00
2268,00
3266,00
1134,00
3550,00
5104,00
20417,00
20417,00
9074,00
2149,00
1899,00
3712,00
3403,00
3712,00
8168,00
16336,00
10210,00
13613,00
1256,00
1737,00
1775,00
2149,00
4299,00
3890,00
8169,00
13616,00
9077,00
3142,00
3552,00
3404,00
10213,00
7428,00
7428,00
16343,00
13619,00
27241,00
2553,00
2919,00
3892,00
6811,00
9082,00
9082,00
13624,00
16350,00
11679,00
1572,00
2819,00
2404,00
5450,00
10220,00
4809,00
10221,00
20442,00
11682,00
1514,00
1668,00
2044,00
3407,00
3717,00
4544,00
6816,00
10224,00
10225,00
568,00
307,00
1048,00
1704,00
818,00
2727,00
7439,00
6819,00
9092,00
358,00
340,00
588,00
1515,00
940,00
1903,00
6296,00
7442,00
6822,00
3722,00
3411,00
3560,00
6824,00
5849,00
20475,00
10238,00
16381,00
27303,00
2559,00
310,00
3413,00
4818,00
871,00
6827,00
16389,00
9106,00
13660,00
1517,00
1413,00
2276,00
4553,00
2410,00
5854,00
10246,00
20492,00
10246,00
4554,00
4315,00
3728,00
8203,00
11720,00
9116,00
20514,00
16411,00
41030,00
5128,00
2930,00
3282,00
9118,00
8204,00
10256,00
13677,00
13677,00
16413,00
2344,00
3039,00
3039,00
6840,00
10260,00
6315,00
10261,00
20525,00
16420,00
1675,00
1866,00
1440,00
4562,00
5865,00
4322,00
7465,00
7466,00
7466,00
726,00
626,00
989,00
2933,00
2346,00
2106,00
4563,00
4323,00
5476,00
391,00
472,00
486,00
1325,00
1494,00
1867,00
3160,00
5135,00
3287,00
3573,00
3735,00
2417,00
9132,00
7472,00
3044,00
13700,00
11743,00
16443,00
2491,00
2835,00
3162,00
6325,00
7475,00
11749,00
9138,00
11750,00
16450,00
1265,00
1869,00
1678,00
2836,00
3916,00
3046,00
9141,00
13711,00
10283,00
3917,00
3917,00
2742,00
8227,00
9141,00
6856,00
13712,00
11754,00
16457,00
3577,00
3740,00
2743,00
6857,00
10287,00
11757,00
13717,00
13717,00
13717,00
2007,00
2939,00
2166,00
5487,00
7483,00
6860,00
9147,00
11762,00
10292,00
2111,00
2008,00
1715,00
6862,00
9150,00
5490,00
11767,00
11767,00
13729,00
849,00
1193,00
1144,00
3923,00
7492,00
6340,00
5496,00
13742,00
9161,00
482,00
687,00
687,00
1832,00
2749,00
4123,00
5891,00
5891,00
6344,00
4124,00
3437,00
3749,00
6346,00
6346,00
6346,00
13751,00
10314,00
20628,00
3300,00
4584,00
3056,00
9170,00
13756,00
20634,00
16509,00
13758,00
13758,00
1876,00
2847,00
1588,00
4588,00
5899,00
6353,00
10327,00
13770,00
10328,00
4348,00
5164,00
3305,00
9180,00
7511,00
16527,00
11806,00
10330,00
13773,00
3935,00
3178,00
3178,00
5510,00
11808,00
11808,00
16532,00
16532,00
16532,00
2066,00
2666,00
2296,00
5905,00
10335,00
8268,00
9187,00
16538,00
9187,00
2756,00
1797,00
2506,00
6893,00
6363,00
6363,00
9192,00
10341,00
20683,00
1292,00
1034,00
1253,00
4867,00
2507,00
4597,00
7523,00
8276,00
6366,00
651,00
651,00
811,00
1478,00
1655,00
3311,00
4600,00
4600,00
5914,00
4358,00
3943,00
5176,00
13803,00
6902,00
9203,00
11833,00
11833,00
20709,00
5522,00
2510,00
4873,00
20711,00
4142,00
11836,00
20715,00
27620,00
16573,00
2511,00
2301,00
3314,00
7533,00
9208,00
8288,00
9209,00
13815,00
13815,00
4362,00
3316,00
5181,00
10363,00
6909,00
13819,00
16585,00
20731,00
41466,00
5923,00
3605,00
3605,00
9215,00
9215,00
11848,00
11848,00
10369,00
20739,00
3456,00
3951,00
3319,00
9220,00
20746,00
10373,00
13831,00
27663,00
16598,00
1930,00
2024,00
1383,00
3772,00
3608,00
3952,00
10375,00
6917,00
7546,00
1431,00
1383,00
1092,00
3458,00
3459,00
3953,00
11861,00
11862,00
8303,00
488,00
729,00
494,00
1598,00
2518,00
1806,00
3463,00
5195,00
2969,00
3325,00
5938,00
3325,00
7558,00
10393,00
4157,00
20788,00
13859,00
16632,00
3326,00
5198,00
3780,00
8317,00
7561,00
11882,00
16636,00
20795,00
16637,00
1981,00
2600,00
2377,00
4623,00
6403,00
5549,00
11891,00
11892,00
8324,00
3468,00
5946,00
3468,00
11893,00
20814,00
9250,00
27752,00
20814,00
11894,00
4162,00
5947,00
4626,00
11895,00
16654,00
13879,00
16655,00
16655,00
16656,00
2031,00
3331,00
2191,00
6407,00
8329,00
5553,00
9255,00
13884,00
3967,00
2872,00
3967,00
3967,00
10414,00
6409,00
9258,00
16665,00
11904,00
13888,00
1984,00
2525,00
2380,00
6410,00
13889,00
6945,00
13890,00
11906,00
16669,00
833,00
1174,00
1412,00
3473,00
4387,00
2778,00
5954,00
11909,00
7579,00
4904,00
6947,00
3789,00
8337,00
10422,00
11911,00
27794,00
20845,00
20845,00
4169,00
4904,00
5211,00
10425,00
16681,00
16682,00
41706,00
16682,00
16683,00
2527,00
3972,00
3475,00
6417,00
9269,00
8342,00
10428,00
20856,00
13904,00
5214,00
7584,00
4635,00
16689,00
13907,00
16690,00
27817,00
27818,00
20863,00
3793,00
7587,00
5216,00
9273,00
16694,00
9274,00
41736,00
20868,00
27824,00
3339,00
5218,00
2981,00
7590,00
13915,00
8349,00
11928,00
27833,00
13916,00
4175,00
5219,00
4639,00
9279,00
13918,00
11930,00
20879,00
13919,00
16703,00
2386,00
1160,00
2694,00
7593,00
3631,00
8353,00
13922,00
16707,00
13922,00
1491,00
1071,00
2088,00
5968,00
5222,00
5222,00
11937,00
16712,00
10445,00
5969,00
9286,00
5571,00
20894,00
16715,00
20894,00
27859,00
41789,00
41789,00
3980,00
2786,00
5224,00
11940,00
4916,00
20896,00
27862,00
27863,00
27863,00
3980,00
3980,00
3799,00
10449,00
9289,00
8361,00
13935,00
27871,00
20903,00
5972,00
9291,00
7602,00
20907,00
10453,00
16727,00
27879,00
27879,00
27881,00
5576,00
7604,00
6434,00
10456,00
9294,00
13942,00
41827,00
27885,00
27885,00
3637,00
4921,00
3637,00
7606,00
10458,00
8366,00
16733,00
41839,00
20919,00
3803,00
4922,00
3099,00
7608,00
11957,00
7609,00
13950,00
20925,00
11959,00
2203,00
2616,00
3349,00
6441,00
11962,00
6978,00
6978,00
27915,00
11963,00
1350,00
1820,00
1495,00
3641,00
4408,00
3988,00
7615,00
13962,00
5984,00
4928,00
5585,00
4654,00
10473,00
10475,00
11972,00
27936,00
27937,00
20953,00
5238,00
7619,00
4930,00
11974,00
16764,00
20956,00
41913,00
27943,00
13971,00
2619,00
3992,00
2890,00
6986,00
11978,00
8385,00
11979,00
16770,00
9317,00
5241,00
8386,00
4936,00
13987,00
20982,00
11989,00
20982,00
27977,00
27977,00
5245,00
9325,00
4663,00
16789,00
20986,00
11992,00
20987,00
41976,00
20988,00
2798,00
5247,00
2895,00
7633,00
13994,00
7635,00
16797,00
27996,00
13998,00
5999,00
6461,00
6463,00
21006,00
12004,00
12005,00
28013,00
21011,00
14008,00
3362,00
3654,00
7004,00
14010,00
6466,00
16816,00
28037,00
21028,00
16820,00
1955,00
3364,00
4672,00
5611,00
7014,00
10523,00
16838,00
42138,00
16856,00
16857,00
12041,00
12041,00
12042,00
21088,00
21088,00
84359,00
28120,00
42182,00
8436,00
6026,00
8437,00
10549,00
7672,00
16879,00
42200,00
16895,00
21120,00
4693,00
9387,00
6499,00
10562,00
21126,00
16904,00
21148,00
84593,00
21148,00
12084,00
16919,00
8463,00
42325,00
28217,00
21163,00
28218,00
84657,00
28219,00
10582,00
21165,00
9406,00
42331,00
21166,00
28222,00
21166,00
0,57
84675,00
6513,00
9409,00
5645,00
28229,00
21173,00
21174,00
28232,00
84698,00
16938,00
5647,00
4983,00
8471,00
21180,00
16944,00
28240,00
21181,00
28243,00
42365,00
3138,00
1513,00
4035,00
10594,00
2118,00
28255,00
16955,00
28258,00
28259,00
2923,00
2231,00
4711,00
8480,00
6057,00
16962,00
21203,00
42407,00
42407,00
12117,00
16965,00
16965,00
28277,00
16968,00
21212,00
21214,00
42431,00
84862,00
5304,00
2424,00
9430,00
5658,00
257,00
7073,00
21222,00
12128,00
14150,00
7076,00
6532,00
7077,00
16987,00
7078,00
12134,00
28316,00
42476,00
42478,00
21240,00
28321,00
21240,00
28323,00
84972,00
42486,00
84972,00
84975,00
84986,00
16997,00
14168,00
12144,00
28336,00
17004,00
28343,00
85051,00
42527,00
42527,00
8505,00
12151,00
10632,00
21265,00
12151,00
21266,00
28355,00
85067,00
12152,00
7089,00
10633,00
7090,00
14180,00
17018,00
17019,00
21274,00
85099,00
28366,00
5673,00
4479,00
5319,00
21279,00
5674,00
17023,00
28373,00
42561,00
42562,00
2579,00
4053,00
2935,00
8513,00
9460,00
9460,00
17028,00
21286,00
10643,00
17030,00
28385,00
10644,00
28390,00
17034,00
12167,00
42587,00
85175,00
42588,00
7743,00
7743,00
7743,00
17035,00
12168,00
21295,00
28393,00
42590,00
42591,00
7099,00
14198,00
5324,00
10649,00
10649,00
5679,00
42598,00
21299,00
21306,00
14204,00
12175,00
8522,00
42612,00
17045,00
28411,00
85233,00
85235,00
42617,00
12176,00
17052,00
9474,00
21316,00
28423,00
42639,00
42644,00
28429,00
42649,00
6093,00
9479,00
5687,00
17065,00
21332,00
21332,00
42664,00
42668,00
14222,00
6565,00
14224,00
9483,00
21337,00
21337,00
12193,00
17070,00
42677,00
14226,00
6097,00
9484,00
9484,00
9484,00
14227,00
12194,00
12194,00
21341,00
17074,00
3283,00
7114,00
4493,00
8537,00
12197,00
12198,00
12198,00
28463,00
14232,00
17081,00
21352,00
12201,00
17082,00
12201,00
28471,00
42707,00
28475,00
21356,00
7766,00
8543,00
9492,00
28478,00
21359,00
42718,00
17087,00
85439,00
42720,00
6572,00
9493,00
6103,00
14242,00
17090,00
14244,00
28490,00
42742,00
28495,00
12212,00
10686,00
14248,00
21376,00
42752,00
42752,00
28501,00
85506,00
28501,00
8550,00
17100,00
12214,00
42753,00
28502,00
17101,00
85509,00
85519,00
42759,00
8553,00
10692,00
6580,00
21387,00
28517,00
21396,00
28532,00
85597,00
28533,00
8560,00
8560,00
21401,00
21403,00
42807,00
42808,00
85616,00
21404,00
42811,00
12231,00
4757,00
10704,00
21409,00
21410,00
42820,00
85642,00
21413,00
28553,00
4759,00
3294,00
5711,00
10708,00
7140,00
14280,00
14281,00
21422,00
21424,00
12242,00
10712,00
21425,00
21425,00
12243,00
21428,00
42856,00
42857,00
28572,00
17143,00
7792,00
9524,00
21431,00
7144,00
21432,00
0,57
85732,00
42866,00
6124,00
7145,00
9527,00
28581,00
6595,00
21436,00
42875,00
28584,00
42884,00
12252,00
10722,00
17155,00
28592,00
14297,00
14297,00
85788,00
85789,00
42894,00
12256,00
9533,00
12257,00
85801,00
8580,00
17161,00
42904,00
21452,00
42905,00
9534,00
8583,00
8583,00
28611,00
42918,00
17167,00
42921,00
85853,00
42967,00
7812,00
9548,00
7812,00
21500,00
21500,00
17209,00
43027,00
28685,00
17220,00
5065,00
6623,00
5743,00
8616,00
17242,00
10776,00
28739,00
0,57
28753,00
3080,00
3595,00
3596,00
7848,00
10792,00
9597,00
17275,00
28795,00
12345,00
9602,00
21604,00
12350,00
28819,00
17297,00
9610,00
43247,00
86524,00
17304,00
17306,00
12366,00
10821,00
86575,00
12371,00
43303,00
86607,00
28879,00
10829,00
6666,00
7224,00
6669,00
21680,00
43362,00
12391,00
28921,00
86765,00
17353,00
9641,00
28924,00
10846,00
86774,00
43393,00
14465,00
43398,00
86797,00
21700,00
9644,00
12400,00
14467,00
28935,00
43404,00
86814,00
43408,00
43409,00
43411,00
7235,00
10853,00
7235,00
17367,00
14472,00
10854,00
21709,00
28946,00
12406,00
5427,00
9650,00
5428,00
12408,00
12409,00
14477,00
14477,00
17377,00
17377,00
5430,00
6207,00
4827,00
9654,00
12414,00
14483,00
14481,00
28962,00
21723,00
3103,00
2803,00
2996,00
6685,00
10863,00
7242,00
12415,00
21728,00
10864,00
8691,00
10865,00
6209,00
21733,00
17386,00
14488,00
17386,00
17386,00
14489,00
8693,00
9659,00
6209,00
28979,00
28981,00
17388,00
28981,00
21736,00
14491,00
4140,00
6689,00
4348,00
14495,00
21743,00
12424,00
21743,00
21743,00
10872,00
7907,00
9664,00
6690,00
14497,00
21746,00
21747,00
28999,00
29000,00
21750,00
7250,00
8700,00
6693,00
17403,00
21760,00
21762,00
29017,00
17411,00
21763,00
4145,00
5804,00
3785,00
14512,00
21768,00
10884,00
29027,00
29027,00
21771,00
5807,00
7919,00
4839,00
17421,00
21779,00
9680,00
29040,00
29040,00
17424,00
6223,00
3485,00
5126,00
12449,00
21786,00
17429,00
7922,00
29051,00
17430,00
2723,00
2125,00
3005,00
7923,00
12451,00
9684,00
12453,00
12453,00
17435,00
8717,00
9687,00
7926,00
21797,00
29064,00
17441,00
43608,00
21804,00
43609,00
8724,00
17448,00
7270,00
21816,00
29088,00
12466,00
29095,00
29096,00
43644,00
5821,00
6238,00
5458,00
14558,00
17470,00
12481,00
21842,00
21844,00
21848,00
9719,00
10937,00
7955,00
21877,00
43762,00
14595,00
29201,00
21903,00
21905,00
6740,00
7967,00
6742,00
21916,00
29223,00
43836,00
14614,00
21922,00
29230,00
5482,00
7974,00
5159,00
12533,00
17547,00
21934,00
17556,00
21949,00
29266,00
5165,00
6273,00
4623,00
10981,00
14642,00
9762,00
14643,00
14646,00
12561,00
4396,00
4885,00
4187,00
8793,00
12562,00
8794,00
14657,00
17591,00
12565,00
2094,00
2932,00
2256,00
5867,00
9779,00
5502,00
8004,00
12578,00
9782,00
6772,00
11009,00
6292,00
22024,00
29366,00
17619,00
22030,00
29373,00
14688,00
5875,00
9792,00
5877,00
14694,00
22043,00
17635,00
17638,00
29398,00
29401,00
3835,00
6785,00
3675,00
8821,00
12601,00
9801,00
12603,00
22058,00
17647,00
6788,00
8824,00
6788,00
17653,00
29423,00
17654,00
14712,00
29424,00
17655,00
5193,00
8028,00
5194,00
17663,00
22081,00
12619,00
22084,00
14724,00
17669,00
3681,00
5197,00
3841,00
11044,00
12623,00
9818,00
12624,00
29459,00
17676,00
9820,00
12626,00
8035,00
17677,00
29462,00
17678,00
88390,00
44196,00
29466,00
9822,00
9822,00
8038,00
22104,00
14738,00
22114,00
22114,00
22115,00
17696,00
4022,00
6806,00
5900,00
12644,00
17705,00
14755,00
17706,00
44266,00
22137,00
17711,00
17715,00
14763,00
44296,00
44307,00
29539,00
22164,00
29552,00
44338,00
12672,00
17742,00
22182,00
44365,00
22182,00
88764,00
17753,00
14795,00
44396,00
7402,00
14807,00
6834,00
8886,00
12696,00
22219,00
29627,00
44451,00
44453,00
17783,00
29642,00
22233,00
44467,00
44488,00
29661,00
44494,00
22251,00
22252,00
11129,00
17807,00
11131,00
89069,00
44535,00
89080,00
22273,00
44548,00
29702,00
8101,00
22278,00
8103,00
29715,00
29721,00
14862,00
44593,00
89186,00
29733,00
6861,00
14869,00
5577,00
44625,00
29750,00
44636,00
89283,00
89295,00
89322,00
8933,00
8933,00
9927,00
22338,00
44677,00
22344,00
44689,00
29793,00
29793,00
8939,00
8939,00
5961,00
12775,00
14905,00
8944,00
22361,00
29814,00
29822,00
17894,00
29827,00
14913,00
44743,00
44749,00
22375,00
89506,00
89518,00
89521,00
17904,00
17907,00
14925,00
29852,00
17913,00
14930,00
44790,00
44800,00
29869,00
8961,00
14938,00
8963,00
14938,00
44822,00
14941,00
22412,00
89653,00
29893,00
22420,00
22423,00
14949,00
44850,00
44855,00
44858,00
89728,00
89729,00
0,57
12819,00
22439,00
12822,00
44882,00
89778,00
29926,00
14964,00
17958,00
22449,00
12828,00
14969,00
11227,00
29943,00
44915,00
22457,00
44917,00
29949,00
44929,00
8987,00
12841,00
7490,00
17981,00
17983,00
14988,00
44975,00
44975,00
29985,00
6921,00
8179,00
8998,00
12855,00
18000,00
22502,00
30006,00
15003,00
15004,00
6002,00
6925,00
4739,00
12864,00
11256,00
8186,00
15010,00
18012,00
15011,00
15012,00
30027,00
15014,00
15016,00
30032,00
22526,00
90109,00
90110,00
15020,00
11265,00
30042,00
18025,00
45063,00
22533,00
22533,00
30046,00
22536,00
45075,00
7512,00
11269,00
6439,00
18031,00
12880,00
2576,00
90171,00
90182,00
30061,00
18037,00
30063,00
12884,00
45098,00
45105,00
22554,00
45109,00
30073,00
18043,00
10024,00
18044,00
11278,00
45112,00
90226,00
90226,00
22556,00
18045,00
30076,00
8204,00
15041,00
7521,00
15043,00
90261,00
18052,00
45131,00
45132,00
18053,00
10030,00
18054,00
9027,00
45141,00
30094,00
18059,00
45159,00
0,57
45167,00
11292,00
15056,00
8214,00
22589,00
30119,00
22589,00
45179,00
90362,00
45182,00
6024,00
8215,00
5648,00
30125,00
22594,00
22594,00
18075,00
22594,00
15067,00
22602,00
22602,00
15068,00
30138,00
45213,00
18085,00
15071,00
30146,00
15073,00
15075,00
12922,00
15080,00
30165,00
0,57
30163,00
15082,00
90501,00
45251,00
9050,00
15084,00
8227,00
30169,00
30169,00
18103,00
45259,00
30173,00
30174,00
18112,00
15095,00
15096,00
45289,00
90585,00
45292,00
22647,00
45295,00
30197,00
18119,00
18120,00
15101,00
45308,00
90619,00
45316,00
45320,00
90641,00
45321,00
9065,00
18131,00
8242,00
30222,00
30222,00
22667,00
90674,00
90674,00
45337,00
11335,00
10077,00
12957,00
90702,00
90704,00
45355,00
90716,00
90728,00
90728,00
12962,00
10083,00
11345,00
90770,00
22692,00
30260,00
30262,00
90792,00
90802,00
6486,00
7568,00
4779,00
15136,00
15138,00
11353,00
15138,00
18169,00
18169,00
18171,00
15143,00
18172,00
45435,00
45436,00
22718,00
90878,00
18175,00
90883,00
22723,00
45455,00
18183,00
45452,00
22728,00
30305,00
0,57
45460,00
0,57
10103,00
15157,00
9094,00
45474,00
22740,00
22742,00
45485,00
22746,00
45496,00
15170,00
10115,00
18208,00
15175,00
45528,00
22768,00
0,57
30360,00
45544,00
15181,00
13015,00
18223,00
45561,00
0,57
45565,00
45565,00
11392,00
45569,00
9114,00
15191,00
10127,00
22787,00
30385,00
22789,00
45581,00
45582,00
22792,00
9117,00
15197,00
8289,00
45596,00
18240,00
30403,00
45607,00
30405,00
45608,00
10136,00
8294,00
7603,00
22812,00
18249,00
15210,00
45633,00
45639,00
22821,00
5705,00
7022,00
4805,00
15218,00
15220,00
18266,00
11416,00
13049,00
10150,00
15227,00
40002,00
26669,00
80014,00
80015,00
16003,00
80016,00
26673,00
40010,00
26673,00
40011,00
40012,00
80027,00
40013,00
80038,00
40020,00
40022,00
80044,00
13341,00
20012,00
8894,00
26690,00
80070,00
20018,00
80073,00
80079,00
26693,00
40041,00
40041,00
20022,00
80089,00
80089,00
26697,00
80143,00
40076,00
40078,00
20041,00
40084,00
40085,00
80170,00
80171,00
40087,00
40088,00
40088,00
26727,00
11454,00
20046,00
8909,00
11456,00
26731,00
10024,00
16039,00
16040,00
4221,00
46,00
106,00
89,00
409,00
590,00
581,00
836,00
1360,00
1003,00
30,00
40,00
55,00
218,00
296,00
343,00
802,00
1274,00
944,00
10,00
20,00
21,00
104,00
153,00
179,00
261,00
528,00
305,00
341,00
514,00
424,00
1164,00
1295,00
1016,00
2171,00
2059,00
2113,00
186,00
203,00
287,00
795,00
945,00
1071,00
1825,00
2231,00
1868,00
110,00
146,00
182,00
489,00
717,00
669,00
1164,00
1607,00
1181,00
290,00
595,00
408,00
1339,00
1914,00
1165,00
1576,00
2593,00
1674,00
271,00
375,00
396,00
1044,00
1435,00
1017,00
1710,00
1869,00
1869,00
129,00
248,00
182,00
633,00
980,00
751,00
914,00
1748,00
993,00
125,00
153,00
172,00
595,00
731,00
893,00
1276,00
1462,00
1518,00
41,00
38,00
71,00
292,00
260,00
503,00
1073,00
1201,00
1073,00
21,00
21,00
35,00
139,00
157,00
236,00
592,00
688,00
634,00
488,00
523,00
526,00
1203,00
1366,00
1168,00
2239,00
2779,00
2303,00
226,00
171,00
304,00
948,00
671,00
1120,00
1920,00
3665,00
2122,00
143,00
146,00
223,00
645,00
545,00
886,00
1222,00
1582,00
1344,00
640,00
747,00
616,00
1222,00
2017,00
1467,00
2242,00
2523,00
2242,00
436,00
446,00
593,00
1091,00
1877,00
1261,00
1755,00
2604,00
2125,00
274,00
314,00
345,00
784,00
1325,00
888,00
1325,00
1720,00
1139,00
85,00
162,00
105,00
508,00
785,00
647,00
770,00
1925,00
940,00
48,00
64,00
64,00
310,00
430,00
389,00
674,00
1189,00
756,00
14,00
27,00
20,00
128,00
184,00
167,00
238,00
484,00
238,00
493,00
554,00
421,00
975,00
1619,00
899,00
1687,00
2250,00
1620,00
270,00
325,00
332,00
852,00
1174,00
1095,00
1589,00
2132,00
1688,00
154,00
210,00
190,00
540,00
670,00
609,00
1067,00
1352,00
1014,00
438,00
664,00
413,00
1014,00
1502,00
1111,00
1843,00
2318,00
1531,00
418,00
633,00








































































































































































































































































































































































































































































































































































































































































































































































































































































































































































































































































































































































































































































































































































































































































































































































































































































































































































































































































































































































































































