
























































































































































































































































































































































































































































































































































































































































































































































































































































































































































































































































































































































































































































































































































































































































































































































































































































































































































































































































































































































































































































































































































































































































































4687,00
18750,00
10000,00
3260,00
10714,00
11538,00
5000,00
18750,00
18750,00
7142,00
15000,00
18750,00
4687,00
12500,00
30000,00
8333,00
15000,00
37500,00
10000,00
25000,00
16666,00
8333,00
50000,00
75000,00
50000,00
50000,00
75000,00
50000,00
75000,00
30000,00
25000,00
50000,00
37500,00
25000,00
150000,00
50000,00
30000,00
50000,00
75000,00
75000,00
21428,00
37500,00
11538,00
25000,00
50000,00
18750,00
50000,00
37500,00
13636,00
75000,00
150000,00
50000,00
150000,00
150000,00
50000,00
150000,00
150000,00
50000,00
150000,00
50000,00
21428,00
150000,00
37500,00
75000,00
75000,00
21428,00
50000,00
3488,00
2884,00
1000,00
6250,00
3750,00
1145,00
4838,00
2884,00
877,00
18750,00
7894,00
3409,00
13636,00
10000,00
4285,00
16666,00
10714,00
2941,00
9375,00
12500,00
5555,00
16666,00
18750,00
6000,00
13636,00
15000,00
4687,00
13636,00
11538,00
7894,00
30000,00
25000,00
10000,00
25000,00
15000,00
6818,00
30000,00
30000,00
25000,00
75000,00
30000,00
37500,00
75000,00
37500,00
25000,00
30000,00
50000,00
25000,00
30000,00
50000,00
150000,00
37500,00
75000,00
50000,00
16666,00
37500,00
10714,00
37500,00
37500,00
15000,00
37500,00
30000,00
10714,00
30000,00
37500,00
16666,00
75000,00
37500,00
75000,00
50000,00
37500,00
30000,00
50000,00
21428,00
50000,00
150000,00
75000,00
50000,00
150000,00
50000,00
75000,00
714,00
691,00
275,00
1648,00
1200,00
389,00
1376,00
828,00
269,00
2941,00
1666,00
955,00
5555,00
3488,00
1351,00
4838,00
2586,00
837,00
2380,00
2727,00
1181,00
4545,00
6000,00
1807,00
4285,00
3846,00
1339,00
7500,00
5357,00
1851,00
13636,00
9375,00
2678,00
9375,00
6250,00
1829,00
18750,00
8823,00
7142,00
25000,00
15000,00
13636,00
30000,00
13636,00
7500,00
10000,00
13636,00
8333,00
21428,00
25000,00
12500,00
16666,00
18750,00
7894,00
7894,00
9375,00
3750,00
12500,00
15000,00
5000,00
16666,00
10000,00
3333,00
18750,00
13636,00
10714,00
50000,00
37500,00
15000,00
30000,00
30000,00
9375,00
10714,00
15000,00
10000,00
25000,00
25000,00
21428,00
37500,00
25000,00
12500,00
10714,00
6250,00
1948,00
8823,00
7894,00
2272,00
7142,00
4687,00
1500,00
37500,00
21428,00
6250,00
37500,00
30000,00
7142,00
37500,00
15000,00
6250,00
30000,00
25000,00
9375,00
30000,00
37500,00
11538,00
30000,00
30000,00
8333,00
50000,00
21428,00
13636,00
4054,00
37500,00
11538,00
150000,00
75000,00
12500,00
150000,00
37500,00
25000,00
37500,00
37500,00
50000,00
75000,00
30000,00
75000,00
37500,00
50000,00
50000,00
75000,00
37500,00
37500,00
150000,00
50000,00
75000,00
75000,00
18750,00
21428,00
25000,00
37500,00
21428,00
150000,00
50000,00
18750,00
30000,00
37500,00
75000,00
50000,00
50000,00
37500,00
37500,00
75000,00
75000,00
75000,00
75000,00
25000,00
37500,00
150000,00
150000,00
150000,00
50000,00
75000,00
6521,00
5357,00
1442,00
11538,00
6250,00
1744,00
7894,00
4166,00
1200,00
30000,00
10714,00
4687,00
10714,00
11538,00
5357,00
18750,00
10714,00
4285,00
21428,00
18750,00
6818,00
30000,00
25000,00
8333,00
30000,00
30000,00
6818,00
30000,00
16666,00
9375,00
21428,00
50000,00
13636,00
150000,00
37500,00
10714,00
75000,00
50000,00
50000,00
50000,00
37500,00
150000,00
150000,00
50000,00
50000,00
37500,00
50000,00
75000,00
50000,00
30000,00
150000,00
75000,00
150000,00
50000,00
37500,00
50000,00
18750,00
75000,00
50000,00
37500,00
75000,00
75000,00
18750,00
50000,00
75000,00
50000,00
37500,00
75000,00
50000,00
37500,00
75000,00
50000,00
37500,00
30000,00
37500,00
150000,00
150000,00
75000,00
75000,00
75000,00
75000,00
1315,00
898,00
389,00
2205,00
1339,00
530,00
1829,00
1190,00
361,00
3750,00
2083,00
1136,00
5769,00
2941,00
1948,00
6521,00
3333,00
1315,00
4411,00
3333,00
1875,00
6521,00
8333,00
2459,00
9375,00
7142,00
2083,00
10714,00
4687,00
2500,00
10000,00
8333,00
3061,00
13636,00
10000,00
2500,00
11538,00
10000,00
5769,00
25000,00
21428,00
10714,00
75000,00
18750,00
10000,00
21428,00
15000,00
8823,00
37500,00
25000,00
15000,00
18750,00
18750,00
11538,00
9375,00
12500,00
4838,00
16666,00
12500,00
6818,00
21428,00
11538,00
5000,00
16666,00
21428,00
10714,00
15000,00
75000,00
30000,00
18750,00
37500,00
15000,00
50000,00
18750,00
15000,00
50000,00
75000,00
25000,00
37500,00
50000,00
16666,00
8333,00
4687,00
1282,00
10000,00
5769,00
1764,00
7500,00
4545,00
1239,00
30000,00
16666,00
4285,00
37500,00
25000,00
5769,00
30000,00
13636,00
4545,00
37500,00
37500,00
6818,00
25000,00
30000,00
8333,00
18750,00
25000,00
6818,00
30000,00
30000,00
8823,00
30000,00
37500,00
12500,00
30000,00
25000,00
8823,00
150000,00
75000,00
30000,00
50000,00
150000,00
50000,00
150000,00
37500,00
30000,00
30000,00
50000,00
50000,00
25000,00
75000,00
37500,00
21428,00
150000,00
50000,00
37500,00
50000,00
16666,00
21428,00
37500,00
21428,00
25000,00
30000,00
12500,00
150000,00
50000,00
37500,00
50000,00
75000,00
150000,00
75000,00
150000,00
75000,00
30000,00
75000,00
50000,00
75000,00
150000,00
75000,00
21428,00
75000,00
50000,00
7142,00
3846,00
1153,00
7500,00
5000,00
1500,00
5172,00
3333,00
1056,00
16666,00
7500,00
4054,00
16666,00
15000,00
6250,00
12500,00
9375,00
3846,00
16666,00
11538,00
6000,00
10000,00
25000,00
9375,00
12500,00
18750,00
5357,00
30000,00
18750,00
7894,00
13636,00
12500,00
8823,00
30000,00
12500,00
6818,00
30000,00
75000,00
18750,00
21428,00
37500,00
50000,00
50000,00
37500,00
25000,00
25000,00
30000,00
25000,00
21428,00
30000,00
25000,00
25000,00
18750,00
37500,00
75000,00
75000,00
15000,00
21428,00
18750,00
16666,00
21428,00
30000,00
13636,00
150000,00
50000,00
75000,00
75000,00
150000,00
50000,00
150000,00
30000,00
50000,00
150000,00
75000,00
37500,00
37500,00
150000,00
30000,00
50000,00
75000,00
50000,00
1562,00
1006,00
341,00
1948,00
1515,00
474,00
1648,00
887,00
295,00
4687,00
3000,00
1086,00
6250,00
4545,00
1470,00
4838,00
3125,00
1027,00
4054,00
5000,00
1546,00
6250,00
8333,00
2500,00
4838,00
4411,00
1562,00
7894,00
6818,00
2380,00
12500,00
12500,00
3409,00
10714,00
7500,00
2272,00
25000,00
18750,00
7500,00
25000,00
25000,00
12500,00
21428,00
21428,00
7894,00
18750,00
15000,00
11538,00
25000,00
37500,00
10714,00
25000,00
16666,00
9375,00
16666,00
12500,00
3846,00
18750,00
21428,00
6521,00
25000,00
10714,00
3750,00
25000,00
30000,00
13636,00
50000,00
25000,00
16666,00
37500,00
30000,00
13636,00
21428,00
18750,00
18750,00
75000,00
75000,00
18750,00
25000,00
37500,00
7500,00
7142,00
7142,00
2173,00
15000,00
10000,00
2777,00
11538,00
6250,00
1724,00
37500,00
30000,00
6521,00
15000,00
16666,00
10000,00
30000,00
15000,00
6250,00
12500,00
25000,00
10714,00
21428,00
21428,00
13636,00
21428,00
37500,00
8823,00
18750,00
21428,00
15000,00
15000,00
75000,00
18750,00
37500,00
21428,00
11538,00
21428,00
50000,00
30000,00
37500,00
150000,00
75000,00
75000,00
30000,00
30000,00
21428,00
50000,00
50000,00
21428,00
150000,00
150000,00
25000,00
50000,00
30000,00
25000,00
30000,00
25000,00
18750,00
50000,00
25000,00
50000,00
150000,00
25000,00
37500,00
150000,00
25000,00
37500,00
150000,00
50000,00
150000,00
150000,00
75000,00
25000,00
50000,00
75000,00
25000,00
50000,00
150000,00
50000,00
75000,00
37500,00
3947,00
3750,00
1807,00
7500,00
5000,00
2000,00
6250,00
3750,00
1456,00
12500,00
4838,00
4166,00
15000,00
6818,00
6521,00
21428,00
11538,00
4687,00
12500,00
18750,00
8823,00
21428,00
13636,00
10714,00
25000,00
16666,00
8823,00
10000,00
10714,00
8333,00
37500,00
13636,00
11538,00
30000,00
18750,00
10000,00
30000,00
21428,00
18750,00
25000,00
11538,00
21428,00
150000,00
50000,00
50000,00
21428,00
30000,00
18750,00
12500,00
30000,00
50000,00
50000,00
50000,00
50000,00
11538,00
37500,00
12500,00
25000,00
25000,00
18750,00
50000,00
37500,00
16666,00
30000,00
21428,00
30000,00
75000,00
150000,00
75000,00
50000,00
75000,00
150000,00
21428,00
50000,00
37500,00
18750,00
50000,00
50000,00
75000,00
150000,00
150000,00
937,00
785,00
335,00
2000,00
1304,00
559,00
2272,00
1401,00
462,00
2307,00
1562,00
872,00
4687,00
2727,00
1948,00
6250,00
3947,00
1442,00
3333,00
3191,00
1456,00
4838,00
5000,00
2941,00
9375,00
8333,00
2238,00
6521,00
4285,00
2678,00
13636,00
6521,00
5000,00
8823,00
9375,00
3333,00
11538,00
6818,00
7894,00
25000,00
10000,00
16666,00
75000,00
13636,00
11538,00
6818,00
9375,00
6250,00
18750,00
50000,00
25000,00
75000,00
37500,00
15000,00
7500,00
10000,00
4545,00
18750,00
15000,00
6521,00
16666,00
16666,00
6818,00
13636,00
25000,00
11538,00
21428,00
30000,00
25000,00
25000,00
37500,00
15000,00
7894,00
9375,00
11538,00
12500,00
21428,00
21428,00
50000,00
50000,00
21428,00
7500,00
8823,00
2830,00
21428,00
11538,00
3947,00
9375,00
7500,00
2419,00
50000,00
25000,00
13636,00
21428,00
16666,00
12500,00
37500,00
30000,00
10714,00
50000,00
30000,00
15000,00
30000,00
21428,00
13636,00
21428,00
25000,00
10000,00
25000,00
25000,00
18750,00
30000,00
25000,00
25000,00
50000,00
21428,00
16666,00
75000,00
25000,00
75000,00
15000,00
18750,00
13636,00
37500,00
37500,00
75000,00
75000,00
150000,00
75000,00
18750,00
150000,00
75000,00
37500,00
50000,00
50000,00
25000,00
25000,00
15000,00
37500,00
25000,00
25000,00
50000,00
25000,00
30000,00
150000,00
150000,00
30000,00
21428,00
9375,00
25000,00
75000,00
150000,00
75000,00
30000,00
37500,00
37500,00
16666,00
75000,00
75000,00
150000,00
75000,00
75000,00
4411,00
2884,00
2542,00
9375,00
2678,00
2419,00
7894,00
4054,00
1666,00
18750,00
5000,00
6250,00
8823,00
1630,00
3488,00
18750,00
10000,00
4838,00
11538,00
21428,00
8333,00
11538,00
9375,00
10000,00
18750,00
30000,00
11538,00
21428,00
12500,00
11538,00
21428,00
5555,00
9375,00
25000,00
21428,00
13636,00
21428,00
11538,00
15000,00
6818,00
385,00
4838,00
37500,00
21428,00
15000,00
50000,00
75000,00
25000,00
25000,00
25000,00
37500,00
50000,00
50000,00
75000,00
18750,00
30000,00
30000,00
37500,00
50000,00
37500,00
25000,00
50000,00
15000,00
150000,00
75000,00
30000,00
30000,00
18750,00
30000,00
150000,00
30000,00
37500,00
25000,00
30000,00
37500,00
15000,00
150000,00
75000,00
150000,00
25000,00
75000,00
967,00
672,00
337,00
1724,00
675,00
491,00
2419,00
1685,00
619,00
2542,00
1219,00
937,00
2586,00
520,00
681,00
5000,00
3000,00
1470,00
4285,00
2884,00
1376,00
3846,00
3000,00
2083,00
5172,00
5357,00
2678,00
4687,00
3191,00
2027,00
6818,00
2830,00
2500,00
21428,00
8823,00
4545,00
18750,00
4687,00
4285,00
5555,00
949,00
1948,00
50000,00
10000,00
8333,00
16666,00
12500,00
7142,00
25000,00
16666,00
10714,00
30000,00
30000,00
25000,00
10000,00
13636,00
5000,00
30000,00
10000,00
8333,00
15000,00
30000,00
8823,00
30000,00
13636,00
18750,00
13636,00
10714,00
9375,00
30000,00
13636,00
21428,00
16666,00
10714,00
15000,00
12500,00
21428,00
21428,00
30000,00
25000,00
18750,00
11538,00
6818,00
2459,00
21428,00
12500,00
3260,00
11538,00
8333,00
2173,00
75000,00
30000,00
10000,00
50000,00
50000,00
10000,00
30000,00
18750,00
6521,00
37500,00
30000,00
15000,00
18750,00
50000,00
16666,00
37500,00
50000,00
13636,00
21428,00
37500,00
16666,00
50000,00
50000,00
16666,00
25000,00
37500,00
16666,00
37500,00
150000,00
75000,00
37500,00
150000,00
37500,00
37500,00
75000,00
75000,00
30000,00
75000,00
75000,00
21428,00
37500,00
37500,00
50000,00
150000,00
75000,00
16666,00
37500,00
21428,00
50000,00
50000,00
37500,00
25000,00
37500,00
25000,00
37500,00
150000,00
50000,00
75000,00
75000,00
50000,00
37500,00
150000,00
150000,00
30000,00
150000,00
50000,00
150000,00
75000,00
75000,00
25000,00
150000,00
75000,00
10000,00
5000,00
2112,00
13636,00
6250,00
2586,00
7500,00
4054,00
1744,00
18750,00
11538,00
6818,00
21428,00
16666,00
8823,00
21428,00
13636,00
7500,00
21428,00
13636,00
6521,00
25000,00
18750,00
10714,00
21428,00
12500,00
8823,00
18750,00
16666,00
16666,00
15000,00
16666,00
16666,00
18750,00
16666,00
11538,00
37500,00
50000,00
50000,00
25000,00
13636,00
37500,00
37500,00
30000,00
50000,00
18750,00
37500,00
30000,00
18750,00
18750,00
75000,00
25000,00
21428,00
50000,00
18750,00
37500,00
25000,00
37500,00
30000,00
37500,00
37500,00
25000,00
16666,00
50000,00
150000,00
75000,00
37500,00
37500,00
75000,00
75000,00
37500,00
150000,00
25000,00
30000,00
37500,00
25000,00
37500,00
50000,00
30000,00
37500,00
50000,00
1744,00
1351,00
496,00
2830,00
1875,00
707,00
2380,00
1415,00
479,00
5769,00
3061,00
1546,00
5000,00
3750,00
2272,00
7894,00
4687,00
1612,00
5357,00
4411,00
1973,00
5357,00
6521,00
3488,00
5769,00
6000,00
2142,00
7142,00
7142,00
3658,00
12500,00
7894,00
5357,00
10714,00
10000,00
3846,00
13636,00
15000,00
10000,00
16666,00
10000,00
8333,00
21428,00
10000,00
8333,00
21428,00
16666,00
13636,00
10714,00
21428,00
11538,00
37500,00
16666,00
16666,00
13636,00
13636,00
5000,00
16666,00
16666,00
8823,00
16666,00
21428,00
7500,00
30000,00
50000,00
16666,00
30000,00
75000,00
25000,00
30000,00
50000,00
25000,00
16666,00
16666,00
15000,00
16666,00
25000,00
18750,00
30000,00
25000,00
11538,00
7142,00
6521,00
1898,00
10714,00
7894,00
2500,00
8823,00
5357,00
1666,00
25000,00
15000,00
6521,00
30000,00
16666,00
8333,00
21428,00
18750,00
6000,00
10000,00
16666,00
7894,00
21428,00
25000,00
10714,00
13636,00
16666,00
8333,00
15000,00
16666,00
9375,00
50000,00
75000,00
15000,00
37500,00
18750,00
11538,00
50000,00
30000,00
25000,00
75000,00
150000,00
75000,00
50000,00
30000,00
37500,00
30000,00
50000,00
30000,00
75000,00
150000,00
75000,00
37500,00
37500,00
50000,00
18750,00
25000,00
10714,00
30000,00
50000,00
25000,00
75000,00
37500,00
21428,00
37500,00
75000,00
30000,00
37500,00
150000,00
75000,00
150000,00
50000,00
150000,00
13636,00
37500,00
15000,00
50000,00
150000,00
150000,00
150000,00
75000,00
75000,00
4838,00
4545,00
1685,00
9375,00
6818,00
1973,00
6000,00
4545,00
1351,00
15000,00
7500,00
5000,00
18750,00
13636,00
7142,00
10000,00
8823,00
4285,00
8823,00
10714,00
7894,00
21428,00
10000,00
10000,00
8823,00
12500,00
6521,00
11538,00
15000,00
8333,00
25000,00
16666,00
9375,00
21428,00
21428,00
8333,00
25000,00
21428,00
13636,00
75000,00
30000,00
30000,00
75000,00
37500,00
37500,00
37500,00
15000,00
13636,00
25000,00
18750,00
50000,00
37500,00
30000,00
37500,00
10714,00
21428,00
15000,00
15000,00
25000,00
10714,00
30000,00
21428,00
18750,00
37500,00
30000,00
25000,00
30000,00
75000,00
37500,00
30000,00
75000,00
37500,00
30000,00
37500,00
50000,00
150000,00
50000,00
75000,00
150000,00
50000,00
75000,00
815,00
724,00
283,00
2272,00
1470,00
559,00
1704,00
1339,00
390,00
2142,00
1442,00
882,00
4838,00
2777,00
1829,00
2884,00
2419,00
1282,00
1948,00
1829,00
937,00
4411,00
5357,00
2459,00
4545,00
5000,00
1875,00
3947,00
4285,00
1744,00
11538,00
8823,00
3488,00
8333,00
7894,00
2678,00
11538,00
8333,00
5357,00
21428,00
12500,00
12500,00
15000,00
11538,00
8333,00
6818,00
7500,00
5555,00
25000,00
25000,00
8333,00
18750,00
16666,00
10714,00
5555,00
7500,00
3125,00
12500,00
12500,00
6818,00
21428,00
11538,00
5769,00
16666,00
25000,00
8823,00
21428,00
30000,00
30000,00
21428,00
25000,00
12500,00
6818,00
13636,00
7142,00
16666,00
30000,00
21428,00
75000,00
25000,00
18750,00
15000,00
9375,00
2777,00
21428,00
13636,00
3846,00
13636,00
7500,00
2542,00
30000,00
18750,00
8823,00
25000,00
25000,00
12500,00
18750,00
13636,00
7894,00
16666,00
37500,00
10000,00
13636,00
30000,00
16666,00
25000,00
30000,00
10714,00
30000,00
37500,00
15000,00
37500,00
150000,00
16666,00
37500,00
18750,00
12500,00
50000,00
37500,00
21428,00
21428,00
37500,00
75000,00
150000,00
21428,00
30000,00
75000,00
50000,00
50000,00
6521,00
150000,00
30000,00
50000,00
37500,00
75000,00
25000,00
16666,00
18750,00
150000,00
150000,00
50000,00
75000,00
25000,00
37500,00
150000,00
12500,00
16666,00
50000,00
50000,00
75000,00
150000,00
150000,00
25000,00
150000,00
21428,00
50000,00
25000,00
37500,00
75000,00
150000,00
37500,00
150000,00
6000,00
5769,00
2238,00
12500,00
10714,00
3409,00
7500,00
5769,00
2205,00
16666,00
8333,00
7894,00
12500,00
7894,00
6000,00
10714,00
11538,00
6250,00
15000,00
12500,00
7142,00
11538,00
16666,00
9375,00
16666,00
10000,00
8823,00
25000,00
37500,00
8333,00
25000,00
50000,00
13636,00
37500,00
21428,00
11538,00
50000,00
25000,00
30000,00
50000,00
10714,00
30000,00
30000,00
25000,00
37500,00
37500,00
25000,00
30000,00
15000,00
75000,00
25000,00
37500,00
75000,00
75000,00
30000,00
25000,00
25000,00
50000,00
37500,00
37500,00
37500,00
21428,00
30000,00
75000,00
50000,00
50000,00
75000,00
50000,00
30000,00
37500,00
50000,00
37500,00
75000,00
37500,00
21428,00
15000,00
37500,00
25000,00
75000,00
37500,00
37500,00
1260,00
688,00
374,00
2112,00
1327,00
666,00
2380,00
1546,00
583,00
2678,00
1428,00
949,00
3409,00
1875,00
1363,00
4411,00
2727,00
1546,00
2631,00
2205,00
1304,00
4054,00
3260,00
1807,00
6521,00
4054,00
2419,00
6250,00
4687,00
2777,00
8333,00
9375,00
4285,00
10714,00
10714,00
3947,00
13636,00
6818,00
7500,00
8823,00
5555,00
9375,00
25000,00
11538,00
7142,00
8823,00
7142,00
6521,00
8823,00
8333,00
2380,00
16666,00
12500,00
10714,00
7500,00
6000,00
3846,00
18750,00
15000,00
7500,00
12500,00
12500,00
5769,00
30000,00
10714,00
12500,00
11538,00
25000,00
12500,00
50000,00
21428,00
21428,00
15000,00
15000,00
11538,00
12500,00
21428,00
12500,00
50000,00
21428,00
18750,00
9375,00
7142,00
2112,00
12500,00
10000,00
3000,00
10714,00
6521,00
2083,00
30000,00
21428,00
8333,00
25000,00
21428,00
9375,00
21428,00
18750,00
7142,00
25000,00
21428,00
11538,00
25000,00
37500,00
12500,00
18750,00
15000,00
9375,00
37500,00
37500,00
13636,00
50000,00
30000,00
21428,00
37500,00
30000,00
13636,00
30000,00
75000,00
21428,00
37500,00
75000,00
75000,00
37500,00
50000,00
50000,00
25000,00
75000,00
37500,00
75000,00
150000,00
30000,00
30000,00
75000,00
50000,00
16666,00
30000,00
16666,00
50000,00
50000,00
37500,00
21428,00
30000,00
16666,00
30000,00
150000,00
37500,00
75000,00
150000,00
75000,00
30000,00
150000,00
150000,00
21428,00
75000,00
30000,00
37500,00
150000,00
75000,00
18750,00
37500,00
50000,00
6521,00
4285,00
1851,00
7142,00
7500,00
2500,00
7894,00
4166,00
1595,00
18750,00
11538,00
5000,00
16666,00
16666,00
5769,00
11538,00
9375,00
5172,00
21428,00
10000,00
7142,00
15000,00
12500,00
6818,00
7894,00
7500,00
6250,00
30000,00
16666,00
8823,00
30000,00
21428,00
18750,00
13636,00
11538,00
8333,00
150000,00
25000,00
30000,00
150000,00
30000,00
37500,00
37500,00
15000,00
30000,00
75000,00
50000,00
37500,00
25000,00
50000,00
37500,00
18750,00
13636,00
30000,00
15000,00
30000,00
11538,00
30000,00
37500,00
18750,00
30000,00
21428,00
13636,00
18750,00
150000,00
37500,00
50000,00
75000,00
30000,00
16666,00
37500,00
37500,00
25000,00
37500,00
18750,00
30000,00
25000,00
15000,00
15000,00
13636,00
30000,00
1086,00
877,00
428,00
2173,00
1595,00
604,00
1829,00
1470,00
423,00
4545,00
2941,00
1229,00
5357,00
3260,00
1764,00
4411,00
2941,00
1315,00
2272,00
2777,00
1145,00
7500,00
5000,00
2777,00
2830,00
4285,00
1415,00
6000,00
7500,00
3125,00
12500,00
9375,00
3947,00
11538,00
7500,00
3333,00
16666,00
12500,00
10714,00
15000,00
10000,00
9375,00
16666,00
13636,00
6818,00
10000,00
18750,00
10000,00
11538,00
10714,00
5555,00
16666,00
10714,00
7894,00
8823,00
11538,00
3488,00
21428,00
30000,00
7894,00
15000,00
16666,00
4545,00
13636,00
25000,00
8333,00
150000,00
37500,00
13636,00
25000,00
21428,00
11538,00
8823,00
12500,00
7500,00
13636,00
21428,00
8333,00
8333,00
11538,00
3191,00
1875,00
6250,00
1648,00
12500,00
7894,00
2459,00
6521,00
5357,00
1562,00
12500,00
18750,00
6000,00
15000,00
21428,00
8823,00
30000,00
18750,00
6250,00
6818,00
15000,00
7894,00
12500,00
21428,00
11538,00
10000,00
13636,00
7142,00
















































































































































































































































































































































































































































































































































































































































































































































































































































































































































































































































































































































































































































































































































































































































































































































































































































































































































































































































































































































































































































































































































































































































