
























































































































































































































































































































































































































































































































































































































































































































































































































































































































































































































































































































































































































































































































































































































































































































































































































































































































































































































































































































































































































































































































































































































































































6060,00
5225,00
4735,00
4329,00
2228,00
3224,00
1722,00
4888,00
5829,00
3157,00
3368,00
4210,00
2368,00
7218,00
9474,00
6316,00
9475,00
21658,00
15161,00
25271,00
13785,00
13785,00
13785,00
15164,00
9478,00
25277,00
18958,00
21666,00
18958,00
9479,00
15167,00
8426,00
10111,00
6320,00
15168,00
12640,00
13790,00
10113,00
9481,00
8923,00
7225,00
11672,00
7988,00
30357,00
21684,00
16865,00
25299,00
18975,00
12651,00
12652,00
10845,00
13804,00
16872,00
15185,00
30372,00
21694,00
10847,00
16874,00
8438,00
10849,00
5626,00
30382,00
25322,00
18991,00
11690,00
11691,00
10132,00
10859,00
25339,00
12670,00
50680,00
21723,00
21725,00
11698,00
16897,00
19010,00
30419,00
19012,00
15210,00
38027,00
19016,00
25356,00
19018,00
15215,00
19020,00
12680,00
21739,00
10870,00
25364,00
25364,00
19022,00
15217,00
25363,00
10871,00
19025,00
25367,00
38048,00
38049,00
50733,00
76105,00
38054,00
30443,00
30445,00
30446,00
25375,00
38065,00
38069,00
21754,00
50760,00
50764,00
19037,00
38076,00
25384,00
25386,00
38080,00
30464,00
38084,00
30468,00
25390,00
16928,00
16928,00
50788,00
21766,00
25397,00
38099,00
50799,00
50804,00
30486,00
76223,00
30489,00
38113,00
19056,00
25411,00
30500,00
25439,00
50880,00
25440,00
25441,00
30532,00
30534,00
76335,00
19085,00
38172,00
76345,00
30537,00
50897,00
50899,00
76349,00
25451,00
38210,00
19106,00
76432,00
50954,00
30574,00
15288,00
19111,00
16988,00
50964,00
30579,00
30580,00
38226,00
38226,00
50970,00
25485,00
19116,00
30619,00
17011,00
38279,00
13919,00
51040,00
25522,00
19143,00
30629,00
30632,00
17018,00
153167,00
38294,00
51062,00
25532,00
153197,00
38299,00
51073,00
51075,00
38306,00
51079,00
51083,00
30649,00
76629,00
153263,00
38320,00
76641,00
153289,00
153289,00
19161,00
51098,00
25552,00
30663,00
76658,00
76668,00
153329,00
76680,00
51123,00
38354,00
38360,00
38360,00
153462,00
153473,00
153475,00
76741,00
51165,00
30699,00
153507,00
51169,00
153531,00
76771,00
51183,00
153555,00
76782,00
76782,00
51195,00
76800,00
30720,00
30723,00
153645,00
51215,00
30729,00
76833,00
153673,00
30767,00
620,00
1183,00
938,00
1709,00
2797,00
2296,00
1831,00
2751,00
1791,00
1213,00
1222,00
1426,00
2703,00
3144,00
2801,00
2140,00
2335,00
2001,00
1185,00
1541,00
875,00
2141,00
3083,00
1557,00
1694,00
2336,00
1233,00
2705,00
2909,00
3024,00
1623,00
4674,00
4169,00
4821,00
5714,00
5142,00
5143,00
4060,00
4061,00
9078,00
4978,00
9078,00
9079,00
7352,00
7352,00
4825,00
4173,00
3088,00
6177,00
7354,00
4826,00
7020,00
5941,00
4982,00
5942,00
5722,00
3961,00
10300,00
14046,00
11038,00
6181,00
17171,00
7025,00
6440,00
5152,00
8588,00
11892,00
11893,00
11045,00
8591,00
8591,00
10309,00
8592,00
8140,00
4686,00
12889,00
19337,00
7032,00
7736,00
11051,00
6189,00
6727,00
11903,00
9671,00
19343,00
30953,00
14070,00
11055,00
12898,00
9673,00
12898,00
9674,00
9675,00
25801,00
12901,00
17204,00
10322,00
22122,00
11912,00
7374,00
8604,00
6453,00
10326,00
17212,00
11064,00
8607,00
9684,00
9114,00
9117,00
17221,00
12917,00
19378,00
25838,00
25840,00
11927,00
14096,00
22154,00
15508,00
17232,00
19387,00
19387,00
31021,00
38777,00
19390,00
15514,00
38787,00
17240,00
19396,00
11936,00
31036,00
17242,00
38807,00
25873,00
17249,00
22184,00
25882,00
22185,00
19414,00
38831,00
38833,00
77671,00
22193,00
31074,00
38843,00
19422,00
31075,00
38847,00
22198,00
31079,00
31081,00
15541,00
14129,00
25903,00
25905,00
38859,00
38860,00
17271,00
51814,00
38864,00
38865,00
31092,00
31095,00
19435,00
25914,00
14136,00
31099,00
51833,00
25916,00
22217,00
38882,00
15554,00
19445,00
17285,00
14143,00
38904,00
25936,00
25936,00
25936,00
17291,00
22232,00
14151,00
12972,00
9730,00
25949,00
38923,00
17300,00
19462,00
31142,00
14155,00
31146,00
19468,00
22250,00
19471,00
51925,00
10385,00
38949,00
77900,00
51934,00
31161,00
22261,00
17314,00
77920,00
25976,00
155857,00
38968,00
77939,00
77942,00
38971,00
31179,00
17321,00
77962,00
77965,00
31206,00
31209,00
78024,00
52018,00
52018,00
39016,00
75000,00
50000,00
150000,00
37500,00
75000,00
75000,00
150000,00
150000,00
37500,00
75000,00
16666,00
150000,00
150000,00
75000,00
75000,00
150000,00
50000,00
150000,00
30000,00
150000,00
150000,00
50000,00
50000,00
150000,00
75000,00
171,00
287,00
206,00
503,00
694,00
533,00
438,00
691,00
438,00
360,00
407,00
407,00
321,00
407,00
321,00
666,00
793,00
543,00
241,00
334,00
204,00
491,00
678,00
392,00
410,00
541,00
321,00
882,00
1376,00
872,00
1764,00
2678,00
1530,00
1546,00
2777,00
1578,00
1530,00
1562,00
1304,00
3000,00
3061,00
3061,00
2542,00
3061,00
2542,00
1056,00
1388,00
847,00
1764,00
2777,00
1442,00
1612,00
1973,00
1190,00
1595,00
2307,00
1666,00
3571,00
4838,00
2777,00
2500,00
3333,00
2173,00
2459,00
2884,00
2112,00
4054,00
5769,00
3409,00
3846,00
4545,00
2884,00
1704,00
2027,00
1304,00
2830,00
4054,00
4054,00
2238,00
4054,00
2238,00
2238,00
2777,00
2083,00
2083,00
4545,00
3191,00
3658,00
5555,00
2727,00
3125,00
4054,00
2083,00
6250,00
7500,00
3846,00
4411,00
6521,00
3571,00
1898,00
2459,00
1388,00
2727,00
4054,00
2272,00
2586,00
3061,00
1898,00
6521,00
9375,00
6521,00
13636,00
25000,00
10714,00
8333,00
10000,00
7894,00
10000,00
10000,00
8823,00
18750,00
25000,00
18750,00
15000,00
15000,00
16666,00
6818,00
7500,00
5172,00
10714,00
16666,00
8333,00
8823,00
9375,00
7500,00
13636,00
18750,00
12500,00
21428,00
21428,00
18750,00
21428,00
21428,00
13636,00
10714,00
12500,00
12500,00
18750,00
15000,00
16666,00
13636,00
18750,00
21428,00
10000,00
13636,00
7500,00
16666,00
30000,00
12500,00
12500,00
16666,00
10000,00
4285,00
4838,00
2941,00
8333,00
10714,00
5000,00
6250,00
8333,00
3750,00
4411,00
6818,00
3333,00
8823,00
12500,00
6250,00
7500,00
8823,00
5000,00
2727,00
3333,00
2000,00
4545,00
6521,00
3260,00
3846,00
5000,00
2727,00
16666,00
21428,00
12500,00
21428,00
37500,00
15000,00
18750,00
30000,00
12500,00
21428,00
25000,00
11538,00
30000,00
75000,00
30000,00
25000,00
30000,00
16666,00
12500,00
13636,00
7894,00
21428,00
30000,00
16666,00
16666,00
21428,00
11538,00
25000,00
25000,00
18750,00
30000,00
75000,00
30000,00
37500,00
37500,00
21428,00
25000,00
30000,00
21428,00
50000,00
50000,00
37500,00
50000,00
50000,00
30000,00
15000,00
16666,00
10714,00
30000,00
37500,00
18750,00
21428,00
25000,00
16666,00
2000,00
3260,00
2307,00
4411,00
7142,00
5769,00
5769,00
9375,00
5172,00
4687,00
5172,00
3658,00
5172,00
5357,00
7894,00
9375,00
6818,00
5769,00
3061,00
4687,00
2173,00
5555,00
7894,00
3750,00
4285,00
6521,00
3488,00
8333,00
8823,00
9375,00
12500,00
16666,00
18750,00
25000,00
18750,00
25000,00
12500,00
6521,00
9375,00
25000,00
13636,00
18750,00
21428,00
16666,00
18750,00
9375,00
18750,00
8333,00
16666,00
25000,00
12500,00
10000,00
10714,00
12500,00
8823,00
9375,00
8333,00
21428,00
21428,00
30000,00
16666,00
37500,00
30000,00
16666,00
11538,00
12500,00
18750,00
12500,00
37500,00
18750,00
25000,00
18750,00
13636,00
16666,00
8333,00
30000,00
30000,00
30000,00
21428,00
30000,00
18750,00
18750,00
18750,00
15000,00
25000,00
75000,00
37500,00
18750,00
50000,00
30000,00
18750,00
9375,00
11538,00
15000,00
21428,00
30000,00
37500,00
37500,00
25000,00
16666,00
25000,00
15000,00
18750,00
21428,00
21428,00
15000,00
50000,00
21428,00
50000,00
50000,00
75000,00
18750,00
25000,00
37500,00
150000,00
50000,00
75000,00
50000,00
37500,00
30000,00
50000,00
10714,00
50000,00
150000,00
150000,00
75000,00
75000,00
50000,00
30000,00
75000,00
150000,00
75000,00
50000,00
37500,00
50000,00
37500,00
50000,00
150000,00
30000,00
150000,00
30000,00
50000,00
75000,00
75000,00
50000,00
30000,00
30000,00
75000,00
25000,00
75000,00
50000,00
50000,00
50000,00
50000,00
50000,00
75000,00
37500,00
150000,00
37500,00
37500,00
75000,00
37500,00
25000,00
75000,00
25000,00
50000,00
75000,00
25000,00
50000,00
75000,00
50000,00
37500,00
30000,00
30000,00
37500,00
37500,00
21428,00
50000,00
30000,00
50000,00
30000,00
30000,00
21428,00
50000,00
37500,00
37500,00
30000,00
37500,00
37500,00
150000,00
50000,00
75000,00
30000,00
150000,00
75000,00
75000,00
150000,00
150000,00
37500,00
75000,00
37500,00
150000,00
30000,00
75000,00
150000,00
150000,00
37500,00
150000,00
150000,00
75000,00
150000,00
150000,00
150000,00
50000,00
75000,00
150000,00
75000,00
50000,00
150000,00
30000,00
30000,00
75000,00
75000,00
150000,00
150000,00
150000,00
50000,00
150000,00
37500,00
13636,00
150000,00
150000,00
150000,00
75000,00
75000,00
75000,00
150000,00
150000,00
150000,00
75000,00
37500,00
150000,00
50000,00
769,00
1181,00
1171,00
2343,00
2272,00
2727,00
2419,00
3125,00
2027,00
1428,00
961,00
1456,00
1898,00
806,00
2830,00
3409,00
2777,00
2830,00
1612,00
2112,00
1127,00
2586,00
3488,00
2054,00
2173,00
3061,00
1595,00
3658,00
3658,00
4166,00
4687,00
5555,00
6250,00
7894,00
13636,00
6818,00
3488,00
1851,00
1851,00
3947,00
1851,00
3947,00
9375,00
6000,00
7894,00
5555,00
5357,00
5172,00
8333,00
10000,00
6818,00
8823,00
10714,00
6818,00
6521,00
7500,00
5769,00
18750,00
11538,00
18750,00
9375,00
16666,00
12500,00
9375,00
7142,00
8823,00
30000,00
7142,00
16666,00
16666,00
18750,00
15000,00
7500,00
9375,00
6000,00
18750,00
11538,00
10714,00
10714,00
13636,00
9375,00
9375,00
11538,00
9375,00
12500,00
30000,00
21428,00
18750,00
30000,00
16666,00
9375,00
11538,00
11538,00
21428,00
3750,00
21428,00
21428,00
13636,00
18750,00
10714,00
13636,00
6521,00
16666,00
25000,00
13636,00
12500,00
18750,00
8333,00
21428,00
18750,00
13636,00
16666,00
18750,00
21428,00
18750,00
37500,00
37500,00
15000,00
8333,00
21428,00
6521,00
362,00
6521,00
21428,00
10714,00
18750,00
30000,00
18750,00
21428,00
50000,00
21428,00
25000,00
37500,00
30000,00
18750,00
30000,00
50000,00
37500,00
50000,00
50000,00
37500,00
30000,00
75000,00
37500,00
75000,00
75000,00
50000,00
75000,00
30000,00
75000,00
150000,00
75000,00
50000,00
50000,00
50000,00
37500,00
30000,00
75000,00
50000,00
37500,00
50000,00
12500,00
21428,00
37500,00
18750,00
25000,00
37500,00
25000,00
25000,00
37500,00
25000,00
30000,00
50000,00
21428,00
75000,00
25000,00
37500,00
50000,00
37500,00
30000,00
15000,00
25000,00
12500,00
25000,00
30000,00
16666,00
25000,00
37500,00
21428,00
21428,00
50000,00
37500,00
37500,00
50000,00
50000,00
30000,00
37500,00
75000,00
150000,00
50000,00
50000,00
150000,00
21428,00
37500,00
75000,00
75000,00
50000,00
50000,00
75000,00
37500,00
75000,00
150000,00
150000,00
75000,00
150000,00
50000,00
75000,00
37500,00
37500,00
37500,00
150000,00
75000,00
37500,00
150000,00
30000,00
150000,00
50000,00
50000,00
21428,00
18750,00
75000,00
37500,00
50000,00
37500,00
50000,00
75000,00
50000,00
150000,00
37500,00
30000,00
75000,00
150000,00
50000,00
187,00
264,00
254,00
482,00
557,00
576,00
551,00
742,00
495,00
317,00
261,00
335,00
551,00
291,00
592,00
704,00
600,00
588,00
288,00
388,00
231,00
547,00
724,00
427,00
490,00
649,00
352,00
1020,00
1048,00
980,00
1744,00
1595,00
1875,00
2727,00
3061,00
2083,00
1209,00
862,00
1442,00
1875,00
666,00
2000,00
2727,00
2678,00
2307,00
1190,00
1428,00
986,00
2272,00
2631,00
1595,00
1807,00
2343,00
1351,00
2112,00
2380,00
1923,00
4285,00
5172,00
3260,00
3947,00
4687,00
2631,00
2941,00
2542,00
2727,00
5555,00
3571,00
3947,00
5555,00
5000,00
3571,00
1851,00
2205,00
1456,00
3260,00
5172,00
5172,00
2459,00
5172,00
2459,00
2941,00
4054,00
1948,00
5172,00
9375,00
3846,00
4166,00
6250,00
2678,00
3846,00
4545,00
2586,00
7142,00
3125,00
5000,00
5172,00
6250,00
3947,00
2083,00
2941,00
1530,00
3061,00
5000,00
2542,00
2678,00
4285,00
2000,00
10714,00
15000,00
8823,00
10714,00
15000,00
16666,00
9375,00
25000,00
10000,00
10714,00
11538,00
10000,00
21428,00
2500,00
10714,00
13636,00
11538,00
11538,00
8823,00
10000,00
6250,00
15000,00
16666,00
11538,00
13636,00
16666,00
8823,00
10714,00
18750,00
10000,00
21428,00
50000,00
16666,00
21428,00
21428,00
15000,00
21428,00
15000,00
13636,00
30000,00
25000,00
21428,00
16666,00
16666,00
11538,00
10714,00
15000,00
8823,00
16666,00
21428,00
13636,00
13636,00
21428,00
10000,00
4054,00
6521,00
3409,00
8823,00
13636,00
6521,00
7894,00
10000,00
4411,00
7142,00
6818,00
3846,00
10000,00
8823,00
8333,00
7500,00
11538,00
6250,00
2941,00
4411,00
2173,00
5555,00
7894,00
3846,00
4411,00
6250,00
3333,00
16666,00
25000,00
13636,00
21428,00
37500,00
25000,00
30000,00
30000,00
18750,00
21428,00
37500,00
18750,00
37500,00
37500,00
37500,00
25000,00
30000,00
30000,00
13636,00
15000,00
8333,00
21428,00
30000,00
16666,00
21428,00
30000,00
13636,00
15000,00
30000,00
16666,00
50000,00
30000,00
21428,00
37500,00
75000,00
37500,00
30000,00
30000,00
25000,00
30000,00
15000,00
50000,00
30000,00
75000,00
37500,00
15000,00
18750,00
12500,00
30000,00
30000,00
21428,00
25000,00
37500,00
18750,00
1785,00
3191,00
2054,00
6000,00
6250,00
5769,00
5769,00
6521,00
4054,00
3750,00
5000,00
2777,00
7142,00
10000,00
6521,00
5769,00
7894,00
4285,00
2777,00
3333,00
1973,00
5172,00
5555,00
4166,00
3947,00
5000,00
3260,00
6000,00
10000,00
5357,00
18750,00
18750,00
16666,00
10000,00
13636,00
9375,00
13636,00
10714,00
9375,00
37500,00
37500,00
25000,00
10714,00
18750,00
18750,00
7142,00
7894,00
6250,00
10000,00
25000,00
9375,00
10714,00
13636,00
7142,00
6250,00
13636,00
5172,00
25000,00
75000,00
18750,00
13636,00
16666,00
16666,00
12500,00
16666,00
12500,00
25000,00
75000,00
18750,00
13636,00
16666,00
12500,00
8823,00
8823,00
6818,00
18750,00
37500,00
21428,00
10714,00
21428,00
11538,00
12500,00
30000,00
16666,00
37500,00
30000,00
21428,00
25000,00
37500,00
15000,00
21428,00
16666,00
11538,00
75000,00
21428,00
25000,00
25000,00
37500,00
37500,00
13636,00
16666,00
10714,00
16666,00
37500,00
16666,00
18750,00
21428,00
13636,00
30000,00
37500,00
30000,00
37500,00
50000,00
30000,00
25000,00
25000,00
25000,00
30000,00
50000,00
25000,00
50000,00
50000,00
37500,00
30000,00
50000,00
30000,00
37500,00
25000,00
37500,00
75000,00
75000,00
50000,00
50000,00
37500,00
30000,00
30000,00
75000,00
30000,00
50000,00
150000,00
16666,00
18750,00
37500,00
30000,00
37500,00
37500,00
18750,00
75000,00
50000,00
50000,00
30000,00
75000,00
37500,00
21428,00
30000,00
30000,00
75000,00
150000,00
75000,00
75000,00
75000,00
37500,00
21428,00
37500,00
18750,00
30000,00
37500,00
37500,00
37500,00
37500,00
37500,00
37500,00
75000,00
25000,00
50000,00
50000,00
21428,00
50000,00
50000,00
25000,00
21428,00
37500,00
15000,00
37500,00
50000,00
37500,00
21428,00
30000,00
25000,00
50000,00
50000,00
50000,00
75000,00
75000,00
75000,00
75000,00
50000,00
37500,00
75000,00
50000,00
50000,00
150000,00
37500,00
37500,00
75000,00
150000,00
50000,00
37500,00
150000,00
37500,00
150000,00
150000,00
50000,00
50000,00
75000,00
50000,00
25000,00
150000,00
15000,00
150000,00
75000,00
75000,00
25000,00
50000,00
37500,00
75000,00
150000,00
25000,00
150000,00
37500,00
150000,00
75000,00
150000,00
75000,00
50000,00
75000,00
37500,00
150000,00
150000,00
30000,00
75000,00
150000,00
30000,00
882,00
1239,00
1102,00
2884,00
3947,00
2459,00
2205,00
3571,00
2238,00
1500,00
1630,00
1595,00
3846,00
3947,00
3125,00
2884,00
3000,00
2542,00
1376,00
1685,00
961,00
2542,00
3658,00
1785,00
1807,00
2884,00
1546,00
3333,00
3333,00
2884,00
4545,00
5769,00
6000,00
4838,00
7500,00
5555,00
5000,00
5000,00
5357,00
7500,00
7500,00
8823,00
5555,00
7894,00
7894,00
3750,00
5769,00
3658,00
3750,00
13636,00
5357,00
7142,00
10714,00
5555,00
3846,00
5769,00
3947,00
9375,00
21428,00
9375,00
6000,00
13636,00
7142,00
6250,00
5555,00
6000,00
9375,00
11538,00
16666,00
15000,00
6250,00
12500,00
6000,00
6250,00
6521,00
11538,00
11538,00
12500,00
12500,00
13636,00
8333,00
10714,00
8823,00
8823,00
25000,00
37500,00
15000,00
11538,00
15000,00
8823,00
18750,00
10000,00
12500,00
21428,00
15000,00
25000,00
18750,00
15000,00
10714,00
8333,00
10000,00
6250,00
15000,00
21428,00
15000,00
9375,00
12500,00
5357,00
21428,00
21428,00
12500,00
15000,00
30000,00
12500,00
8823,00
21428,00
30000,00
21428,00
16666,00
16666,00
25000,00
12500,00
18750,00
25000,00
25000,00
25000,00
12500,00
16666,00
15000,00
25000,00
37500,00
18750,00
18750,00
21428,00
12500,00
25000,00
50000,00
18750,00
50000,00
150000,00
25000,00
50000,00
37500,00
37500,00
25000,00
37500,00
37500,00
150000,00
37500,00
37500,00
25000,00
25000,00
30000,00
21428,00
21428,00
25000,00
30000,00
150000,00
30000,00
75000,00
37500,00
21428,00
25000,00
25000,00
13636,00
18750,00
25000,00
21428,00
30000,00
37500,00
16666,00
21428,00
25000,00
13636,00
50000,00
50000,00
50000,00
30000,00
37500,00
25000,00
12500,00
18750,00
8823,00
25000,00
50000,00
18750,00
15000,00
25000,00
16666,00
30000,00
37500,00
37500,00
50000,00
75000,00
37500,00
37500,00
75000,00
37500,00
37500,00
50000,00
37500,00
150000,00
150000,00
50000,00
50000,00
37500,00
25000,00
37500,00
150000,00
25000,00
30000,00
75000,00
6000,00
37500,00
75000,00
50000,00
50000,00
150000,00
50000,00
150000,00
75000,00
150000,00
21428,00
37500,00
37500,00
75000,00
75000,00
75000,00
50000,00
50000,00
75000,00
75000,00
150000,00
50000,00
37500,00
150000,00
30000,00
150000,00
50000,00
75000,00
50000,00
50000,00
21428,00
164,00
254,00
196,00
490,00
731,00
520,00
447,00
681,00
462,00
335,00
380,00
317,00
852,00
1020,00
663,00
714,00
931,00
531,00
255,00
337,00
212,00
524,00
753,00
421,00
437,00
574,00
338,00
769,00
1145,00
867,00
1401,00
2380,00
1973,00
1685,00
3061,00
1923,00
1470,00
1428,00
1428,00
2631,00
3571,00
2419,00
2777,00
3750,00
2083,00
1071,00
1351,00
862,00
1973,00
3000,00
1442,00
1829,00
1898,00
1282,00
1181,00
2083,00
1428,00
3061,00
3750,00
2777,00
2777,00
4054,00
2500,00
2380,00
2586,00
2205,00
4838,00
5555,00
3488,00
4285,00
5357,00
3191,00
1428,00
1898,00
1239,00
3000,00
4545,00
2307,00
2678,00
3191,00
1807,00
2727,00
3488,00
2027,00
5357,00
6521,00
3333,00
4054,00
5555,00
2777,00
3260,00
4838,00
2205,00
6521,00
6250,00
4285,00
4545,00
7500,00
3191,00
1875,00
2343,00
1363,00
3061,00
4687,00
2343,00
2678,00
3488,00
1973,00
7894,00
10000,00
7142,00
13636,00
15000,00
16667,00
8824,00
16668,00
10001,00
10716,00
12502,00
10002,00
25007,00
12504,00
16672,00
8337,00
25011,00
10004,00
7898,00
11545,00
4841,00
15009,00
21442,00
10006,00
10007,00
13647,00
6255,00
12512,00
21451,00
11551,00
30036,00
21455,00
16687,00
18774,00
25032,00
16688,00
12516,00
18775,00
11554,00
30041,00
25034,00
30041,00
18776,00
21459,00
16690,00
9388,00
10014,00
7906,00
15024,00
16693,00
11557,00
15026,00
13660,00
8348,00
4174,00
7156,00
3339,00
7911,00
13664,00
6263,00
6832,00
9395,00
4175,00
4849,00
8352,00
3341,00
10739,00
10740,00
6265,00
6265,00
10740,00
5370,00
3132,00
4066,00
2149,00
5573,00
7920,00
3859,00
4300,00
6543,00
3135,00
13683,00
25087,00
12543,00
21504,00
37632,00
16725,00
25088,00
30107,00
18816,00
16726,00
16727,00
13687,00
30111,00
50185,00
30114,00
15058,00
50196,00
25098,00
13690,00
18825,00
10040,00
21517,00
21519,00
13694,00
18830,00
21519,00
11587,00
8861,00
30130,00
15065,00
37662,00
50217,00
37665,00
37665,00
30133,00
21525,00
25114,00
25115,00
18836,00
25116,00
30142,00
30143,00
30144,00
37682,00
18841,00
18841,00
15073,00
10767,00
30158,00
30159,00
21542,00
15079,00
18850,00
7540,00
178,00
735,00
288,00
1493,00
3078,00
1589,00
640,00
1736,00
807,00
962,00
1218,00
927,00
2962,00
3598,00
2325,00
2159,00
2906,00
1865,00
436,00
1008,00
421,00
1644,00
2363,00
1364,00
797,00
1646,00
784,00











































































































































































































































































































































































































































































































































































































































































































































































































































































































































































































































































































































































































































































































































































































































































































































































































































































































































































































































































































































































19564,00
31305,00
26088,00
52177,00
156533,00
52178,00
39134,00
52181,00
17393,00
22363,00
39137,00
14232,00
39141,00
31314,00
52196,00
31320,00
78297,00
15661,00
14,00
36,00
19,00
61,00
113,00
75,00
44,00
118,00
56,00
42,00
56,00
47,00
120,00
146,00
138,00
120,00
184,00
140,00
25,00
57,00
25,00
102,00
181,00
102,00
56,00
152,00
54,00
90,00
170,00
108,00
186,00
416,00
236,00
324,00
630,00
383,00
195,00
248,00
236,00
505,00
513,00
544,00
647,00
878,00
692,00
154,00
274,00
155,00
400,00
718,00
381,00
456,00
738,00
395,00
116,00
281,00
131,00
523,00
966,00
648,00
283,00
828,00
322,00
326,00
451,00
351,00
1117,00
1641,00
1133,00
856,00
1335,00
991,00
141,00
341,00
139,00
829,00
1347,00
716,00
294,00
847,00
223,00
561,00
1126,00
758,00
1695,00
2767,00
1433,00
1546,00
2390,00
1242,00
1223,00
1531,00
1031,00
2587,00
2675,00
1901,00
1925,00
2871,00
1463,00
778,00
1039,00
581,00
1328,00
1859,00
1105,00
1129,00
1550,00
823,00
1614,00
3594,00
2510,00
4652,00
6328,00
5274,00
3955,00
7911,00
3956,00
3516,00
4396,00
3860,00
5861,00
4165,00
6088,00
5862,00
6592,00
4394,00
2472,00
3679,00
1977,00
4654,00
5651,00
3516,00
3859,00
4522,00
2473,00
2827,00
6089,00
3231,00
8796,00
15834,00
7541,00
4658,00
10558,00
5279,00
5109,00
7542,00
4525,00
11314,00
17602,00
9319,00
7544,00
7922,00
6338,00
2989,00
5282,00
2598,00
7204,00
11321,00
5112,00
3445,00
8342,00
2438,00
838,00
2331,00
1071,00
2935,00
4403,00
2086,00
2233,00
4172,00
1801,00
2086,00
3303,00
1687,00
3524,00
5469,00
2883,00
3050,00
4287,00
2299,00
1117,00
1762,00
839,00
2173,00
3111,00
1619,00
1555,00
2518,00
1037,00
4959,00
11337,00
4290,00
7215,00
13228,00
9338,00
8820,00
15877,00
7217,00
6106,00
15878,00
6903,00
10585,00
10586,00
12214,00
10586,00
19854,00
7220,00
4813,00
7942,00
3054,00
8360,00
12219,00
6109,00
6619,00
10591,00
5125,00
2604,00
10593,00
3381,00
12225,00
12225,00
8830,00
4816,00
15895,00
3784,00
7947,00
19870,00
7948,00
19872,00
14456,00
14456,00
8372,00
12236,00
6628,00
2892,00
7956,00
2210,00
7234,00
8376,00
6631,00
1872,00
6123,00
356,00
