
























































































































































































































































































































































































































































































































































































































































































































































































































































































































































































































































































































































































































































































































































































































































































































































































































































































































































































































































































































































































































































































































































































































































































2920,00
261,00
873,00
2086,00
619,00
2005,00
3933,00
426,00
1345,00
2622,00
295,00
956,00
956,00
2005,00
956,00
2006,00
426,00
1346,00
2624,00
294,00
956,00
2006,00
588,00
1574,00
2496,00
377,00
1044,00
2924,00
261,00
874,00
2088,00
616,00
2007,00
3937,00
426,00
1346,00
2624,00
295,00
956,00
2007,00
832,00
1218,00
1218,00
1528,00
1218,00
1528,00
401,00
975,00
1279,00
3413,00
6023,00
5389,00
2925,00
5689,00
8535,00
2133,00
3200,00
5690,00
3012,00
9311,00
9311,00
3012,00
5121,00
6828,00
1829,00
3304,00
7317,00
73171,00
98,00
485,00
40,00
93,00
385,00
33,00
84,00
288,00
595,00
1151,00
2134,00
219,00
478,00
1863,00
212,00
613,00
1680,00
770,00
1898,00
2563,00
500,00
1251,00
2279,00
394,00
1221,00
2051,00
468,00
814,00
1103,00
144,00
197,00
941,00
135,00
261,00
783,00
1368,00
2387,00
5705,00
464,00
626,00
4667,00
796,00
1630,00
4890,00
2013,00
4465,00
7335,00
1580,00
1834,00
5135,00
1446,00
2233,00
7338,00
718,00
997,00
1141,00
526,00
1081,00
1467,00
363,00
828,00
925,00
2335,00
5708,00
3951,00
1741,00
3210,00
7338,00
1580,00
3211,00
3425,00
3022,00
6422,00
7904,00
2506,00
4110,00
5709,00
2704,00
5408,00
5138,00
76,00
173,00
280,00
38,00
85,00
263,00
25,00
55,00
169,00
521,00
894,00
1181,00
284,00
590,00
1371,00
202,00
519,00
1155,00
642,00
1408,00
1940,00
395,00
836,00
1804,00
262,00
550,00
1428,00
303,00
457,00
601,00
122,00
193,00
525,00
91,00
173,00
398,00
1255,00
2100,00
2781,00
791,00
1143,00
2858,00
677,00
1372,00
2237,00
1715,00
3320,00
3549,00
1131,00
1906,00
3320,00
971,00
1715,00
4475,00
423,00
547,00
631,00
351,00
609,00
768,00
201,00
441,00
530,00
1774,00
2709,00
2941,00
1391,00
2709,00
4117,00
1061,00
1980,00
2860,00
2340,00
4904,00
4477,00
1609,00
2860,00
5420,00
5420,00
1514,00
5149,00
3551,00
4478,00
5421,00
3121,00
5150,00
7923,00
1872,00
3322,00
4905,00
6439,00
6439,00
20605,00
6060,00
9366,00
17171,00
4479,00
4479,00
7927,00
6441,00
14723,00
20613,00
8588,00
25767,00
20614,00
5726,00
14725,00
20615,00
7928,00
7362,00
11453,00
1840,00
6442,00
8590,00
4123,00
6442,00
9371,00
17181,00
17181,00
25772,00
25772,00
11455,00
25775,00
20620,00
20620,00
14730,00
20622,00
20622,00
34370,00
7931,00
7365,00
14732,00
34374,00
25781,00
25781,00
6875,00
10314,00
12893,00
8595,00
12893,00
10315,00
6447,00
6447,00
9378,00
12896,00
51584,00
103177,00
25794,00
103180,00
51590,00
17197,00
20638,00
20639,00
25798,00
25799,00
51599,00
34400,00
34400,00
51605,00
17201,00
34404,00
20643,00
3440,00
4488,00
4915,00
3441,00
3970,00
5161,00
2150,00
3560,00
3687,00
9385,00
10324,00
12905,00
4488,00
5735,00
20649,00
3226,00
6073,00
14750,00
14750,00
14750,00
11472,00
10325,00
14750,00
25813,00
9386,00
10326,00
25815,00
7943,00
9387,00
14751,00
4489,00
4130,00
9387,00
5737,00
7376,00
11474,00
34423,00
25817,00
51635,00
5737,00
3129,00
20654,00
14754,00
17213,00
34427,00
103286,00
25821,00
103286,00
20657,00
12910,00
34429,00
20658,00
34432,00
103296,00
5436,00
7946,00
11477,00
6077,00
9392,00
14759,00
5739,00
6457,00
8611,00
25834,00
34446,00
51669,00
14762,00
20668,00
34447,00
12917,00
20669,00
34450,00
17225,00
34452,00
51678,00
20671,00
34453,00
103394,00
20679,00
51697,00
103400,00
1782,00
2247,00
2651,00
1951,00
3042,00
3232,00
1231,00
1880,00
2350,00
6465,00
10344,00
8620,00
6084,00
11493,00
14777,00
3448,00
5444,00
8620,00
10345,00
12931,00
20690,00
10345,00
17242,00
10348,00
5749,00
11498,00
11498,00
3696,00
4704,00
5750,00
4140,00
4500,00
4704,00
3136,00
4501,00
5177,00
11504,00
34522,00
34523,00
7398,00
25893,00
34532,00
6475,00
8634,00
25902,00
14801,00
12951,00
34537,00
10361,00
10362,00
11513,00
14803,00
10362,00
25905,00
3985,00
5454,00
5757,00
4318,00
6096,00
6909,00
3454,00
4145,00
4711,00
17275,00
20729,00
25911,00
8637,00
25911,00
20730,00
9423,00
17277,00
20733,00
20733,00
34555,00
103667,00
20733,00
25917,00
51835,00
12959,00
25919,00
34558,00
6913,00
11521,00
20740,00
7407,00
12963,00
17285,00
4714,00
8642,00
10371,00
14816,00
25928,00
25929,00
20745,00
51866,00
34578,00
7980,00
51877,00
14822,00
9432,00
20750,00
25938,00
12970,00
51883,00
103767,00
25944,00
20757,00
12973,00
20757,00
25947,00
51894,00
51897,00
25948,00
103800,00
9436,00
25950,00
20760,00
34601,00
34601,00
51902,00
0,57
0,57
103824,00
0,57
51915,00
51918,00
17306,00
25959,00
34612,00
17308,00
51925,00
103853,00
14836,00
20770,00
51929,00
34632,00
25974,00
51949,00
25974,00
51949,00
51949,00
11544,00
20780,00
20783,00
51959,00
51994,00
51996,00
34665,00
51998,00
34668,00
104005,00
20801,00
34670,00
52005,00
0,57
34670,00
0,57
0,57
52008,00
34672,00
26006,00
20807,00
8669,00
13004,00
13004,00
6936,00
13006,00
8674,00
5205,00
8008,00
7436,00
26027,00
26027,00
20822,00
52059,00
52059,00
34708,00
10412,00
26032,00
26032,00
13016,00
14875,00
52065,00
9466,00
52067,00
17355,00
26035,00
34713,00
104142,00
20829,00
26036,00
34716,00
17358,00
14878,00
26037,00
11572,00
34717,00
26051,00
26051,00
104214,00
0,57
0,57
0,57
0,57
104225,00
104225,00
0,57
52114,00
52115,00
52116,00
104235,00
0,57
52126,00
34750,00
52127,00
0,57
34752,00
34752,00
52131,00
20852,00
52131,00
20852,00
17377,00
26066,00
26066,00
0,57
104268,00
52134,00
34756,00
52140,00
104283,00
26073,00
52148,00
9485,00
104352,00
0,57
104354,00
20871,00
34786,00
52181,00
104374,00
0,57
0,57
6524,00
6524,00
8030,00
6141,00
9491,00
8700,00
4015,00
4746,00
7458,00
26106,00
20884,00
34808,00
20887,00
26110,00
34814,00
8703,00
17407,00
17409,00
11606,00
20891,00
34819,00
13057,00
20891,00
26115,00
8035,00
20892,00
34820,00
13057,00
14923,00
20893,00
14924,00
34824,00
26118,00
8710,00
13065,00
17420,00
104525,00
104526,00
52263,00
52264,00
104530,00
0,57
20906,00
52268,00
104537,00
52269,00
52270,00
52270,00
0,57
0,57
52275,00
32232,00
34851,00
52277,00
13069,00
17427,00
26142,00
20922,00
26153,00
26153,00
11624,00
13077,00
20925,00
104627,00
52318,00
104637,00
104637,00
104638,00
104641,00
52323,00
52323,00
52323,00
104652,00
104652,00
104654,00
104667,00
0,57
104670,00
34890,00
52335,00
34890,00
844,00
1125,00
1453,00
671,00
781,00
1661,00
523,00
997,00
1189,00
2554,00
4027,00
5817,00
1745,00
2053,00
6545,00
1662,00
3080,00
5236,00
6161,00
4760,00
8728,00
2619,00
2756,00
5820,00
1689,00
3379,00
6550,00
2055,00
1941,00
3082,00
1663,00
1612,00
2995,00
1127,00
2439,00
3085,00
4560,00
5520,00
10489,00
3618,00
3385,00
6996,00
4373,00
8073,00
9555,00
7007,00
7007,00
17520,00
3504,00
2841,00
6571,00
3504,00
7009,00
13143,00
2237,00
3186,00
3505,00
2696,00
3193,00
4581,00
2242,00
2848,00
3099,00
8784,00
15058,00
13176,00
7530,00
6201,00
11713,00
7028,00
7530,00
11714,00
8110,00
8786,00
21091,00
9587,00
8112,00
9587,00
7533,00
11718,00
11718,00
769,00
1004,00
1335,00
366,00
359,00
1464,00
355,00
592,00
1172,00
1953,00
2152,00
4794,00
941,00
950,00
4586,00
1076,00
1701,00
4220,00
3768,00
3768,00
5277,00
2294,00
2638,00
5278,00
2575,00
4223,00
6598,00
1649,00
1992,00
2778,00
748,00
443,00
2346,00
851,00
1088,00
2640,00
4591,00
3771,00
13201,00
1257,00
484,00
5280,00
2708,00
2295,00
11735,00
8124,00
5867,00
13203,00
4592,00
2576,00
6602,00
4801,00
7042,00
8808,00
2072,00
2458,00
2782,00
1957,00
3109,00
4229,00
1733,00
2349,00
2857,00
5035,00
6219,00
11748,00
4806,00
4405,00
9612,00
5288,00
4808,00
8136,00
9616,00
11753,00
17629,00
8820,00
8820,00
21170,00
15121,00
13231,00
35284,00
411,00
545,00
665,00
288,00
425,00
795,00
222,00
357,00
594,00
1764,00
2406,00
2786,00
1216,00
1707,00
3415,00
1048,00
1764,00
2582,00
2861,00
3651,00
4813,00
1890,00
2647,00
4413,00
1557,00
2862,00
5296,00
980,00
1261,00
1358,00
623,00
642,00
1826,00
566,00
840,00
1341,00
3924,00
3924,00
7569,00
2584,00
1999,00
5298,00
2162,00
3117,00
6237,00
5891,00
6237,00
7574,00
5581,00
4418,00
6627,00
3656,00
4418,00
8838,00
1060,00
1473,00
1607,00
1247,00
1537,00
1894,00
914,00
1192,00
1433,00
5052,00
7073,00
8162,00
4613,00
6241,00
5584,00
5306,00
6242,00
6632,00
7074,00
13265,00
13266,00
8164,00
8165,00
13268,00
9650,00
9650,00
11794,00
6244,00
9651,00
10616,00
8847,00
8847,00
11796,00
6245,00
6635,00
8852,00
35411,00
15178,00
53127,00
15179,00
15182,00
106280,00
17715,00
35430,00
53146,00
106293,00
53161,00
106323,00
21265,00
13290,00
53163,00
26581,00
17721,00
35442,00
17721,00
21266,00
21266,00
11815,00
15191,00
21267,00
17723,00
15192,00
21269,00
0,57
26586,00
106433,00
21286,00
8187,00
21286,00
35477,00
11825,00
106433,00
35477,00
0,57
106436,00
106436,00
17739,00
21287,00
53220,00
106441,00
35481,00
13305,00
35482,00
53238,00
21295,00
26624,00
35499,00
21303,00
26629,00
21305,00
106525,00
106525,00
0,57
0,57
26635,00
106547,00
26636,00
0,57
35521,00
106565,00
53282,00
53283,00
26644,00
21315,00
106576,00
53294,00
106589,00
106589,00
5921,00
10659,00
13323,00
7613,00
8199,00
13324,00
6662,00
8882,00
11843,00
21318,00
21318,00
35533,00
11845,00
8883,00
106607,00
13325,00
10660,00
26651,00
35536,00
106608,00
53305,00
21322,00
13327,00
53310,00
53310,00
35540,00
106620,00
15232,00
21325,00
26657,00
8885,00
3554,00
17771,00
11847,00
17773,00
17773,00
35547,00
8886,00
21328,00
3677,00
337,00
9695,00
21332,00
7618,00
17777,00
106664,00
35554,00
26666,00
0,57
13333,00
106670,00
35557,00
0,57
35560,00
17781,00
21338,00
35563,00
21339,00
11855,00
53355,00
13339,00
17786,00
26680,00
35574,00
21344,00
35574,00
35574,00
21344,00
53363,00
26681,00
26683,00
53366,00
35577,00
106734,00
106744,00
53375,00
35583,00
106751,00
35585,00
53384,00
21353,00
3681,00
3681,00
5084,00
4449,00
7119,00
8899,00
2810,00
4643,00
5085,00
17801,00
17801,00
21362,00
10682,00
13353,00
35608,00
7630,00
15260,00
17811,00
35623,00
35624,00
53437,00
35625,00
21375,00
53438,00
11875,00
21376,00
26720,00
9716,00
17814,00
15269,00
15269,00
8222,00
17827,00
8914,00
9725,00
11886,00
35665,00
17833,00
53504,00
21405,00
6295,00
10706,00
26766,00
11896,00
53536,00
53538,00
53538,00
0,57
107078,00
17846,00
17847,00
35694,00
21416,00
53542,00
8923,00
13385,00
15299,00
10709,00
11899,00
17849,00
7140,00
9736,00
11900,00
35702,00
21421,00
53557,00
26778,00
15302,00
53559,00
35706,00
15303,00
21424,00
53565,00
107130,00
107133,00
53566,00
35711,00
53568,00
35712,00
21428,00
35715,00
26787,00
53574,00
35716,00
26787,00
17858,00
107149,00
15307,00
17858,00
21430,00
26787,00
0,57
26787,00
26787,00
107158,00
26789,00
107168,00
0,57
53584,00
0,57
53586,00
0,57
107180,00
35727,00
107182,00
35731,00
35731,00
35731,00
21439,00
26799,00
107197,00
35732,00
53599,00
53600,00
26805,00
35740,00
53616,00
53616,00
107249,00
107252,00
107263,00
0,57
0,57
53635,00
107270,00
0,57
0,57
26819,00
107279,00
107279,00
17880,00
107281,00
35760,00
35760,00
53641,00
53641,00
107283,00
107294,00
53647,00
35765,00
0,57
26825,00
53654,00
53654,00
0,57
107312,00
0,57
53662,00
53662,00
107333,00
53666,00
107334,00
107337,00
53669,00
0,57
107338,00
53669,00
0,57
53670,00
107343,00
53671,00
107346,00
26836,00
35782,00
35782,00
35782,00
107348,00
107348,00
26837,00
53674,00
35783,00
35783,00
26838,00
107352,00
0,57
53676,00
0,57
26841,00
21473,00
0,57
0,57
0,57
0,57
35789,00
53686,00
107385,00
107385,00
107386,00
0,57
53699,00
107398,00
107402,00
53704,00
35804,00
53707,00
107416,00
107428,00
53714,00
53714,00
0,57
0,57
35810,00
35813,00
53723,00
107446,00
107446,00
0,57
107449,00
107449,00
107462,00
53732,00
35821,00
107472,00
35824,00
53737,00
0,57
107497,00
53749,00
53750,00
107501,00
0,57
53755,00
107514,00
53757,00
53757,00
26878,00
26879,00
0,57
107523,00
53762,00
107524,00
17920,00
35842,00
107526,00
26882,00
107529,00
107536,00
35845,00
26885,00
35847,00
107542,00
0,57
0,57
15363,00
15364,00
17925,00
21510,00
17926,00
35855,00
11951,00
17927,00
10757,00
35858,00
107574,00
35859,00
107578,00
53796,00
26898,00
26899,00
107599,00
35866,00
107600,00
107603,00
0,57
0,57
35871,00
0,57
53807,00
107615,00
107615,00
35871,00
53807,00
107615,00
107616,00
21523,00
107620,00
21524,00
15375,00
26906,00
107630,00
0,57
0,57
0,57
53818,00
0,57
107647,00
26919,00
53840,00
107680,00
26922,00
53850,00
107701,00
53851,00
107710,00
53855,00
21544,00
107723,00
35909,00
53865,00
107731,00
107750,00
53875,00
53876,00
35917,00
21550,00
53878,00
0,57
0,57
107767,00
107768,00
0,57
0,57
0,57
53886,00
53886,00
107772,00
0,57
53886,00
107772,00
21556,00
0,57
107782,00
35927,00
107782,00
929,00
1146,00
1347,00
962,00
1347,00
1497,00
753,00
979,00
1158,00
3477,00
4899,00
4899,00
4311,00
4900,00
5390,00
2507,00
4146,00
4901,00
3369,00
7188,00
4313,00
2246,00
5134,00
4313,00
1996,00
4313,00
6739,00
1996,00
2344,00
2765,00
2156,00
2837,00
3594,00
1659,00
2114,00
2838,00
8987,00
11986,00
11986,00
9807,00
6742,00
10788,00
7192,00
8990,00
13486,00
8299,00
8991,00
15414,00
4150,00
3996,00
8993,00
5995,00
6348,00
13491,00
2036,00
2698,00
3854,00
2453,00
3598,00
4151,00
1686,00
2453,00
2840,00
8304,00
8996,00
8304,00
10795,00
8996,00
8996,00
6747,00
6350,00
10796,00
10796,00
11996,00
13496,00
8305,00
8305,00
6748,00
9816,00
10798,00
13498,00
674,00
870,00
915,00
863,00
1048,00
1161,00
650,00
830,00
857,00
2842,00
5143,00
5684,00
3724,00
4752,00
5870,00
2376,00
3838,00
4536,00
4990,00
7677,00
5545,00
3219,00
5872,00
5546,00
4537,00
6655,00
7130,00
1512,00
1884,00
2080,00
2080,00
2628,00
3329,00
1427,00
1849,00
1921,00
9082,00
7135,00
5550,00
12488,00
7136,00
11100,00
5876,00
8326,00
14273,00
9083,00
14274,00
12490,00
9992,00
5877,00
12490,00
8327,00
14275,00
24981,00
1665,00
2039,00
2498,00
1921,00
2939,00
3331,00
1561,00
1817,00
2172,00
7688,00
9086,00
11105,00
9088,00
9997,00
8331,00
6248,00
9089,00
12498,00
9089,00
14284,00
16665,00
9090,00
12501,00
10000,00
10001,00
16670,00
10003,00
386,00
467,00
518,00
488,00
599,00
645,00
369,00
454,00
532,00
1516,00
2223,00
2327,00
2224,00
2327,00
2944,00
1371,00
1820,00
2176,00
3452,00
4551,00
5889,00
2384,00
4353,00
5562,00
1726,00
3337,00
4172,00
752,00
1138,00
1236,00
982,00
1284,00
1757,00
821,00
1065,00
1178,00
4007,00
5273,00
6681,00
5011,00
6265,00
6265,00
3038,00
4558,00
5278,00
8359,00
7716,00
9119,00
4179,00
6270,00
5574,00
4362,00
4181,00
8362,00
888,00
1127,00
1320,00
1127,00
1593,00
1894,00
865,00
1068,00
1181,00
4563,00
6274,00
10039,00
6275,00
6694,00
9129,00
3586,00
4782,00
6276,00
10043,00
9130,00
9130,00
10043,00
12555,00
11161,00
7726,00
10044,00
14352,00
7728,00
11162,00
14352,00
9133,00
14352,00
10048,00
5582,00
7177,00
10049,00
50251,00
50251,00
50253,00
33502,00
25126,00
16751,00
25127,00
20102,00
50255,00
50256,00
25129,00
0,57
50264,00
25134,00
50268,00
50268,00
50268,00
50269,00
20107,00
25134,00
25134,00
20107,00
20108,00
33515,00
10054,00
16758,00
25138,00
100555,00
25138,00
33540,00
20124,00
33541,00
25156,00
16770,00
25164,00
33552,00
50330,00
33553,00
100667,00
7746,00
16783,00
20140,00
100702,00
20140,00
33577,00
16789,00
25185,00
33581,00
20149,00
16791,00
33584,00
10075,00
16794,00
20155,00
33597,00
25198,00
33601,00
25201,00
33602,00
33604,00
25204,00
33606,00
50410,00
25205,00
33608,00
25206,00
50416,00
25208,00
33612,00
50418,00
25211,00
25211,00
5602,00
8404,00
10086,00
7759,00
8406,00
10087,00
5043,00
7759,00
9170,00
25220,00
50442,00
50445,00
14413,00
50446,00
100903,00
33636,00
33636,00
50458,00
100916,00
50458,00
50458,00
33639,00
33639,00
100924,00
33641,00
100924,00
100924,00
12615,00
25232,00
20186,00
25232,00
25232,00
33644,00
11215,00
20188,00
25237,00
100971,00
50485,00
12621,00
0,57
25245,00
50493,00
33662,00
33662,00
100988,00
0,57
0,57
25252,00
50507,00
14430,00
25253,00
0,57
101014,00
101014,00
16835,00
25253,00
33673,00
16838,00
33676,00
33679,00
16840,00
25260,00
25260,00
50529,00
50530,00
33687,00
101071,00
101080,00
33693,00
101091,00
33697,00
0,57
0,57
0,57
50558,00
50558,00
0,57
0,57
0,57
0,57
101138,00
3371,00
4817,00
5950,00
3890,00
5620,00
7781,00
2890,00
3890,00
4398,00
11242,00
20237,00
14455,00
25301,00
25303,00
20243,00
11246,00
20243,00
16869,00
25304,00
33739,00
33740,00
50618,00
50621,00
33748,00
12656,00
25313,00
33753,00
7232,00
12657,00
14465,00
11251,00
11251,00
16877,00
6751,00
7789,00
7790,00
25317,00
50636,00
101272,00
25318,00
50637,00
20255,00
20255,00
14469,00
33762,00
101286,00
101298,00
50649,00
16884,00
20261,00
4604,00
20262,00
14476,00
16889,00
10134,00
14478,00
20269,00
11261,00
16891,00
14478,00
7796,00
7796,00
10135,00
50677,00
50679,00
101359,00
50682,00
33790,00
50689,00
33793,00
14482,00
50691,00
101399,00
0,57
50699,00
25349,00
101404,00
101404,00
50702,00
101404,00
50715,00
33811,00
50717,00
101442,00
25362,00
33819,00
50730,00
12683,00
20293,00
33822,00
50733,00
101469,00
50735,00
101471,00
101472,00
0,57
50741,00
101483,00
101484,00
101484,00
101494,00
101498,00
50751,00
0,57
0,57
20301,00
101505,00
101506,00
33835,00
50753,00
101507,00
101508,00
101509,00
50756,00
25379,00
50758,00
50758,00
0,57
101519,00
101519,00
0,57
0,57
101522,00
101522,00
0,57
0,57
0,57
50763,00
101528,00
0,57
101529,00
0,57
25384,00
33846,00
101542,00
50774,00
50774,00
33849,00
101550,00
101555,00
101561,00
14508,00
50781,00
33854,00
0,57
0,57
0,57
50795,00
50795,00
50795,00
101590,00
0,57
101590,00
0,57
0,57
101590,00
50798,00
0,57
0,57
101611,00
50807,00
50807,00
20324,00
33875,00
50815,00
25408,00
50817,00
50818,00
25409,00
25409,00
33879,00
50819,00
101639,00
101648,00
50828,00
0,57
50828,00
33886,00
0,57
0,57
0,57
101697,00
50850,00
50852,00
50853,00
33902,00
101708,00
0,57
50855,00
101717,00
101738,00
101739,00
50871,00
101743,00
101748,00
101750,00
101750,00
50878,00
0,57
0,57
0,57
0,57
0,57
0,57
0,57
0,57
0,57
0,57
0,57
0,57
101809,00
101809,00
25452,00
101811,00
101814,00
50912,00
101826,00
50913,00
50915,00
50919,00
50919,00
101840,00
101840,00
101846,00
101850,00
0,57
0,57
0,57
101857,00
101858,00
33954,00
0,57
0,57
33954,00
50931,00
101863,00
33955,00
50933,00
33955,00
33956,00
101869,00
0,57
50934,00
14553,00
14553,00
20374,00
14553,00
33961,00
33961,00
8490,00
12735,00
12735,00
101885,00
20379,00
50952,00
101906,00
101906,00
0,57
101936,00
101936,00
50969,00
101943,00
50972,00
0,57
0,57
33983,00
50974,00
50974,00
33983,00
33983,00
33985,00
33985,00
50978,00
50978,00
101973,00
101973,00
16995,00
25493,00
33991,00
50987,00
0,57
101978,00
0,57
101979,00
101979,00
33993,00
25494,00
101979,00
101981,00
50990,00
33997,00
0,57
101999,00
34000,00
34000,00
20400,00
102002,00
51001,00
102002,00
102004,00
51006,00
102013,00
102013,00
34005,00
34005,00
51008,00
51009,00
51009,00
102018,00
102018,00
0,57
0,57
102033,00
25508,00
102034,00
102034,00
0,57
20408,00
102045,00
102046,00
102046,00
51023,00
20411,00
25514,00
42,00
198,00
212,00
42,00
140,00
292,00
15,00
84,00
114,00
371,00
903,00
1215,00
249,00
858,00
1501,00
132,00
570,00
896,00
248,00
1246,00
964,00
256,00
920,00
1202,00
103,00
615,00
521,00
















































































































































































































































































































































































































































































































































































































































































































































































































































































































































































































































































































































































































































































































































































































































































































































































































































































































































































































































































































































































































































































































































































































































