




























































































































































































































































































































































































































































































































































































































































































































































































































































































































































































































































































































































































































































































































































































































































































































































































































































































































































































































































































































































































































































































































































































































































































































































































6486,00
7414,00
4943,00
8650,00
8650,00
5768,00
11536,00
8652,00
6489,00
11536,00
11537,00
9439,00
8653,00
6923,00
6490,00
14835,00
14835,00
6923,00
17310,00
14837,00
11540,00
6924,00
7989,00
5466,00
12983,00
11540,00
7419,00
14838,00
10386,00
7990,00
12984,00
8657,00
7420,00
14840,00
17314,00
11544,00
12987,00
20780,00
11544,00
12989,00
20783,00
10392,00
17319,00
25979,00
11546,00
20784,00
25980,00
14846,00
144,00
98,00
52,00
290,00
179,00
101,00
587,00
483,00
234,00
590,00
285,00
176,00
1019,00
417,00
265,00
1463,00
1222,00
758,00
1443,00
1506,00
873,00
1999,00
2598,00
1315,00
2598,00
2809,00
1761,00
1599,00
1999,00
1050,00
2121,00
2735,00
1506,00
2888,00
3585,00
2079,00
2810,00
3585,00
2122,00
3851,00
5198,00
2888,00
3713,00
6932,00
3354,00
2536,00
3713,00
1999,00
4159,00
5777,00
2666,00
5777,00
6499,00
3851,00
2599,00
4521,00
2212,00
3714,00
4521,00
2888,00
4727,00
6933,00
3586,00
4000,00
6118,00
3586,00
6500,00
9455,00
5474,00
6500,00
11557,00
6118,00
4953,00
5779,00
3587,00
6502,00
8003,00
4954,00
8003,00
13005,00
6120,00
1030,00
1083,00
642,00
1268,00
1369,00
954,00
2972,00
2812,00
1793,00
3153,00
2537,00
1625,00
4954,00
2419,00
2601,00
5781,00
5203,00
4336,00
5781,00
4955,00
3716,00
6938,00
6938,00
4336,00
10408,00
8673,00
6939,00
6124,00
5479,00
4004,00
1531,00
6507,00
3155,00
13015,00
14874,00
8677,00
11569,00
13015,00
5206,00
13016,00
13016,00
6125,00
17355,00
34710,00
11570,00
10413,00
13016,00
9467,00
7438,00
8678,00
7438,00
17357,00
10414,00
14879,00
10415,00
7439,00
6510,00
11574,00
10417,00
8680,00
17362,00
11575,00
13022,00
11575,00
11575,00
10418,00
14883,00
26045,00
10417,00
20838,00
14884,00
17365,00
17365,00
14884,00
10419,00
17365,00
26050,00
13025,00
26050,00
17367,00
20841,00
766,00
400,00
293,00
755,00
427,00
359,00
1966,00
1708,00
1011,00
2481,00
1063,00
875,00
2171,00
620,00
891,00
5487,00
3363,00
2172,00
3596,00
4966,00
2370,00
3725,00
5794,00
2483,00
6519,00
7451,00
4741,00
4967,00
5490,00
2483,00
5216,00
3598,00
3365,00
8026,00
13042,00
6137,00
6521,00
5217,00
4536,00
7453,00
2046,00
4537,00
14908,00
15044,00
10435,00
8696,00
13045,00
5797,00
7454,00
9487,00
8697,00
17394,00
26092,00
13046,00
8028,00
9488,00
5493,00
8028,00
14910,00
6139,00
9488,00
20875,00
8698,00
13047,00
10438,00
7456,00
14912,00
20879,00
13050,00
10442,00
20885,00
13053,00
13053,00
17406,00
8703,00
13055,00
26111,00
13055,00
20893,00
52233,00
17411,00
164,00
89,00
50,00
227,00
110,00
72,00
512,00
452,00
233,00
555,00
227,00
160,00
746,00
165,00
168,00
1161,00
950,00
710,00
1259,00
1493,00
715,00
1771,00
1742,00
901,00
2177,00
2680,00
1537,00
1537,00
1686,00
995,00
1834,00
2133,00
977,00
2489,00
2987,00
1660,00
2092,00
2753,00
1453,00
3375,00
2615,00
1974,00
4549,00
7474,00
3608,00
2616,00
3488,00
1938,00
3270,00
4550,00
2325,00
5233,00
7475,00
3488,00
2492,00
3876,00
1974,00
3376,00
4758,00
2829,00
4552,00
5510,00
3377,00
3739,00
6544,00
3079,00
3878,00
6159,00
3739,00
5817,00
13090,00
5511,00
4760,00
5818,00
2830,00
6161,00
7482,00
4761,00
7482,00
11638,00
6546,00
1775,00
1870,00
979,00
2182,00
2686,00
1415,00
3379,00
3273,00
2381,00
3379,00
3612,00
2494,00
4365,00
4762,00
3613,00
6163,00
5239,00
2993,00
3880,00
4763,00
2556,00
6164,00
8062,00
4990,00
8734,00
13102,00
5823,00
4192,00
6551,00
2687,00
8063,00
8063,00
4765,00
11648,00
11648,00
6552,00
8064,00
7488,00
4992,00
11649,00
14978,00
8737,00
14979,00
17477,00
11652,00
11652,00
8739,00
5243,00
13109,00
20975,00
8067,00
14984,00
17482,00
17483,00
6993,00
6556,00
4995,00
8741,00
8069,00
5521,00
8741,00
10490,00
6556,00
9536,00
13113,00
8742,00
14988,00
14988,00
9538,00
13115,00
17487,00
14989,00
9538,00
17487,00
7494,00
17488,00
20986,00
14990,00
14990,00
34977,00
20986,00
1179,00
826,00
446,00
1153,00
1264,00
576,00
2332,00
1640,00
1206,00
2018,00
1693,00
1206,00
2142,00
2999,00
1544,00
3281,00
2763,00
2692,00
2333,00
3182,00
1666,00
2838,00
4375,00
2625,00
5001,00
7001,00
4375,00
3000,00
4376,00
1909,00
3889,00
5251,00
3001,00
5528,00
7002,00
4201,00
4775,00
7504,00
4040,00
5836,00
7004,00
5529,00
10506,00
15009,00
8081,00
6180,00
7504,00
4041,00
7505,00
10508,00
6181,00
10508,00
15012,00
7506,00
5255,00
6569,00
4042,00
5532,00
7508,00
5255,00
9556,00
10512,00
6183,00
8761,00
13142,00
5841,00
13143,00
15021,00
8089,00
11685,00
13146,00
11686,00
10518,00
13148,00
7012,00
11688,00
17533,00
10522,00
21045,00
35075,00
15032,00
249,00
168,00
79,00
417,00
288,00
138,00
679,00
562,00
277,00
746,00
572,00
294,00
884,00
1063,00
436,00
1224,00
1482,00
809,00
957,00
1196,00
726,00
1268,00
1671,00
957,00
1671,00
1880,00
1350,00
1120,00
1620,00
877,00
1442,00
2025,00
1144,00
2106,00
2700,00
1572,00
1816,00
2393,00
1350,00
2340,00
3192,00
1915,00
3292,00
5852,00
2569,00
1950,00
2772,00
1368,00
2772,00
3902,00
1915,00
3902,00
5016,00
2847,00
1785,00
2701,00
1404,00
2241,00
3192,00
1727,00
3398,00
4052,00
2241,00
2394,00
3398,00
1951,00
3099,00
4214,00
2508,00
4052,00
5268,00
3292,00
2701,00
3512,00
2341,00
3512,00
4581,00
3292,00
4390,00
5268,00
5017,00
2927,00
4790,00
1988,00
7527,00
5546,00
4790,00
8107,00
7026,00
5269,00
8107,00
5547,00
4054,00
11711,00
8108,00
6587,00
8784,00
8108,00
9583,00
10542,00
13178,00
5857,00
17572,00
17572,00
11715,00
17575,00
13181,00
21090,00
17575,00
10545,00
13181,00
10545,00
11717,00
13182,00
35154,00
11718,00
13183,00
11719,00
26369,00
15068,00
21095,00
35161,00
17580,00
35161,00
35162,00
10549,00
26373,00
52746,00
21100,00
26376,00
52754,00
35166,00
26375,00
52750,00
35177,00
21107,00
21111,00
11728,00
35188,00
52782,00
21114,00
35190,00
35192,00
17596,00
35193,00
35193,00
17597,00
21117,00
52793,00
52794,00
52794,00
35197,00
35197,00
21118,00
26400,00
21120,00
52803,00
21121,00
52805,00
0,57
21123,00
105620,00
2112,00
1389,00
1111,00
2296,00
1625,00
1427,00
3912,00
4592,00
3201,00
3301,00
2156,00
1993,00
3773,00
3301,00
3408,00
4593,00
7547,00
4064,00
8128,00
7548,00
6216,00
15096,00
11741,00
7045,00
5284,00
13210,00
7045,00
8806,00
11742,00
5032,00
6605,00
6605,00
8807,00
10568,00
15098,00
8807,00
17616,00
10570,00
11745,00
17618,00
8809,00
9609,00
35236,00
21142,00
17618,00
26427,00
21142,00
13213,00
35241,00
21144,00
15104,00
15105,00
26434,00
35246,00
21147,00
21148,00
11750,00
21153,00
21153,00
13221,00
26442,00
21154,00
26443,00
21155,00
15111,00
10578,00
52890,00
26445,00
35261,00
35261,00
35261,00
26448,00
26448,00
21159,00
21159,00
26449,00
52901,00
26451,00
26451,00
52902,00
52904,00
641,00
556,00
261,00
936,00
601,00
416,00
1579,00
1260,00
882,00
2160,00
1512,00
767,00
3113,00
1735,00
1216,00
3780,00
3414,00
2461,00
3650,00
3414,00
2205,00
4234,00
6616,00
3528,00
5040,00
6227,00
3920,00
4234,00
5881,00
2861,00
4234,00
4812,00
3921,00
6227,00
7562,00
4812,00
7058,00
7563,00
4813,00
8825,00
10590,00
7060,00
13237,00
21180,00
8825,00
6619,00
10590,00
4412,00
10590,00
11767,00
7060,00
13239,00
21183,00
9628,00
6230,00
9629,00
5044,00
8149,00
11772,00
7063,00
6621,00
13244,00
7568,00
8830,00
15137,00
7568,00
15137,00
35326,00
11776,00
15142,00
21199,00
13250,00
11778,00
17667,00
8154,00
15144,00
15144,00
10601,00
15145,00
26507,00
15147,00
3927,00
3534,00
2586,00
4078,00
3030,00
2525,00
8158,00
5050,00
4419,00
7576,00
4079,00
5303,00
6238,00
3657,00
7575,00
10606,00
6239,00
11785,00
11785,00
11786,00
7577,00
11786,00
35359,00
9643,00
11786,00
17679,00
8840,00
15156,00
15156,00
8160,00
10609,00
7578,00
9645,00
35365,00
9645,00
17682,00
15156,00
11788,00
21219,00
21220,00
5894,00
15157,00
35367,00
21220,00
53051,00
26526,00
35368,00
21220,00
15157,00
26528,00
35370,00
35371,00
17685,00
53056,00
17685,00
21223,00
17685,00
17686,00
21224,00
15160,00
13265,00
17687,00
53062,00
26531,00
26531,00
26533,00
26534,00
13267,00
53071,00
15163,00
26535,00
26537,00
21232,00
21232,00
35388,00
15166,00
35388,00
26544,00
26544,00
26546,00
35396,00
1538,00
956,00
877,00
1659,00
574,00
753,00
3792,00
4424,00
2870,00
4424,00
1930,00
2259,00
2359,00
457,00
1193,00
7586,00
4617,00
4827,00
10621,00
11801,00
5900,00
11802,00
5590,00
6248,00
15174,00
13277,00
13279,00
8852,00
7588,00
4426,00
9657,00
2414,00
6640,00
11805,00
35415,00
15180,00
8174,00
5592,00
8855,00
4830,00
213,00
2005,00
21254,00
6251,00
7084,00
26568,00
26568,00
17712,00
13284,00
8856,00
21256,00
35427,00
15183,00
35429,00
17714,00
21258,00
10630,00
21260,00
21262,00
13289,00
15187,00
21262,00
17719,00
35448,00
26586,00
26586,00
35448,00
9668,00
21271,00
35452,00
21271,00
35454,00
35454,00
26590,00
15194,00
26591,00
26592,00
15195,00
15195,00
26592,00
13296,00
704,00
392,00
234,00
799,00
336,00
258,00
1744,00
1418,00
824,00
2086,00
994,00
665,00
1744,00
369,00
521,00
2800,00
2171,00
1934,00
2800,00
4256,00
2171,00
3669,00
4626,00
2364,00
5320,00
5320,00
3129,00
3224,00
4093,00
2172,00
4627,00
3041,00
2800,00
5321,00
7602,00
4838,00
5602,00
6261,00
3670,00
5602,00
1364,00
2957,00
11828,00
11829,00
7604,00
7604,00
8190,00
4629,00
9681,00
8192,00
5916,00
10650,00
17750,00
10650,00
6656,00
7607,00
3944,00
7101,00
8876,00
5326,00
11836,00
9684,00
8194,00
7102,00
8878,00
5918,00
8878,00
10654,00
6659,00
13318,00
35516,00
15221,00
10656,00
11840,00
8880,00
17760,00
17760,00
11840,00
21313,00
26641,00
15224,00
3947,00
5075,00
3229,00
5075,00
5328,00
4099,00
4844,00
5921,00
4634,00
7106,00
7613,00
4263,00
10659,00
11843,00
7613,00
11843,00
15228,00
9690,00
10661,00
11845,00
7107,00
9692,00
15231,00
9693,00
11847,00
26657,00
11847,00
11847,00
11848,00
7616,00
13330,00
21329,00
9696,00
21331,00
17775,00
13333,00
10666,00
17778,00
10670,00
17783,00
26679,00
21343,00
17786,00
26679,00
26679,00
15247,00
17788,00
17788,00
13341,00
35577,00
17788,00
21348,00
53370,00
53370,00
21348,00
15249,00
11861,00
21352,00
17793,00
21352,00
21352,00
35588,00
26692,00
26693,00
15253,00
17796,00
35595,00
106786,00
26698,00
26698,00
35597,00
53401,00
17803,00
35608,00
35609,00
15261,00
26707,00
35610,00
35613,00
35618,00
53427,00
3053,00
2180,00
1505,00
2544,00
2226,00
1548,00
4646,00
3685,00
3339,00
3562,00
3958,00
2607,00
7126,00
4275,00
3817,00
5938,00
5345,00
4859,00
7127,00
9719,00
3448,00
11880,00
9720,00
8910,00
10693,00
9721,00
8225,00
6682,00
10692,00
4860,00
9720,00
11881,00
8225,00
15275,00
35643,00
15275,00
13367,00
11882,00
7638,00
15277,00
11883,00
9722,00
21390,00
15279,00
21391,00
17828,00
26742,00
10696,00
26746,00
21397,00
15285,00
35666,00
15285,00
26752,00
13377,00
21405,00
10702,00
21405,00
17838,00
13378,00
21406,00
21407,00
21407,00
21407,00
21407,00
11893,00
26759,00
21407,00
15291,00
26762,00
10705,00
21411,00
21414,00
35691,00
17845,00
26768,00
21415,00
15296,00
53538,00
35693,00
35694,00
1139,00
843,00
408,00
1274,00
1139,00
527,00
1878,00
1727,00
1039,00
1647,00
2894,00
1039,00
2745,00
2745,00
1274,00
3346,00
4119,00
2328,00
2379,00
3149,00
1530,00
3060,00
4656,00
2278,00
4462,00
6300,00
2677,00
2975,00
3693,00
1983,00
3150,00
5637,00
2612,00
5356,00
6695,00
3693,00
4657,00
7141,00
3060,00
6302,00
7652,00
4285,00
8241,00
13392,00
5638,00
5356,00
8241,00
3348,00
7653,00
11904,00
5319,00
11230,00
14440,00
7220,00
4394,00
6317,00
2660,00
5054,00
9189,00
3485,00
6318,00
10109,00
4395,00
4814,00
6318,00
3888,00
5947,00
6741,00
4596,00
5948,00
9192,00
6319,00
5322,00
6741,00
5948,00
5948,00
7223,00
6741,00
6741,00
9193,00
14447,00
2809,00
2733,00
2022,00
7779,00
7223,00
4397,00
4597,00
5056,00
4045,00
7779,00
5949,00
5949,00
8428,00
9195,00
5949,00
6321,00
6321,00
14449,00
7224,00
6321,00
8429,00
8429,00
7781,00
7225,00
10115,00
5057,00
9197,00
12646,00
20234,00
7782,00
16862,00
12646,00
9197,00
20235,00
14454,00
14454,00
33727,00
16863,00
12647,00
50591,00
33729,00
16866,00
50598,00
16866,00
50602,00
16867,00
10120,00
25302,00
14459,00
14460,00
20244,00
16870,00
9202,00
25306,00
25306,00
33743,00
25308,00
25308,00
20248,00
20248,00
33748,00
11249,00
20250,00
25314,00
25315,00
20252,00
20252,00
33755,00
14466,00
0,57
33757,00
50635,00
25319,00
25319,00
20255,00
50640,00
25322,00
50647,00
20259,00
1002,00
25325,00
2597,00
2251,00
1660,00
3070,00
4221,00
2471,00
3896,00
4405,00
3268,00
5332,00
4605,00
2666,00
10133,00
14475,00
6755,00
4825,00
11259,00
9212,00
5630,00
6757,00
5962,00
20274,00
14482,00
14483,00
10138,00
12677,00
9219,00
8452,00
9220,00
6339,00
9221,00
14490,00
14490,00
6762,00
10143,00
8453,00
25359,00
50718,00
16906,00
50724,00
33820,00
33820,00
50731,00
101465,00
33821,00
12684,00
16912,00
14497,00
20296,00
50741,00
16915,00
11277,00
33832,00
20300,00
14500,00
25377,00
14501,00
12688,00
33838,00
9229,00
20303,00
50764,00
33842,00
33843,00
16922,00
25384,00
101545,00
50772,00
33854,00
50794,00
20317,00
33867,00
33871,00
25403,00
25404,00
16936,00
20325,00
50813,00
50813,00
25406,00
50817,00
826,00
775,00
401,00
1195,00
1411,00
668,00
1473,00
1303,00
986,00
3080,00
2420,00
1195,00
4840,00
4420,00
1955,00
3910,00
4841,00
2675,00
3766,00
2990,00
2990,00
5351,00
5649,00
5351,00
6355,00
5981,00
5084,00
4622,00
5084,00
3280,00
6355,00
10169,00
4622,00
5649,00
11299,00
5982,00
10170,00
12713,00
6780,00
12713,00
14529,00
9246,00
14529,00
25426,00
14530,00
8476,00
12715,00
7825,00
16954,00
16955,00
12717,00
20348,00
33916,00
16958,00
6783,00
9251,00
6784,00
9251,00
9252,00
7269,00
6785,00
11309,00
11309,00
12724,00
20361,00
9255,00
16969,00
20362,00
14544,00
16970,00
25456,00
11314,00
14547,00
20367,00
12729,00
20367,00
20368,00
14548,00
25460,00
16974,00
25462,00
4074,00
3182,00
2314,00
3182,00
2484,00
2829,00
5360,00
4630,00
3917,00
7275,00
4850,00
5991,00
7277,00
6792,00
6368,00
6792,00
5660,00
8490,00
14557,00
9264,00
5994,00
11322,00
10190,00
9264,00
16984,00
9264,00
7838,00
10190,00
11323,00
8492,00
10190,00
10191,00
7839,00
25477,00
25477,00
50958,00
25479,00
16986,00
16986,00
12739,00
33973,00
25481,00
33978,00
16989,00
34001,00
20400,00
12750,00
20401,00
7847,00
11334,00
20406,00
20407,00
25509,00
51019,00
34014,00
9276,00
12755,00
102048,00
25512,00
51025,00
17008,00
8504,00
51028,00
20412,00
20412,00
12758,00
51033,00
14581,00
51034,00
102077,00
14582,00
25519,00
25519,00
20415,00
34028,00
20417,00
14584,00
102092,00
25523,00
1292,00
34033,00
2836,00
3293,00
1570,00
2618,00
2836,00
1856,00
4084,00
7293,00
3521,00
8509,00
6807,00
5673,00
9283,00
5106,00
7856,00
8513,00
6810,00
7297,00
11352,00
12771,00
6385,00
14597,00
7860,00
6386,00
10219,00
7299,00
11354,00
12773,00
17032,00
6011,00
11355,00
17033,00
14600,00
17034,00
17034,00
25553,00
25557,00
51114,00
17038,00
25557,00
20446,00
20447,00
25559,00
20447,00
51119,00
25563,00
51126,00
20450,00
20451,00
20451,00
17043,00
34086,00
51134,00
17045,00
12784,00
12784,00
8524,00
20457,00
20459,00
20459,00
34102,00
34103,00
34103,00
25577,00
34133,00
17067,00
34136,00
102412,00
11379,00
51206,00
20482,00
34139,00
34139,00
25605,00
17070,00
34142,00
51214,00
25607,00
34144,00
20486,00
25608,00
1004,00
883,00
428,00
1004,00
975,00
539,00
1330,00
1600,00
906,00
2439,00
1862,00
1384,00
3415,00
1766,00
1933,00
3013,00
2627,00
2627,00
4269,00
4657,00
3105,00
6406,00
4456,00
3106,00
8542,00
7886,00
5696,00
5126,00
4458,00
3015,00
6031,00
6408,00
3944,00
9322,00
9322,00
7325,00
7325,00
8546,00
5697,00
9323,00
12819,00
8546,00
17093,00
11395,00
6837,00
11395,00
9323,00
6837,00
12820,00
8546,00
2930,00
14651,00
20513,00
14653,00
6838,00
7890,00
5698,00
7890,00
12821,00
7890,00
11397,00
12821,00
8548,00
12822,00
17096,00
9325,00
12822,00
9325,00
10259,00
20519,00
14657,00
14658,00
14658,00
20521,00
11400,00
17101,00
12826,00
14660,00
20525,00
9329,00
20526,00
3947,00
4276,00
3110,00
6842,00
4887,00
3421,00
6415,00
4665,00
5132,00
10264,00
8553,00
6038,00
11405,00
17108,00
11405,00
10264,00
7896,00
8554,00
8554,00
10265,00
9332,00
12832,00
10266,00
12833,00
14666,00
12833,00
17112,00
14668,00
14668,00
10267,00
25670,00
34228,00
14669,00
17114,00
25672,00
12836,00
25673,00
17115,00
9337,00
20542,00
102711,00
34238,00
34238,00
20543,00
20543,00
12839,00
20544,00
20544,00
34242,00
51363,00
25683,00
20547,00
17122,00
51368,00
14678,00
20549,00
10275,00
34250,00
34250,00
20550,00
34251,00
34251,00
25688,00
51377,00
20551,00
17126,00
102766,00
102770,00
51385,00
34257,00
51386,00
20554,00
20555,00
34260,00
34261,00
34263,00
51394,00
34263,00
34263,00
25697,00
25697,00
3671,00
2855,00
2234,00
4672,00
4672,00
3023,00
5410,00
4672,00
4672,00
6425,00
5410,00
5410,00
8567,00
14687,00
6047,00
6853,00
6854,00
9348,00
6857,00
9350,00
5714,00
11428,00
11428,00
10286,00
11429,00
14694,00
14694,00
8576,00
17152,00
6861,00
7917,00
25735,00
11437,00
11438,00
12868,00
11438,00
14706,00
20589,00
17158,00
17158,00
25737,00
25737,00
25737,00
25737,00
20589,00
14706,00
34314,00
14706,00
34315,00
25738,00
25738,00
11439,00
51476,00
34317,00
17159,00
17160,00
12870,00
17161,00
51483,00
20593,00
25742,00
20594,00
17162,00
25743,00
34324,00
34325,00
34325,00
34326,00
25744,00
34326,00
25745,00
20596,00
25745,00
102981,00
17163,00
51492,00
34329,00
34329,00
102989,00
51496,00
102993,00
1320,00
1157,00
544,00
1839,00
2239,00
1030,00
1776,00
1746,00
1000,00
2396,00
2861,00
2060,00
3552,00
5423,00
2576,00
5424,00
5153,00
4122,00
3123,00
3680,00
2576,00
4685,00
5424,00
3324,00
7362,00
7362,00
3964,00
4123,00
4123,00
3123,00
5154,00
8590,00
3681,00
7363,00
9371,00
5154,00
6064,00
6872,00
4909,00
9372,00
12886,00
6444,00
14729,00
17186,00
8593,00
7933,00
11460,00
5429,00
11461,00
12894,00
7935,00
17193,00
25793,00
12897,00
5732,00
7370,00
4690,00
7938,00
11466,00
5733,00
12901,00
11468,00
8601,00
9383,00
12903,00
7940,00
14746,00
14746,00
10322,00
20645,00
20645,00
14747,00
11469,00
12904,00
8603,00
10324,00
17206,00
11472,00
14749,00
7942,00
7942,00
202,00
445,00
138,00
717,00
938,00
421,00
765,00
1341,00
454,00
1518,00
1564,00
722,00
2295,00
3561,00
1588,00
3561,00
3561,00
1912,00
1229,00
2718,00
1053,00
3561,00
4918,00
2951,00
3227,00
5436,00
1878,00
3038,00
3130,00
1666,00
3689,00
6077,00
2402,00
4920,00
4696,00
3563,00
4697,00
5741,00
3229,00
6079,00
11482,00
4697,00
11483,00
12918,00
6890,00
5168,00
7950,00
4494,00
6460,00
10337,00
5743,00
14768,00
8615,00
7384,00
3829,00
4700,00
1814,00
4924,00
5442,00
4700,00
6083,00
11490,00
3447,00
6083,00
10342,00
6083,00
7955,00
14774,00
8618,00
20685,00
17238,00
9402,00
7387,00
17238,00
3447,00
11492,00
14776,00
10343,00
8619,00
34479,00
4309,00
240,00
228,00
111,00
490,00
418,00
186,00
634,00
749,00
358,00
1004,00
814,00
424,00
1361,00
1617,00
704,00
1952,00
1815,00
1112,00
1417,00
1815,00
907,00
2524,00
3569,00
1592,00
2724,00
4313,00
1917,00
1725,00
2464,00
1113,00
1917,00
2724,00
1458,00
3235,00
3570,00
2654,00
2724,00
4141,00
2525,00
3982,00
4141,00
2876,00
6091,00
7397,00
4315,00
3046,00
3983,00
3046,00
4708,00
6092,00
2877,00
6905,00
7968,00
4316,00
2877,00
4504,00
2204,00
3984,00
6906,00
2960,00
5180,00
6907,00
3700,00
4144,00
6907,00
2114,00
5757,00
9420,00
5181,00
9420,00
11514,00
4710,00
4145,00
7972,00
4506,00
7402,00
10364,00
5182,00
7403,00
17275,00
7403,00
44,00
45,00
12,00
106,00
82,00
35,00
134,00
190,00
54,00
210,00
145,00
64,00
379,00
201,00
110,00
510,00
515,00
237,00
460,00
585,00
181,00
762,00
1036,00
489,00
756,00
1312,00
366,00
664,00
934,00
355,00
816,00
1312,00
664,00
1264,00
1673,00
879,00
1027,00
1700,00
823,00
1440,00
2117,00
1152,00
1921,00
3242,00
1461,00
1192,00
1596,00
988,00
1525,00
2117,00
1313,00
2256,00
3052,00
1820,00
1153,00
1853,00
636,00
1548,00
2162,00
1220,00
2162,00
3145,00
988,00
1887,00
2883,00








































































































































































































































































































































































































































































































































































































































































































































































































































































































































































































































































































































































































































































































































































































































































































































































































































































































































































































































































































































































































































