12,00
312,00
604,00
476,00
2618,00
3571,00
1309,00
8729,00
4135,00
32,00
448,00
809,00
671,00
3928,00
6547,00
2014,00
15714,00
13097,00
22,00
355,00
683,00
582,00
3022,00
5613,00
1190,00
9825,00
3572,00
26,00
538,00
1139,00
873,00
3418,00
9828,00
2912,00
19656,00
9828,00
30,00
660,00
1456,00
1173,00
4624,00
15724,00
3573,00
15724,00
9828,00
30,00
639,00
1139,00
819,00
4624,00
8736,00
2457,00
13104,00
8736,00
16,00
378,00
728,00
689,00
3276,00
7147,00
1604,00
7862,00
6048,00
27,00
561,00
1228,00
836,00
4914,00
9828,00
2711,00
8736,00
15724,00
14,00
429,00
695,00
666,00
2808,00
6552,00
819,00
5241,00
3144,00
23,00
327,00
677,00
534,00
3024,00
5616,00
1672,00
11232,00
11232,00
28,00
407,00
864,00
714,00
4368,00
7147,00
2711,00
15724,00
26208,00
29,00
393,00
763,00
609,00
3573,00
6048,00
2184,00
13104,00
11232,00
21,00
538,00
1248,00
1062,00
3418,00
13104,00
2711,00
26208,00
19656,00
17,00
409,00
1638,00
903,00
2711,00
19656,00
2620,00
15724,00
7147,00
27,00
649,00
1512,00
1123,00
5241,00
15724,00
2620,00
26208,00
9828,00
19,00
444,00
893,00
786,00
3931,00
7147,00
1872,00
19656,00
39312,00
21,00
600,00
1191,00
970,00
3573,00
13104,00
2912,00
15724,00
15724,00
19,00
482,00
958,00
794,00
3744,00
8736,00
1747,00
13104,00
9828,00
18,00
301,00
600,00
520,00
2382,00
4914,00
1638,00
9828,00
7862,00
32,00
403,00
893,00
655,00
3744,00
7147,00
2382,00
15724,00
26208,00
21,00
365,00
689,00
546,00
3573,00
6552,00
1638,00
15724,00
8736,00
24,00
507,00
1228,00
845,00
6048,00
11232,00
3418,00
26208,00
26208,00
28,00
624,00
1456,00
1228,00
6048,00
15724,00
4138,00
26208,00
26208,00
27,00
600,00
1173,00
947,00
6048,00
13104,00
2620,00
26208,00
26208,00
13,00
378,00
666,00
708,00
3573,00
6552,00
1572,00
15724,00
4624,00
23,00
524,00
1062,00
924,00
5241,00
13104,00
2808,00
15724,00
19656,00
12,00
383,00
573,00
600,00
2912,00
5241,00
924,00
8736,00
2808,00
79,00
982,00
1965,00
1332,00
4368,00
13104,00
6552,00
15724,00
39312,00
127,00
1288,00
2312,00
1965,00
15724,00
26208,00
6048,00
26208,00
39312,00
98,00
995,00
2246,00
1604,00
7147,00
13104,00
5241,00
26208,00
39312,00
107,00
1604,00
3573,00
2016,00
13104,00
26208,00
8736,00
19656,00
19656,00
122,00
1872,00
4624,00
3744,00
26208,00
39312,00
15724,00
1021,00
39312,00
103,00
1209,00
4624,00
2620,00
9828,00
11232,00
8736,00
741,00
19656,00
74,00
1107,00
2536,00
1512,00
7147,00
19656,00
4368,00
13104,00
15724,00
102,00
1332,00
3931,00
2246,00
13104,00
26208,00
8736,00
26208,00
78624,00
69,00
1092,00
2246,00
1872,00
6048,00
13104,00
5616,00
39312,00
13104,00
104,00
958,00
2016,00
1512,00
5616,00
26208,00
5241,00
19656,00
26208,00
119,00
1123,00
3024,00
2382,00
8736,00
39312,00
9828,00
26208,00
1310,00
127,00
1139,00
2457,00
1965,00
8736,00
13104,00
6552,00
26208,00
26208,00
100,00
1404,00
3931,00
3276,00
7862,00
39312,00
8736,00
39312,00
39312,00
62,00
810,00
4914,00
1638,00
2382,00
39312,00
9828,00
26208,00
26208,00
115,00
2312,00
3744,00
2711,00
11232,00
39312,00
11232,00
39312,00
39312,00
90,00
1404,00
3418,00
2184,00
8736,00
39312,00
6552,00
78624,00
78624,00
93,00
1332,00
4368,00
2246,00
6552,00
78624,00
15724,00
39312,00
1638,00
82,00
1483,00
2912,00
2124,00
6552,00
19656,00
5241,00
39312,00
19656,00
83,00
810,00
2246,00
1404,00
4624,00
7862,00
5241,00
39312,00
78624,00
113,00
903,00
2312,00
1828,00
11232,00
11232,00
5616,00
19656,00
39312,00
89,00
995,00
2016,00
1512,00
11232,00
26208,00
3573,00
39312,00
78624,00
94,00
1228,00
3418,00
2536,00
11232,00
11232,00
6552,00
78624,00
26208,00
107,00
1483,00
4138,00
2620,00
9828,00
78624,00
11232,00
78624,00
78624,00
94,00
1429,00
4138,00
2312,00
11232,00
39312,00
4624,00
39312,00
26208,00
68,00
1191,00
2711,00
1828,00
7147,00
19656,00
7862,00
19656,00
39312,00
84,00
1429,00
4138,00
2382,00
8736,00
78624,00
11232,00
39312,00
1672,00
55,00
903,00
2382,00
1288,00
4624,00
26208,00
4368,00
26208,00
26208,00
157,00
1638,00
3144,00
2912,00
9828,00
39312,00
6048,00
756,00
19656,00
293,00
2312,00
4624,00
3744,00
26208,00
19656,00
6552,00
39312,00
78624,00
164,00
1786,00
2912,00
2912,00
19656,00
39312,00
6048,00
39312,00
26208,00
294,00
3144,00
3418,00
3276,00
19656,00
78624,00
7147,00
39312,00
39312,00
314,00
3024,00
9828,00
7147,00
13104,00
19656,00
15724,00
39312,00
26208,00
216,00
2124,00
5616,00
2912,00
19656,00
15724,00
11232,00
78624,00
26208,00
138,00
1828,00
2711,00
2912,00
26208,00
15724,00
3144,00
15724,00
9828,00
264,00
2711,00
5241,00
4914,00
39312,00
26208,00
7862,00
26208,00
19656,00
111,00
1828,00
1747,00
2312,00
8736,00
11232,00
2457,00
19656,00
11232,00
213,00
1747,00
3573,00
2912,00
15724,00
19656,00
11232,00
39312,00
39312,00
286,00
2246,00
4368,00
3276,00
13104,00
39312,00
11232,00
39312,00
1332,00
243,00
1965,00
4138,00
3276,00
15724,00
39312,00
8736,00
78624,00
78624,00
260,00
3276,00
6552,00
4914,00
26208,00
78624,00
13104,00
78624,00
19656,00
236,00
3276,00
3744,00
7862,00
26208,00
78624,00
8736,00
26208,00
9828,00
279,00
2711,00
8736,00
5241,00
26208,00
78624,00
15724,00
78624,00
26208,00
179,00
2457,00
6552,00
3144,00
39312,00
39312,00
6552,00
39312,00
26208,00
248,00
2620,00
4368,00
4138,00
26208,00
1156,00
5616,00
39312,00
11232,00
183,00
2808,00
4624,00
4914,00
39312,00
39312,00
11232,00
78624,00
78624,00
152,00
1672,00
3144,00
2312,00
6552,00
39312,00
9828,00
26208,00
7862,00
248,00
2382,00
4624,00
3418,00
15724,00
39312,00
8736,00
39312,00
26208,00
165,00
1709,00
3276,00
3276,00
13104,00
39312,00
4624,00
78624,00
19656,00
252,00
2536,00
6048,00
4914,00
13104,00
78624,00
19656,00
1332,00
1512,00
317,00
3276,00
6552,00
7147,00
15724,00
39312,00
15724,00
39312,00
39312,00
258,00
2457,00
6552,00
6552,00
39312,00
39312,00
26208,00
1483,00
1429,00
115,00
2808,00
2912,00
3024,00
19656,00
39312,00
4368,00
78624,00
11232,00
208,00
3418,00
5616,00
4368,00
26208,00
78624,00
15724,00
1483,00
1156,00
81,00
1828,00
1355,00
2312,00
8736,00
15724,00
1917,00
26208,00
4368,00
146,00
995,00
1917,00
1541,00
4624,00
13104,00
5616,00
13104,00
39312,00
220,00
1355,00
2457,00
2124,00
19656,00
26208,00
6552,00
78624,00
78624,00
169,00
1077,00
2124,00
1672,00
8736,00
15724,00
5241,00
78624,00
78624,00
278,00
1709,00
3573,00
2382,00
6048,00
26208,00
11232,00
873,00
78624,00
374,00
2457,00
5241,00
4368,00
15724,00
78624,00
9828,00
1379,00
2069,00
283,00
2016,00
4138,00
2457,00
13104,00
39312,00
13104,00
1077,00
26208,00
208,00
1310,00
2536,00
2312,00
11232,00
39312,00
5616,00
15724,00
78624,00
280,00
1786,00
3931,00
3144,00
15724,00
39312,00
11232,00
39312,00
1786,00
213,00
1310,00
2711,00
1965,00
7147,00
26208,00
5616,00
15724,00
26208,00
179,00
1077,00
2312,00
1604,00
7862,00
19656,00
5616,00
15724,00
39312,00
228,00
864,00
2711,00
2312,00
8736,00
26208,00
7862,00
479,00
78624,00
193,00
1209,00
2457,00
2016,00
7862,00
13104,00
6552,00
26208,00
78624,00
296,00
1512,00
4368,00
3024,00
13104,00
39312,00
9828,00
78624,00
2016,00
238,00
1404,00
6552,00
3024,00
6048,00
1048,00
15724,00
78624,00
2069,00
352,00
2312,00
5241,00
4138,00
19656,00
78624,00
15724,00
78624,00
2124,00
244,00
1228,00
2536,00
2536,00
9828,00
26208,00
7147,00
39312,00
1429,00
278,00
1786,00
3931,00
3573,00
11232,00
39312,00
9828,00
26208,00
1747,00
254,00
1917,00
3276,00
3276,00
13104,00
39312,00
6552,00
39312,00
1379,00
161,00
982,00
2069,00
1404,00
7862,00
19656,00
4914,00
26208,00
78624,00
216,00
1404,00
2536,00
2184,00
13104,00
26208,00
6048,00
39312,00
1355,00
171,00
1062,00
2246,00
1672,00
9828,00
15724,00
6048,00
26208,00
1034,00
271,00
1638,00
4368,00
3276,00
9828,00
39312,00
13104,00
78624,00
78624,00
324,00
2124,00
5616,00
4624,00
19656,00
78624,00
19656,00
1355,00
2912,00
292,00
2069,00
4914,00
3024,00
11232,00
39312,00
13104,00
26208,00
78624,00
214,00
1355,00
3024,00
2124,00
9828,00
26208,00
6552,00
26208,00
78624,00
285,00
1747,00
4138,00
3418,00
19656,00
78624,00
15724,00
39312,00
78624,00
187,00
1572,00
3276,00
2184,00
7862,00
26208,00
5241,00
26208,00
39312,00
441,00
3418,00
7147,00
3931,00
7862,00
26208,00
26208,00
1310,00
78624,00
708,00
4138,00
9828,00
5241,00
19656,00
1917,00
15724,00
39312,00
3573,00
510,00
3144,00
8736,00
3931,00
15724,00
78624,00
19656,00
78624,00
78624,00
748,00
4914,00
15724,00
6048,00
26208,00
1872,00
26208,00
39312,00
78624,00
763,00
6048,00
19656,00
19656,00
15724,00
3024,00
78624,00
78624,00
7147,00
708,00
4138,00
13104,00
9828,00
78624,00
78624,00
39312,00
2536,00
3931,00
619,00
4138,00
8736,00
6048,00
7862,00
39312,00
19656,00
26208,00
78624,00
689,00
6552,00
15724,00
7862,00
39312,00
2536,00
39312,00
2184,00
6048,00
507,00
4914,00
11232,00
7147,00
11232,00
39312,00
26208,00
26208,00
78624,00
534,00
3931,00
7862,00
6048,00
19656,00
78624,00
26208,00
1747,00
78624,00
666,00
2912,00
8736,00
9828,00
15724,00
1872,00
19656,00
78624,00
3418,00
586,00
3744,00
8736,00
5616,00
26208,00
13104,00
19656,00
78624,00
2711,00
873,00
5616,00
19656,00
15724,00
39312,00
78624,00
78624,00
78624,00
5616,00
385,00
1638,00
13104,00
2069,00
1672,00
11232,00
19656,00
78624,00
78624,00
947,00
4914,00
13104,00
11232,00
19656,00
15724,00
78624,00
2620,00
3931,00
721,00
5616,00
11232,00
9828,00
15724,00
39312,00
39312,00
78624,00
4138,00
924,00
4138,00
13104,00
11232,00
78624,00
2246,00
39312,00
78624,00
4914,00
672,00
7147,00
11232,00
11232,00
39312,00
39312,00
13104,00
78624,00
39312,00
491,00
3024,00
7862,00
5241,00
9828,00
1268,00
26208,00
78624,00
39312,00
624,00
4138,00
8736,00
7862,00
39312,00
2016,00
39312,00
78624,00
3744,00
546,00
3418,00
6552,00
4138,00
19656,00
39312,00
15724,00
26208,00
2620,00
666,00
6048,00
19656,00
8736,00
26208,00
39312,00
39312,00
78624,00
3744,00
958,00
4368,00
26208,00
15724,00
26208,00
78624,00
26208,00
2246,00
6552,00
864,00
7862,00
15724,00
8736,00
26208,00
39312,00
39312,00
78624,00
4624,00
624,00
5241,00
8736,00
4624,00
15724,00
39312,00
39312,00
39312,00
39312,00
714,00
5616,00
8736,00
7147,00
39312,00
78624,00
39312,00
2536,00
39312,00
444,00
4138,00
8736,00
4368,00
7862,00
13104,00
39312,00
39312,00
39312,00
958,00
6048,00
11232,00
9828,00
26208,00
39312,00
39312,00
78624,00
78624,00
1062,00
9828,00
15724,00
9828,00
1672,00
78624,00
26208,00
19656,00
39312,00
1077,00
4624,00
11232,00
7862,00
78624,00
26208,00
19656,00
78624,00
2457,00
1332,00
6552,00
15724,00
8736,00
15724,00
39312,00
26208,00
78624,00
26208,00
1512,00
7862,00
26208,00
19656,00
26208,00
78624,00
26208,00
2808,00
4138,00
1048,00
2536,00
11232,00
4624,00
19656,00
39312,00
39312,00
1709,00
2912,00
958,00
4368,00
11232,00
8736,00
26208,00
26208,00
13104,00
39312,00
26208,00
1456,00
6552,00
15724,00
7862,00
39312,00
78624,00
26208,00
39312,00
78624,00
827,00
5241,00
9828,00
7147,00
15724,00
19656,00
26208,00
19656,00
26208,00
947,00
6552,00
13104,00
11232,00
26208,00
78624,00
26208,00
39312,00
78624,00
1077,00
4368,00
11232,00
19656,00
78624,00
78624,00
6048,00
2808,00
78624,00
1048,00
6048,00
13104,00
9828,00
26208,00
26208,00
19656,00
78624,00
78624,00
1379,00
6552,00
26208,00
15724,00
26208,00
2808,00
15724,00
39312,00
39312,00
1483,00
11232,00
11232,00
26208,00
78624,00
3024,00
39312,00
1429,00
78624,00
1786,00
7147,00
13104,00
13104,00
39312,00
26208,00
39312,00
78624,00
39312,00
1404,00
11232,00
26208,00
13104,00
1572,00
78624,00
15724,00
39312,00
3024,00
1512,00
6552,00
11232,00
7862,00
78624,00
78624,00
26208,00
19656,00
78624,00
1123,00
15724,00
26208,00
7147,00
39312,00
78624,00
26208,00
78624,00
78624,00
924,00
6048,00
15724,00
5616,00
26208,00
78624,00
39312,00
39312,00
2620,00
1021,00
7862,00
15724,00
11232,00
78624,00
78624,00
39312,00
1429,00
78624,00
1008,00
6048,00
9828,00
8736,00
39312,00
78624,00
26208,00
2312,00
2711,00
1092,00
8736,00
26208,00
9828,00
39312,00
78624,00
695,00
3276,00
5241,00
1541,00
6048,00
39312,00
26208,00
26208,00
4914,00
39312,00
3744,00
7862,00
1747,00
7862,00
19656,00
15724,00
26208,00
78624,00
39312,00
3418,00
4368,00
836,00
7147,00
19656,00
8736,00
39312,00
39312,00
26208,00
39312,00
78624,00
1541,00
11232,00
15724,00
15724,00
78624,00
3744,00
914,00
2912,00
3931,00
756,00
7862,00
13104,00
6048,00
9828,00
39312,00
15724,00
39312,00
13104,00
310,00
2069,00
3744,00
3276,00
15724,00
39312,00
7147,00
19656,00
7147,00
416,00
2912,00
5616,00
4138,00
39312,00
78624,00
13104,00
26208,00
26208,00
337,00
2246,00
3418,00
3276,00
7862,00
19656,00
4914,00
26208,00
13104,00
569,00
3418,00
5241,00
5616,00
26208,00
26208,00
13104,00
78624,00
26208,00
748,00
4914,00
9828,00
6048,00
26208,00
1965,00
19656,00
1747,00
78624,00
619,00
3144,00
7147,00
4624,00
26208,00
39312,00
9828,00
39312,00
1456,00
378,00
2808,00
3931,00
3931,00
11232,00
15724,00
5241,00
15724,00
13104,00
582,00
4368,00
7147,00
5241,00
26208,00
78624,00
26208,00
39312,00
78624,00
327,00
2184,00
4138,00
4624,00
15724,00
15724,00
5616,00
39312,00
13104,00
331,00
2184,00
4138,00
3418,00
15724,00
78624,00
6552,00
39312,00
15724,00
497,00
2457,00
6048,00
4138,00
39312,00
1268,00
8736,00
78624,00
11232,00
379,00
2124,00
4624,00
3744,00
11232,00
39312,00
8736,00
26208,00
19656,00
634,00
3744,00
6552,00
6552,00
78624,00
78624,00
19656,00
1638,00
1872,00
695,00
6552,00
8736,00
8736,00
78624,00
78624,00
39312,00
78624,00
19656,00
702,00
4914,00
7862,00
8736,00
78624,00
78624,00
26208,00
78624,00
2246,00
513,00
3276,00
6048,00
5616,00
19656,00
39312,00
7862,00
39312,00
78624,00
591,00
2912,00
6048,00
5241,00
39312,00
78624,00
9828,00
19656,00
26208,00
497,00
2711,00
5616,00
5616,00
39312,00
78624,00
15724,00
78624,00
1429,00
310,00
1786,00
3418,00
2912,00
15724,00
26208,00
6048,00
13104,00
11232,00
395,00
2808,00
5241,00
4368,00
39312,00
78624,00
11232,00
19656,00
78624,00
309,00
2016,00
1123,00
3276,00
39312,00
39312,00
5616,00
78624,00
26208,00
553,00
3573,00
6048,00
4624,00
26208,00
15724,00
19656,00
13104,00
39312,00
741,00
4624,00
8736,00
8736,00
39312,00
78624,00
26208,00
78624,00
3024,00
586,00
3744,00
6552,00
8736,00
78624,00
39312,00
19656,00
1672,00
78624,00
349,00
3144,00
4914,00
4914,00
26208,00
19656,00
3931,00
13104,00
13104,00
586,00
5241,00
7862,00
7147,00
39312,00
78624,00
15724,00
78624,00
1828,00
274,00
2912,00
2382,00
5241,00
15724,00
19656,00
3573,00
78624,00
8736,00
995,00
6048,00
15724,00
11232,00
26208,00
78624,00
26208,00
39312,00
2312,00
1404,00
6048,00
15724,00
15724,00
78624,00
78624,00
9828,00
1965,00
2808,00
1008,00
6048,00
19656,00
6552,00
26208,00
78624,00
13104,00
1965,00
78624,00
1786,00
11232,00
13104,00
13104,00
1872,00
78624,00
26208,00
2246,00
26208,00
2124,00
11232,00
39312,00
13104,00
78624,00
4368,00
26208,00
39312,00
78624,00
1173,00
7862,00
19656,00
8736,00
1638,00
78624,00
15724,00
3276,00
78624,00
1268,00
8736,00
15724,00
9828,00
19656,00
78624,00
19656,00
26208,00
78624,00
1355,00
6552,00
15724,00
15724,00
26208,00
78624,00
78624,00
78624,00
4624,00
1048,00
8736,00
15724,00
19656,00
26208,00
78624,00
26208,00
78624,00
39312,00
1034,00
7862,00
15724,00
13104,00
26208,00
2912,00
39312,00
2808,00
3418,00
1332,00
11232,00
15724,00
19656,00
19656,00
2808,00
19656,00
2711,00
19656,00
1404,00
8736,00
19656,00
11232,00
26208,00
78624,00
19656,00
78624,00
2620,00
2069,00
19656,00
15724,00
15724,00
39312,00
78624,00
39312,00
39312,00
4138,00
1672,00
13104,00
19656,00
9828,00
26208,00
78624,00
39312,00
39312,00
39312,00
2246,00
19656,00
39312,00
13104,00
26208,00
15724,00
78624,00
3744,00
4138,00
1541,00
11232,00
19656,00
13104,00
39312,00
26208,00
39312,00
3418,00
4914,00
1747,00
13104,00
39312,00
15724,00
26208,00
39312,00
19656,00
3024,00
3744,00
1456,00
8736,00
19656,00
19656,00
15724,00
78624,00
19656,00
39312,00
39312,00
958,00
4624,00
13104,00
7862,00
26208,00
39312,00
19656,00
39312,00
2620,00
1248,00
4914,00
8736,00
8736,00
26208,00
39312,00
26208,00
78624,00
78624,00
1048,00
6048,00
13104,00
7862,00
78624,00
78624,00
15724,00
78624,00
78624,00
1965,00
11232,00
13104,00
15724,00
78624,00
39312,00
19656,00
78624,00
78624,00
2312,00
11232,00
39312,00
13104,00
39312,00
3144,00
26208,00
3573,00
6048,00
1872,00
13104,00
26208,00
9828,00
78624,00
19656,00
39312,00
78624,00
78624,00
1209,00
7862,00
19656,00
9828,00
26208,00
78624,00
39312,00
78624,00
78624,00
1828,00
5241,00
26208,00
11232,00
26208,00
39312,00
78624,00
78624,00
78624,00
995,00
7862,00
26208,00
11232,00
15724,00
39312,00
39312,00
78624,00
78624,00
1228,00
13104,00
11232,00
11232,00
26208,00
39312,00
15724,00
2382,00
26208,00
1709,00
13104,00
26208,00
13104,00
26208,00
3024,00
26208,00
2912,00
2536,00
1107,00
19656,00
13104,00
19656,00
15724,00
39312,00
5241,00
39312,00
19656,00
2382,00
13104,00
19656,00
15724,00
39312,00
78624,00
13104,00
3276,00
2184,00
2711,00
13104,00
78624,00
39312,00
26208,00
5616,00
78624,00
78624,00
3276,00
3276,00
9828,00
78624,00
13104,00
26208,00
78624,00
19656,00
78624,00
78624,00
1156,00
7862,00
7147,00
19656,00
78624,00
39312,00
8736,00
78624,00
19656,00
1965,00
13104,00
78624,00
19656,00
2536,00
78624,00
39312,00
3744,00
3744,00
924,00
7147,00
6048,00
39312,00
78624,00
78624,00
7147,00
78624,00
19656,00
1604,00
9828,00
8736,00
13104,00
39312,00
2382,00
26208,00
3144,00
78624,00
2620,00
19656,00
13104,00
39312,00
78624,00
4138,00
15724,00
1541,00
26208,00
2312,00
13104,00
19656,00
39312,00
39312,00
39312,00
26208,00
78624,00
39312,00
2620,00
26208,00
19656,00
78624,00
39312,00
78624,00
19656,00
4138,00
78624,00
1965,00
26208,00
15724,00
903,00
26208,00
3418,00
19656,00
2711,00
8736,00
3931,00
26208,00
26208,00
78624,00
2711,00
78624,00
19656,00
78624,00
26208,00
2069,00
19656,00
39312,00
11232,00
26208,00
39312,00
26208,00
3418,00
78624,00
3144,00
15724,00
864,00
39312,00
39312,00
78624,00
19656,00
2808,00
78624,00
1917,00
13104,00
78624,00
26208,00
78624,00
3573,00
672,00
78624,00
1483,00
1310,00
9828,00
9828,00
13104,00
26208,00
2457,00
19656,00
26208,00
39312,00
1872,00
13104,00
39312,00
19656,00
26208,00
78624,00
26208,00
39312,00
26208,00
1379,00
11232,00
13104,00
13104,00
1604,00
2312,00
7147,00
39312,00
15724,00
2808,00
19656,00
26208,00
39312,00
26208,00
3024,00
26208,00
78624,00
39312,00
3276,00
26208,00
1191,00
39312,00
78624,00
11232,00
26208,00
5241,00
3418,00
3744,00
26208,00
39312,00
19656,00
26208,00
2711,00
39312,00
78624,00
1310,00
924,00
19656,00
9828,00
19656,00
39312,00
78624,00
11232,00
39312,00
19656,00
2808,00
19656,00
78624,00
19656,00
2457,00
4368,00
845,00
4624,00
1638,00
538,00
13104,00
2808,00
15724,00
19656,00
19656,00
2808,00
15724,00
2382,00
109,00
893,00
2069,00
1604,00
8736,00
15724,00
5241,00
26208,00
26208,00
179,00
1541,00
2711,00
2312,00
19656,00
39312,00
7862,00
78624,00
1209,00
148,00
970,00
2382,00
1917,00
4914,00
26208,00
6552,00
78624,00
26208,00
177,00
1604,00
3931,00
2620,00
11232,00
39312,00
8736,00
39312,00
78624,00
208,00
2312,00
6552,00
3276,00
19656,00
78624,00
11232,00
78624,00
39312,00
177,00
1747,00
5241,00
3024,00
13104,00
39312,00
9828,00
936,00
26208,00
120,00
1123,00
2382,00
2184,00
11232,00
19656,00
6048,00
19656,00
26208,00
157,00
1786,00
3744,00
3024,00
15724,00
39312,00
13104,00
958,00
78624,00
110,00
1248,00
3573,00
1872,00
11232,00
26208,00
5241,00
15724,00
39312,00
133,00
995,00
2069,00
1747,00
8736,00
19656,00
5241,00
26208,00
78624,00
156,00
1379,00
3024,00
2184,00
13104,00
39312,00
9828,00
39312,00
1404,00
163,00
1332,00
2620,00
2184,00
11232,00
39312,00
6048,00
39312,00
19656,00
150,00
1379,00
4914,00
3276,00
8736,00
39312,00
11232,00
78624,00
1965,00
102,00
1288,00
7147,00
4624,00
7147,00
78624,00
19656,00
78624,00
39312,00
168,00
2312,00
4138,00
3276,00
11232,00
78624,00
15724,00
1355,00
78624,00
116,00
1355,00
2808,00
2536,00
19656,00
19656,00
7147,00
39312,00
39312,00
125,00
2124,00
4914,00
4138,00
9828,00
78624,00
15724,00
1173,00
78624,00
117,00
1541,00
3144,00
3276,00
19656,00
39312,00
5241,00
78624,00
39312,00
118,00
924,00
2124,00
1332,00
7147,00
11232,00
7147,00
39312,00
39312,00
174,00
1173,00
2536,00
2016,00
11232,00
26208,00
8736,00
78624,00
26208,00
127,00
1123,00
2620,00
1828,00
11232,00
26208,00
6552,00
39312,00
39312,00
146,00
1541,00
4138,00
2124,00
7862,00
39312,00
13104,00
903,00
78624,00
181,00
2246,00
5616,00
3573,00
26208,00
78624,00
15724,00
1456,00
26208,00
159,00
2184,00
4138,00
3024,00
11232,00
26208,00
11232,00
78624,00
39312,00
96,00
1034,00
2184,00
2069,00
6552,00
39312,00
7862,00
19656,00
78624,00
138,00
1456,00
4624,00
2912,00
13104,00
78624,00
13104,00
958,00
78624,00
82,00
1228,00
2382,00
2246,00
7862,00
19656,00
4624,00
78624,00
19656,00
282,00
2312,00
7862,00
4914,00
9828,00
39312,00
19656,00
78624,00
78624,00
507,00
4138,00
8736,00
4914,00
19656,00
78624,00
13104,00
1709,00
2312,00
357,00
3418,00
8736,00
4368,00
19656,00
78624,00
11232,00
39312,00
39312,00
444,00
7147,00
15724,00
1604,00
39312,00
958,00
78624,00
2016,00
3418,00
520,00
5616,00
19656,00
7147,00
39312,00
78624,00
78624,00
78624,00
39312,00
413,00
4138,00
15724,00
8736,00
26208,00
78624,00
19656,00
2124,00
39312,00
330,00
2912,00
7862,00
3931,00
9828,00
78624,00
15724,00
19656,00
78624,00
420,00
3418,00
15724,00
5241,00
15724,00
26208,00
6552,00
1355,00
39312,00
282,00
2536,00
11232,00
4914,00
8736,00
26208,00
7862,00
39312,00
78624,00
420,00
2912,00
7147,00
6048,00
7147,00
26208,00
26208,00
39312,00
39312,00
409,00
3024,00
7862,00
6552,00
11232,00
39312,00
19656,00
39312,00
78624,00
569,00
4624,00
11232,00
7862,00
19656,00
19656,00
26208,00
78624,00
78624,00
462,00
3418,00
13104,00
7862,00
26208,00
78624,00
78624,00
78624,00
78624,00
205,00
1429,00
26208,00
2912,00
3024,00
78624,00
78624,00
39312,00
78624,00
457,00
11232,00
19656,00
13104,00
78624,00
2620,00
78624,00
3276,00
5241,00
369,00
3931,00
13104,00
11232,00
19656,00
2246,00
39312,00
78624,00
78624,00
347,00
4624,00
15724,00
4138,00
13104,00
78624,00
39312,00
78624,00
3931,00
378,00
5241,00
13104,00
7862,00
19656,00
39312,00
26208,00
26208,00
78624,00
327,00
2312,00
7147,00
3931,00
7862,00
39312,00
15724,00
39312,00
78624,00
409,00
3276,00
9828,00
4624,00
19656,00
1541,00
19656,00
39312,00
19656,00
334,00
2711,00
7147,00
3744,00
39312,00
1541,00
26208,00
78624,00
39312,00
413,00
2620,00
13104,00
3744,00
15724,00
8736,00
26208,00
39312,00
2620,00
446,00
4624,00
13104,00
7862,00
13104,00
1786,00
39312,00
78624,00
78624,00
359,00
3573,00
11232,00
6552,00
78624,00
1379,00
19656,00
39312,00
78624,00
265,00
2808,00
8736,00
6048,00
13104,00
78624,00
19656,00
19656,00
78624,00
331,00
2711,00
13104,00
4624,00
9828,00
78624,00
19656,00
78624,00
78624,00
190,00
1872,00
11232,00
2711,00
11232,00
78624,00
13104,00
39312,00
78624,00
864,00
5241,00
13104,00
11232,00
78624,00
78624,00
15724,00
1747,00
78624,00
1048,00
7862,00
19656,00
13104,00
39312,00
78624,00
13104,00
26208,00
78624,00
794,00
5241,00
15724,00
7862,00
39312,00
2457,00
9828,00
26208,00
78624,00
1156,00
9828,00
11232,00
9828,00
39312,00
39312,00
15724,00
19656,00
39312,00
1209,00
7147,00
15724,00
15724,00
78624,00
3418,00
39312,00
2711,00
4138,00
873,00
8736,00
11232,00
9828,00
1872,00
78624,00
19656,00
78624,00
2808,00
748,00
3931,00
7862,00
9828,00
13104,00
78624,00
8736,00
13104,00
39312,00
1021,00
7147,00
15724,00
19656,00
39312,00
2912,00
9828,00
39312,00
78624,00
520,00
5241,00
7147,00
6048,00
19656,00
39312,00
9828,00
19656,00
78624,00
947,00
5616,00
15724,00
11232,00
78624,00
19656,00
19656,00
78624,00
78624,00
1062,00
6552,00
13104,00
11232,00
78624,00
3024,00
26208,00
26208,00
3931,00
924,00
4368,00
19656,00
5616,00
1268,00
2536,00
26208,00
78624,00
4624,00
1191,00
7862,00
26208,00
15724,00
26208,00
3144,00
15724,00
26208,00
3573,00
802,00
4138,00
6552,00
15724,00
26208,00
3024,00
546,00
78624,00
78624,00
970,00
7862,00
26208,00
13104,00
1828,00
4914,00
655,00
39312,00
6552,00
639,00
4368,00
11232,00
5616,00
19656,00
78624,00
19656,00
26208,00
2808,00
810,00
5241,00
15724,00
9828,00
26208,00
3573,00
13104,00
78624,00
78624,00
702,00
6048,00
13104,00
5616,00
15724,00
1965,00
19656,00
78624,00
3024,00
864,00
5241,00
9828,00
6048,00
15724,00
15724,00
39312,00
2184,00
78624,00
864,00
6048,00
13104,00
11232,00
19656,00
78624,00
13104,00
78624,00
2711,00
741,00
4914,00
11232,00
7147,00
39312,00
2246,00
39312,00
2184,00
78624,00
1008,00
9828,00
19656,00
11232,00
26208,00
78624,00
634,00
78624,00
78624,00
1191,00
11232,00
19656,00
15724,00
39312,00
39312,00
78624,00
4138,00
4368,00
893,00
11232,00
26208,00
15724,00
1917,00
3418,00
39312,00
78624,00
78624,00
517,00
5241,00
13104,00
13104,00
19656,00
78624,00
19656,00
78624,00
78624,00
714,00
6048,00
13104,00
13104,00
78624,00
3276,00
39312,00
78624,00
3744,00
393,00
5241,00
7147,00
4914,00
13104,00
39312,00
19656,00
39312,00
19656,00
497,00
4914,00
7862,00
7147,00
11232,00
78624,00
26208,00
78624,00
2457,00
702,00
5616,00
9828,00
7862,00
15724,00
78624,00
39312,00
78624,00
39312,00
600,00
3573,00
9828,00
7147,00
13104,00
78624,00
19656,00
78624,00
78624,00
982,00
5616,00
15724,00
7862,00
39312,00
2536,00
78624,00
39312,00
4368,00
1173,00
4914,00
26208,00
19656,00
78624,00
5241,00
78624,00
78624,00
5616,00
958,00
5616,00
19656,00
11232,00
78624,00
3276,00
78624,00
78624,00
78624,00
683,00
5241,00
11232,00
9828,00
19656,00
26208,00
39312,00
39312,00
78624,00
914,00
11232,00
19656,00
15724,00
39312,00
39312,00
78624,00
3744,00
5241,00
614,00
5241,00
15724,00
6552,00
5241,00
26208,00
19656,00
39312,00
78624,00
561,00
3573,00
8736,00
6552,00
11232,00
1747,00
26208,00
1709,00
3744,00
748,00
3573,00
13104,00
7862,00
19656,00
78624,00
39312,00
78624,00
4368,00
695,00
5616,00
11232,00
9828,00
26208,00
78624,00
26208,00
2312,00
3931,00
970,00
6048,00
15724,00
8736,00
13104,00
78624,00
78624,00
78624,00
7147,00
513,00
3744,00
13104,00
5241,00
7862,00
39312,00
78624,00
78624,00
39312,00
1228,00
13104,00
26208,00
19656,00
39312,00
3276,00
78624,00
5241,00
7862,00
836,00
5241,00
13104,00
8736,00
19656,00
78624,00
39312,00
2246,00
4624,00
1008,00
7147,00
11232,00
6552,00
15724,00
78624,00
78624,00
2536,00
78624,00
819,00
8736,00
13104,00
9828,00
26208,00
2711,00
19656,00
3573,00
4624,00
517,00
3418,00
8736,00
5616,00
15724,00
78624,00
13104,00
1672,00
3144,00
741,00
3573,00
8736,00
8736,00
19656,00
78624,00
26208,00
2069,00
3418,00
582,00
3931,00
3024,00
7147,00
15724,00
39312,00
19656,00
78624,00
39312,00
786,00
4914,00
15724,00
9828,00
15724,00
78624,00
78624,00
78624,00
4138,00
1156,00
5241,00
26208,00
9828,00
19656,00
2808,00
78624,00
2536,00
39312,00
1092,00
7147,00
19656,00
7862,00
15724,00
39312,00
78624,00
78624,00
39312,00
689,00
5241,00
9828,00
5241,00
15724,00
19656,00
8736,00
39312,00
78624,00
1048,00
6552,00
19656,00
7862,00
26208,00
2711,00
39312,00
78624,00
5616,00
582,00
6048,00
15724,00
4368,00
13104,00
78624,00
15724,00
78624,00
78624,00
1107,00
8736,00
39312,00
19656,00
19656,00
3418,00
819,00
3931,00
7147,00
2124,00
15724,00
26208,00
26208,00
39312,00
39312,00
995,00
4914,00
7862,00
1638,00
11232,00
39312,00
19656,00
13104,00
3418,00
26208,00
3144,00
5241,00
2382,00
19656,00
39312,00
19656,00
39312,00
78624,00
1541,00
78624,00
7862,00
2382,00
9828,00
78624,00
26208,00
19656,00
2912,00
78624,00
39312,00
6552,00
2124,00
19656,00
39312,00
13104,00
39312,00
3573,00
1310,00
78624,00
7147,00
1747,00
13104,00
39312,00
13104,00
19656,00
78624,00
39312,00
39312,00
78624,00
2246,00
15724,00
78624,00
13104,00
15724,00
78624,00
39312,00
3573,00
5616,00
1310,00
15724,00
26208,00
26208,00
39312,00
78624,00
78624,00
39312,00
26208,00
1747,00
7147,00
39312,00
15724,00
15724,00
78624,00
78624,00
3418,00
78624,00
1965,00
15724,00
78624,00
39312,00
19656,00
2711,00
1310,00
78624,00
7147,00
2312,00
13104,00
26208,00
26208,00
39312,00
39312,00
78624,00
6048,00
8736,00
1965,00
15724,00
78624,00
19656,00
15724,00
78624,00
78624,00
3573,00
9828,00
411,00
1355,00
13104,00
1786,00
333,00
7862,00
26208,00
19656,00
26208,00
2457,00
19656,00
39312,00
19656,00
26208,00
26208,00
78624,00
5241,00
7862,00
2536,00
26208,00
78624,00
39312,00
39312,00
4368,00
26208,00
78624,00
6552,00
1965,00
7862,00
15724,00
13104,00
11232,00
26208,00
1191,00
39312,00
78624,00
1917,00
6552,00
15724,00
15724,00
19656,00
78624,00
39312,00
2711,00
4138,00
1786,00
6552,00
39312,00
15724,00
19656,00
3744,00
78624,00
2808,00
78624,00
2184,00
15724,00
39312,00
26208,00
19656,00
4138,00
1429,00
78624,00
78624,00
1917,00
13104,00
39312,00
19656,00
39312,00
78624,00
78624,00
4138,00
78624,00
2312,00
9828,00
78624,00
15724,00
15724,00
78624,00
78624,00
78624,00
7862,00
2246,00
9828,00
78624,00
15724,00
7147,00
26208,00
78624,00
26208,00
78624,00
2457,00
13104,00
78624,00
26208,00
19656,00
39312,00
78624,00
3573,00
6048,00
1672,00
13104,00
15724,00
13104,00
26208,00
78624,00
39312,00
39312,00
78624,00
1965,00
15724,00
39312,00
26208,00
19656,00
3418,00
1355,00
3276,00
6552,00
893,00
5241,00
19656,00
15724,00
9828,00
26208,00
78624,00
39312,00
39312,00
3144,00
19656,00
26208,00
39312,00
19656,00
78624,00
1572,00
78624,00
39312,00
3931,00
39312,00
39312,00
19656,00
2711,00
39312,00
39312,00
4138,00
78624,00
3024,00
26208,00
39312,00
19656,00
26208,00
3931,00
1379,00
4138,00
78624,00
4368,00
11232,00
26208,00
15724,00
39312,00
78624,00
78624,00
39312,00
39312,00
4624,00
13104,00
78624,00
39312,00
26208,00
7147,00
78624,00
4138,00
6552,00
3144,00
26208,00
26208,00
26208,00
2912,00
78624,00
1747,00
7147,00
78624,00
3024,00
15724,00
39312,00
15724,00
26208,00
39312,00
39312,00
26208,00
39312,00
2620,00
39312,00
26208,00
19656,00
78624,00
3744,00
39312,00
3931,00
39312,00
2069,00
11232,00
19656,00
19656,00
78624,00
78624,00
26208,00
78624,00
26208,00
3276,00
26208,00
39312,00
26208,00
26208,00
3744,00
39312,00
4138,00
78624,00
4138,00
19656,00
1429,00
39312,00
2711,00
11232,00
78624,00
39312,00
7147,00
2711,00
19656,00
39312,00
39312,00
3144,00
6552,00
78624,00
78624,00
8736,00
3931,00
19656,00
78624,00
19656,00
26208,00
78624,00
39312,00
3024,00
5241,00
3276,00
11232,00
78624,00
13104,00
15724,00
2808,00
78624,00
39312,00
78624,00
3276,00
15724,00
39312,00
26208,00
78624,00
39312,00
78624,00
78624,00
6048,00
3418,00
39312,00
39312,00
39312,00
39312,00
78624,00
1404,00
78624,00
39312,00
3931,00
13104,00
39312,00
15724,00
39312,00
4368,00
78624,00
78624,00
78624,00
2808,00
15724,00
19656,00
19656,00
1917,00
4138,00
78624,00
3931,00
39312,00
3024,00
13104,00
78624,00
15724,00
7862,00
2808,00
39312,00
78624,00
6048,00
3931,00
19656,00
39312,00
15724,00
1965,00
78624,00
1828,00
5616,00
11232,00
3418,00
19656,00
78624,00
19656,00
39312,00
5241,00
1672,00
78624,00
7862,00
4914,00
15724,00
1604,00
39312,00
26208,00
78624,00
78624,00
39312,00
78624,00
4138,00
19656,00
1828,00
39312,00
26208,00
5616,00
2246,00
78624,00
78624,00
5241,00
15724,00
39312,00
26208,00
39312,00
78624,00
39312,00
3744,00
78624,00
3144,00
26208,00
39312,00
26208,00
78624,00
78624,00
39312,00
39312,00
78624,00
3744,00
26208,00
26208,00
15724,00
78624,00
6048,00
1917,00
26208,00
5241,00
1965,00
13104,00
19656,00
15724,00
7862,00
39312,00
26208,00
26208,00
39312,00
1021,00
7147,00
13104,00
13104,00
78624,00
26208,00
15724,00
78624,00
15724,00
1541,00
13104,00
26208,00
9828,00
26208,00
78624,00
26208,00
78624,00
78624,00
1139,00
8736,00
11232,00
8736,00
15724,00
78624,00
19656,00
2016,00
78624,00
2184,00
13104,00
26208,00
19656,00
2016,00
78624,00
78624,00
78624,00
39312,00
2711,00
9828,00
39312,00
15724,00
2124,00
6048,00
26208,00
26208,00
4624,00
2246,00
9828,00
39312,00
7147,00
39312,00
2808,00
39312,00
3418,00
5616,00
1404,00
7862,00
13104,00
9828,00
19656,00
39312,00
15724,00
19656,00
26208,00
1965,00
15724,00
26208,00
15724,00
39312,00
78624,00
78624,00
78624,00
5241,00
1512,00
6048,00
15724,00
15724,00
26208,00
26208,00
39312,00
39312,00
78624,00
1209,00
11232,00
19656,00
15724,00
78624,00
2912,00
26208,00
78624,00
39312,00
1541,00
15724,00
26208,00
19656,00
2124,00
4624,00
836,00
39312,00
39312,00
1404,00
8736,00
19656,00
11232,00
39312,00
78624,00
26208,00
26208,00
78624,00
2457,00
19656,00
26208,00
26208,00
78624,00
3931,00
1228,00
26208,00
78624,00
2184,00
19656,00
19656,00
13104,00
26208,00
78624,00
78624,00
2808,00
3744,00
2711,00
19656,00
39312,00
15724,00
26208,00
78624,00
1429,00
4624,00
11232,00
1872,00
13104,00
15724,00
15724,00
39312,00
3024,00
78624,00
78624,00
4368,00
1786,00
8736,00
26208,00
13104,00
78624,00
78624,00
39312,00
39312,00
5241,00
1872,00
15724,00
26208,00
8736,00
1965,00
3144,00
39312,00
4368,00
6552,00
1173,00
8736,00
15724,00
6048,00
26208,00
19656,00
78624,00
2620,00
78624,00
1404,00
13104,00
26208,00
13104,00
39312,00
3024,00
39312,00
4368,00
5241,00
1288,00
8736,00
15724,00
7862,00
39312,00
26208,00
39312,00
3276,00
39312,00
2457,00
13104,00
26208,00
15724,00
26208,00
78624,00
26208,00
78624,00
78624,00
2536,00
15724,00
39312,00
19656,00
2620,00
6552,00
26208,00
6048,00
6552,00
2620,00
19656,00
19656,00
19656,00
39312,00
1786,00
39312,00
5616,00
78624,00
1355,00
7862,00
19656,00
11232,00
78624,00
26208,00
19656,00
39312,00
78624,00
2124,00
19656,00
39312,00
15724,00
78624,00
78624,00
1123,00
6048,00
13104,00
1512,00
9828,00
19656,00
11232,00
78624,00
39312,00
39312,00
78624,00
78624,00
2536,00
15724,00
39312,00
26208,00
39312,00
78624,00
39312,00
78624,00
78624,00
3144,00
26208,00
78624,00
26208,00
26208,00
78624,00
4368,00
39312,00
78624,00
3573,00
19656,00
39312,00
19656,00
78624,00
78624,00
19656,00
39312,00
78624,00
7147,00
39312,00
78624,00
39312,00
39312,00
39312,00
39312,00
19656,00
39312,00
9828,00
39312,00
2382,00
19656,00
39312,00
78624,00
1429,00
26208,00
39312,00
4624,00
39312,00
78624,00
7862,00
78624,00
39312,00
39312,00
4138,00
78624,00
3931,00
19656,00
39312,00
39312,00
39312,00
39312,00
39312,00
19656,00
78624,00
4368,00
19656,00
19656,00
19656,00
26208,00
2912,00
26208,00
3276,00
78624,00
5241,00
11232,00
78624,00
26208,00
78624,00
78624,00
26208,00
78624,00
19656,00
3744,00
15724,00
78624,00
39312,00
26208,00
4138,00
39312,00
4368,00
78624,00
4624,00
26208,00
26208,00
39312,00
39312,00
78624,00
1404,00
3931,00
78624,00
4368,00
26208,00
78624,00
39312,00
39312,00
3744,00
26208,00
4914,00
6552,00
7862,00
26208,00
26208,00
39312,00
2069,00
39312,00
78624,00
78624,00
5616,00
4624,00
19656,00
39312,00
15724,00
11232,00
26208,00
39312,00
19656,00
78624,00
8736,00
26208,00
19656,00
39312,00
26208,00
26208,00
3024,00
78624,00
7147,00
5616,00
19656,00
39312,00
39312,00
78624,00
78624,00
39312,00
3573,00
8736,00
4914,00
15724,00
26208,00
39312,00
26208,00
39312,00
78624,00
3931,00
7862,00
4914,00
15724,00
39312,00
26208,00
26208,00
78624,00
78624,00
4624,00
5241,00
3276,00
13104,00
26208,00
26208,00
78624,00
39312,00
39312,00
39312,00
4914,00
4624,00
26208,00
39312,00
19656,00
78624,00
5241,00
39312,00
5616,00
6048,00
3418,00
26208,00
1191,00
19656,00
78624,00
2382,00
1512,00
6048,00
6552,00
7147,00
26208,00
15724,00
39312,00
78624,00
26208,00
26208,00
3024,00
4624,00
7147,00
39312,00
2184,00
78624,00
78624,00
78624,00
26208,00
4624,00
7862,00
3931,00
39312,00
78624,00
19656,00
26208,00
4624,00
39312,00
5616,00
78624,00
4368,00
19656,00
78624,00
26208,00
78624,00
39312,00
78624,00
13104,00
78624,00
6048,00
19656,00
78624,00
39312,00
13104,00
3744,00
2312,00
4138,00
8736,00
2382,00
9828,00
19656,00
15724,00
9828,00
39312,00
78624,00
78624,00
39312,00
5616,00
39312,00
1512,00
78624,00
19656,00
78624,00
1429,00
78624,00
3144,00
6552,00
1355,00
78624,00
78624,00
4138,00
7147,00
5616,00
2808,00
2711,00
4624,00
39312,00
1541,00
78624,00
78624,00
7147,00
78624,00
26208,00
78624,00
9828,00
39312,00
78624,00
26208,00
3276,00
39312,00
2312,00
78624,00
4624,00
13104,00
26208,00
78624,00
39312,00
78624,00
8736,00
2312,00
5616,00
7862,00
8736,00
39312,00
39312,00
19656,00
4624,00
4914,00
78624,00
5616,00
6048,00
6048,00
13104,00
78624,00
39312,00
78624,00
39312,00
39312,00
78624,00
78624,00
8736,00
26208,00
1965,00
1965,00
3931,00
39312,00
78624,00
78624,00
78624,00
4624,00
26208,00
78624,00
78624,00
78624,00
78624,00
39312,00
78624,00
78624,00
5241,00
39312,00
39312,00
26208,00
3276,00
78624,00
39312,00
6552,00
3744,00
13104,00
1404,00
78624,00
78624,00
6552,00
11232,00
1747,00
39312,00
39312,00
7147,00
39312,00
78624,00
19656,00
78624,00
6552,00
2457,00
4624,00
8736,00
11232,00
39312,00
78624,00
78624,00
78624,00
4914,00
78624,00
78624,00
78624,00
6048,00
26208,00
26208,00
1828,00
26208,00
7147,00
2246,00
78624,00
513,00
6552,00
1483,00
2246,00
78624,00
4138,00
7147,00
3276,00
39312,00
6552,00
9828,00
78624,00
2312,00
11232,00
78624,00
3573,00
39312,00
78624,00
7147,00
11232,00
15724,00
78624,00
1709,00
78624,00
78624,00
39312,00
39312,00
4914,00
4138,00
39312,00
1638,00
39312,00
39312,00
78624,00
1828,00
3744,00
78624,00
4624,00
39312,00
39312,00
39312,00
2069,00
78624,00
78624,00
4914,00
78624,00
9828,00
19656,00
2069,00
39312,00
3931,00
9828,00
78624,00
6048,00
1310,00
6552,00
78624,00
26208,00
26208,00
39312,00
3573,00
1672,00
78624,00
2457,00
7862,00
78624,00
26208,00
26208,00
3144,00
26208,00
39312,00
78624,00
3744,00
13104,00
1917,00
3573,00
2536,00
4914,00
9828,00
78624,00
15724,00
8736,00
6552,00
78624,00
39312,00
39312,00
39312,00
39312,00
78624,00
78624,00
26208,00
7147,00
39312,00
78624,00
39312,00
78624,00
26208,00
78624,00
39312,00
78624,00
5616,00
78624,00
78624,00
78624,00
39312,00
4368,00
2382,00
3931,00
4624,00
1828,00
13104,00
13104,00
15724,00
9828,00
13104,00
11232,00
13104,00
8736,00
207,00
1747,00
2382,00
2457,00
19656,00
13104,00
6552,00
78624,00
78624,00
328,00
2184,00
3744,00
2912,00
15724,00
19656,00
13104,00
78624,00
78624,00
248,00
1872,00
2912,00
2808,00
13104,00
19656,00
7147,00
39312,00
19656,00
436,00
3418,00
5241,00
4624,00
39312,00
39312,00
15724,00
78624,00
78624,00
470,00
4624,00
7147,00
8736,00
78624,00
2069,00
19656,00
78624,00
39312,00
416,00
3276,00
5616,00
4624,00
19656,00
39312,00
13104,00
19656,00
78624,00
224,00
1872,00
3144,00
3744,00
15724,00
19656,00
6048,00
26208,00
26208,00
446,00
2808,00
5616,00
4914,00
15724,00
78624,00
11232,00
26208,00
78624,00
179,00
1965,00
3931,00
4624,00
15724,00
19656,00
4138,00
15724,00
19656,00
282,00
1747,00
3024,00
2808,00
26208,00
26208,00
13104,00
78624,00
78624,00
323,00
2457,00
3573,00
3931,00
39312,00
39312,00
9828,00
78624,00
78624,00
295,00
1828,00
3418,00
3276,00
26208,00
39312,00
11232,00
78624,00
78624,00
476,00
3931,00
7147,00
5616,00
39312,00
1709,00
13104,00
78624,00
2069,00
369,00
4914,00
5616,00
9828,00
78624,00
1965,00
6552,00
26208,00
11232,00
434,00
3418,00
6552,00
6048,00
15724,00
78624,00
15724,00
1638,00
1828,00
285,00
2246,00
5241,00
4368,00
39312,00
78624,00
7862,00
39312,00
78624,00
401,00
3418,00
6048,00
5616,00
15724,00
39312,00
7862,00
78624,00
39312,00
264,00
2457,00
5616,00
5241,00
39312,00
78624,00
6552,00
78624,00
26208,00
231,00
1638,00
2912,00
2808,00
9828,00
19656,00
5241,00
78624,00
39312,00
330,00
2312,00
3744,00
3276,00
19656,00
26208,00
9828,00
39312,00
39312,00
250,00
1965,00
3418,00
3024,00
19656,00
39312,00
7862,00
78624,00
26208,00
407,00
3024,00
6048,00
4368,00
39312,00
1268,00
15724,00
78624,00
2246,00
468,00
3744,00
6048,00
7862,00
78624,00
1965,00
19656,00
1965,00
39312,00
491,00
4368,00
7147,00
6552,00
26208,00
39312,00
15724,00
78624,00
26208,00
184,00
1917,00
3276,00
4368,00
19656,00
26208,00
11232,00
78624,00
39312,00
370,00
2808,00
6048,00
5616,00
26208,00
78624,00
13104,00
78624,00
39312,00
146,00
2184,00
2536,00
4368,00
11232,00
19656,00
6048,00
15724,00
13104,00
763,00
6048,00
11232,00
6552,00
39312,00
78624,00
39312,00
78624,00
3418,00
924,00
7147,00
8736,00
8736,00
26208,00
78624,00
26208,00
2382,00
39312,00
836,00
5241,00
9828,00
6048,00
39312,00
78624,00
26208,00
39312,00
39312,00
1048,00
7147,00
15724,00
13104,00
78624,00
78624,00
13104,00
78624,00
78624,00
1310,00
7147,00
39312,00
13104,00
1965,00
4368,00
78624,00
4138,00
78624,00
836,00
4624,00
26208,00
7862,00
26208,00
39312,00
553,00
2457,00
4138,00
864,00
5241,00
13104,00
4368,00
19656,00
39312,00
9828,00
39312,00
78624,00
1077,00
8736,00
26208,00
8736,00
26208,00
78624,00
15724,00
39312,00
78624,00
649,00
7862,00
9828,00
7147,00
15724,00
15724,00
19656,00
39312,00
39312,00
810,00
7147,00
11232,00
7147,00
78624,00
78624,00
39312,00
78624,00
3418,00
1092,00
7862,00
13104,00
11232,00
78624,00
78624,00
78624,00
2912,00
3931,00
970,00
6048,00
13104,00
9828,00
26208,00
39312,00
11232,00
39312,00
78624,00
1483,00
13104,00
26208,00
15724,00
26208,00
3418,00
39312,00
78624,00
39312,00
1107,00
13104,00
26208,00
11232,00
26208,00
3144,00
78624,00
2912,00
39312,00
1209,00
8736,00
15724,00
19656,00
19656,00
78624,00
78624,00
78624,00
4624,00
995,00
7862,00
19656,00
15724,00
78624,00
3418,00
19656,00
78624,00
4624,00
1209,00
8736,00
26208,00
8736,00
13104,00
2620,00
39312,00
39312,00
78624,00
845,00
7147,00
19656,00
15724,00
26208,00
78624,00
78624,00
2457,00
3418,00
644,00
5616,00
13104,00
6048,00
39312,00
19656,00
19656,00
26208,00
2808,00
677,00
7862,00
13104,00
7862,00
78624,00
78624,00
19656,00
39312,00
78624,00
714,00
5241,00
8736,00
8736,00
78624,00
2124,00
26208,00
78624,00
78624,00
995,00
9828,00
19656,00
8736,00
39312,00
26208,00
19656,00
39312,00
3573,00
1156,00
8736,00
39312,00
19656,00
78624,00
78624,00
78624,00
3744,00
5616,00
914,00
9828,00
19656,00
7862,00
39312,00
78624,00
26208,00
3144,00
3744,00
695,00
6552,00
15724,00
8736,00
26208,00
26208,00
26208,00
39312,00
78624,00
1008,00
6552,00
19656,00
26208,00
26208,00
78624,00
39312,00
39312,00
78624,00
520,00
7862,00
13104,00
9828,00
19656,00
78624,00
15724,00
39312,00
39312,00
903,00
8736,00
26208,00
7862,00
39312,00
78624,00
19656,00
2620,00
78624,00
1604,00
11232,00
15724,00
26208,00
78624,00
78624,00
78624,00
78624,00
3144,00
827,00
9828,00
15724,00
13104,00
26208,00
26208,00
15724,00
39312,00
78624,00
1429,00
8736,00
39312,00
9828,00
78624,00
78624,00
19656,00
78624,00
78624,00
1332,00
15724,00
78624,00
78624,00
78624,00
7147,00
19656,00
4368,00
3024,00
1248,00
8736,00
15724,00
15724,00
78624,00
2620,00
689,00
78624,00
78624,00
655,00
4624,00
7147,00
7862,00
19656,00
78624,00
1404,00
26208,00
15724,00
1572,00
15724,00
11232,00
15724,00
78624,00
78624,00
26208,00
78624,00
78624,00
609,00
8736,00
7147,00
9828,00
19656,00
39312,00
11232,00
39312,00
19656,00
1456,00
13104,00
13104,00
19656,00
39312,00
19656,00
39312,00
78624,00
2711,00
2124,00
13104,00
13104,00
26208,00
3024,00
3418,00
9828,00
2711,00
78624,00
1747,00
15724,00
26208,00
13104,00
78624,00
78624,00
26208,00
4138,00
4368,00
2184,00
15724,00
78624,00
19656,00
39312,00
78624,00
26208,00
19656,00
2912,00
1310,00
26208,00
13104,00
39312,00
78624,00
4368,00
11232,00
2711,00
26208,00
1747,00
26208,00
78624,00
15724,00
39312,00
39312,00
78624,00
4138,00
78624,00
1404,00
6048,00
11232,00
11232,00
78624,00
78624,00
15724,00
39312,00
2312,00
1404,00
11232,00
11232,00
15724,00
2246,00
78624,00
15724,00
78624,00
26208,00
995,00
11232,00
11232,00
15724,00
1917,00
26208,00
39312,00
78624,00
39312,00
883,00
8736,00
8736,00
11232,00
39312,00
26208,00
19656,00
78624,00
19656,00
1512,00
13104,00
39312,00
19656,00
78624,00
78624,00
19656,00
78624,00
39312,00
914,00
9828,00
11232,00
11232,00
26208,00
78624,00
9828,00
78624,00
39312,00
1872,00
15724,00
39312,00
19656,00
2184,00
78624,00
39312,00
26208,00
3573,00
2016,00
11232,00
39312,00
78624,00
3418,00
78624,00
958,00
4914,00
78624,00
1379,00
11232,00
26208,00
26208,00
78624,00
3276,00
13104,00
78624,00
78624,00
721,00
9828,00
6552,00
8736,00
26208,00
39312,00
11232,00
78624,00
19656,00
1379,00
9828,00
8736,00
26208,00
2246,00
39312,00
19656,00
78624,00
26208,00
424,00
5241,00
3418,00
9828,00
15724,00
39312,00
3573,00
39312,00
4138,00
864,00
6552,00
9828,00
7147,00
78624,00
13104,00
26208,00
78624,00
78624,00
1191,00
7862,00
15724,00
11232,00
19656,00
26208,00
15724,00
2312,00
39312,00
982,00
7147,00
11232,00
13104,00
78624,00
78624,00
19656,00
2620,00
39312,00
1672,00
9828,00
15724,00
7147,00
78624,00
2069,00
26208,00
2382,00
39312,00
1747,00
19656,00
39312,00
26208,00
3144,00
8736,00
78624,00
78624,00
5616,00
1355,00
11232,00
13104,00
6552,00
1965,00
2620,00
39312,00
3744,00
78624,00
1107,00
6048,00
19656,00
13104,00
26208,00
26208,00
26208,00
26208,00
39312,00
1638,00
15724,00
26208,00
11232,00
78624,00
3024,00
26208,00
78624,00
5616,00
1021,00
7147,00
15724,00
9828,00
39312,00
78624,00
39312,00
78624,00
39312,00
947,00
7862,00
11232,00
9828,00
78624,00
39312,00
26208,00
39312,00
39312,00
1288,00
7147,00
15724,00
13104,00
78624,00
78624,00
15724,00
39312,00
3573,00
1077,00
8736,00
13104,00
9828,00
78624,00
2536,00
26208,00
39312,00
4624,00
2016,00
13104,00
26208,00
19656,00
39312,00
78624,00
78624,00
78624,00
4368,00
2312,00
19656,00
39312,00
15724,00
39312,00
4138,00
1107,00
3418,00
5241,00
1709,00
19656,00
26208,00
19656,00
78624,00
78624,00
1048,00
7147,00
8736,00
1379,00
13104,00
19656,00
19656,00
2016,00
78624,00
39312,00
39312,00
78624,00
2312,00
3144,00
26208,00
15724,00
39312,00
39312,00
78624,00
39312,00
5616,00
1512,00
8736,00
26208,00
9828,00
78624,00
3744,00
39312,00
3024,00
5241,00
958,00
4914,00
11232,00
9828,00
39312,00
39312,00
26208,00
39312,00
78624,00
1156,00
8736,00
15724,00
13104,00
78624,00
2808,00
13104,00
78624,00
4624,00
1092,00
7147,00
13104,00
9828,00
78624,00
78624,00
15724,00
78624,00
2808,00
1512,00
13104,00
19656,00
19656,00
26208,00
78624,00
864,00
9828,00
39312,00
2069,00
15724,00
39312,00
19656,00
78624,00
6552,00
1209,00
3931,00
6552,00
1828,00
19656,00
26208,00
26208,00
78624,00
26208,00
39312,00
39312,00
26208,00
1228,00
6048,00
15724,00
13104,00
26208,00
78624,00
39312,00
78624,00
78624,00
1828,00
15724,00
19656,00
19656,00
2620,00
5241,00
78624,00
3744,00
5616,00
1228,00
8736,00
11232,00
11232,00
39312,00
78624,00
15724,00
39312,00
39312,00
2711,00
19656,00
39312,00
19656,00
78624,00
3276,00
39312,00
5241,00
78624,00
3744,00
19656,00
39312,00
19656,00
78624,00
4368,00
1512,00
4624,00
8736,00
3573,00
39312,00
39312,00
19656,00
2711,00
78624,00
26208,00
7862,00
5241,00
6552,00
26208,00
1747,00
39312,00
39312,00
78624,00
2124,00
78624,00
6048,00
4914,00
15724,00
78624,00
39312,00
78624,00
8736,00
2620,00
78624,00
11232,00
6048,00
13104,00
78624,00
19656,00
78624,00
4914,00
2912,00
6552,00
15724,00
3024,00
26208,00
26208,00
13104,00
78624,00
78624,00
26208,00
78624,00
78624,00
4138,00
26208,00
39312,00
19656,00
39312,00
78624,00
26208,00
39312,00
5616,00
3144,00
26208,00
26208,00
15724,00
78624,00
78624,00
78624,00
78624,00
39312,00
3024,00
26208,00
39312,00
19656,00
39312,00
78624,00
39312,00
78624,00
39312,00
4624,00
19656,00
39312,00
78624,00
1828,00
6552,00
78624,00
78624,00
78624,00
3418,00
26208,00
78624,00
26208,00
39312,00
3744,00
78624,00
6048,00
7862,00
7147,00
26208,00
2184,00
78624,00
1965,00
6552,00
78624,00
5616,00
7862,00
3573,00
11232,00
26208,00
9828,00
5241,00
26208,00
39312,00
39312,00
78624,00
6048,00
19656,00
78624,00
39312,00
39312,00
78624,00
78624,00
7147,00
78624,00
5241,00
19656,00
78624,00
15724,00
3024,00
5616,00
1872,00
4914,00
13104,00
7862,00
11232,00
78624,00
39312,00
26208,00
4138,00
2620,00
39312,00
7862,00
4368,00
15724,00
78624,00
19656,00
39312,00
5616,00
78624,00
4914,00
7862,00
3144,00
19656,00
39312,00
26208,00
39312,00
4138,00
78624,00
3931,00
5616,00
4138,00
19656,00
78624,00
39312,00
78624,00
78624,00
1965,00
78624,00
9828,00
3276,00
13104,00
78624,00
26208,00
3024,00
6048,00
78624,00
4914,00
11232,00
4914,00
78624,00
39312,00
15724,00
2808,00
78624,00
2246,00
3931,00
39312,00
4624,00
19656,00
2016,00
26208,00
1747,00
5241,00
78624,00
39312,00
8736,00
4368,00
19656,00
78624,00
26208,00
39312,00
78624,00
2246,00
6048,00
6552,00
3418,00
26208,00
26208,00
19656,00
78624,00
78624,00
78624,00
78624,00
78624,00
7862,00
11232,00
39312,00
26208,00
78624,00
78624,00
78624,00
3024,00
78624,00
2620,00
13104,00
39312,00
15724,00
39312,00
78624,00
78624,00
39312,00
78624,00
3573,00
19656,00
1288,00
13104,00
2184,00
39312,00
78624,00
78624,00
3573,00
6552,00
78624,00
39312,00
39312,00
78624,00
78624,00
78624,00
26208,00
3744,00
4368,00
13104,00
1288,00
26208,00
78624,00
78624,00
1604,00
4914,00
5241,00
5241,00
9828,00
78624,00
13104,00
39312,00
78624,00
39312,00
78624,00
78624,00
7862,00
26208,00
78624,00
2069,00
3931,00
13104,00
78624,00
78624,00
39312,00
8736,00
39312,00
19656,00
19656,00
78624,00
4624,00
3276,00
9828,00
4914,00
4368,00
13104,00
26208,00
19656,00
78624,00
39312,00
39312,00
78624,00
39312,00
6552,00
39312,00
26208,00
78624,00
5241,00
6552,00
39312,00
2016,00
3744,00
5241,00
26208,00
39312,00
78624,00
39312,00
78624,00
39312,00
78624,00
26208,00
4624,00
78624,00
1541,00
78624,00
3144,00
39312,00
39312,00
78624,00
3931,00
7862,00
15724,00
1786,00
78624,00
78624,00
8736,00
15724,00
39312,00
78624,00
5241,00
26208,00
26208,00
1355,00
5241,00
6552,00
78624,00
6048,00
9828,00
13104,00
26208,00
78624,00
78624,00
39312,00
78624,00
2312,00
39312,00
78624,00
5616,00
11232,00
1541,00
39312,00
26208,00
7147,00
39312,00
39312,00
494,00
6552,00
39312,00
2016,00
78624,00
4138,00
78624,00
78624,00
6552,00
7147,00
7147,00
39312,00
1917,00
78624,00
6048,00
6048,00
39312,00
39312,00
4914,00
6552,00
9828,00
78624,00
78624,00
78624,00
78624,00
78624,00
4368,00
39312,00
6048,00
78624,00
26208,00
1456,00
5616,00
6552,00
2246,00
39312,00
78624,00
4624,00
15724,00
1404,00
11232,00
15724,00
3144,00
19656,00
39312,00
78624,00
7862,00
26208,00
2124,00
39312,00
78624,00
7862,00
78624,00
3744,00
1268,00
4914,00
26208,00
78624,00
15724,00
2808,00
5616,00
78624,00
6048,00
4368,00
7862,00
13104,00
78624,00
26208,00
78624,00
78624,00
2711,00
78624,00
78624,00
15724,00
19656,00
3744,00
3024,00
4368,00
19656,00
78624,00
4624,00
78624,00
6048,00
26208,00
1828,00
1483,00
78624,00
78624,00
78624,00
4914,00
78624,00
4914,00
26208,00
39312,00
19656,00
78624,00
78624,00
39312,00
39312,00
39312,00
7862,00
39312,00
26208,00
1786,00
4914,00
6552,00
2246,00
19656,00
39312,00
3144,00
8736,00
15724,00
15724,00
26208,00
78624,00
26208,00
19656,00
13104,00
1429,00
13104,00
19656,00
11232,00
78624,00
78624,00
39312,00
2457,00
19656,00
2124,00
15724,00
26208,00
26208,00
2382,00
78624,00
26208,00
78624,00
2620,00
1541,00
15724,00
19656,00
19656,00
78624,00
39312,00
19656,00
26208,00
39312,00
3024,00
26208,00
39312,00
39312,00
39312,00
78624,00
78624,00
4914,00
2711,00
3931,00
39312,00
78624,00
26208,00
4368,00
9828,00
78624,00
5241,00
78624,00
2711,00
15724,00
39312,00
15724,00
39312,00
78624,00
39312,00
39312,00
4368,00
2184,00
13104,00
11232,00
26208,00
39312,00
15724,00
15724,00
26208,00
26208,00
2808,00
26208,00
39312,00
19656,00
78624,00
4624,00
78624,00
78624,00
4914,00
1123,00
19656,00
19656,00
26208,00
26208,00
78624,00
13104,00
39312,00
19656,00
1786,00
15724,00
39312,00
26208,00
2711,00
78624,00
78624,00
78624,00
2312,00
2536,00
13104,00
39312,00
26208,00
3573,00
5616,00
39312,00
78624,00
78624,00
1965,00
13104,00
26208,00
26208,00
78624,00
78624,00
78624,00
78624,00
3573,00
3276,00
26208,00
26208,00
26208,00
39312,00
39312,00
39312,00
3744,00
19656,00
2457,00
26208,00
39312,00
26208,00
39312,00
5241,00
39312,00
39312,00
26208,00
4138,00
26208,00
39312,00
39312,00
78624,00
4914,00
39312,00
6048,00
5616,00
2620,00
26208,00
39312,00
26208,00
3744,00
3418,00
78624,00
4368,00
78624,00
3418,00
39312,00
39312,00
39312,00
4624,00
6048,00
19656,00
3573,00
3931,00
2711,00
26208,00
39312,00
39312,00
4368,00
7862,00
15724,00
4368,00
78624,00
1638,00
15724,00
15724,00
19656,00
39312,00
2069,00
15724,00
78624,00
39312,00
2016,00
13104,00
19656,00
15724,00
26208,00
78624,00
39312,00
3418,00
1139,00
1709,00
15724,00
9828,00
26208,00
2808,00
78624,00
26208,00
3744,00
39312,00
2711,00
19656,00
19656,00
39312,00
78624,00
19656,00
39312,00
3144,00
3418,00
4914,00
26208,00
39312,00
78624,00
5241,00
8736,00
39312,00
9828,00
5616,00
3573,00
39312,00
78624,00
78624,00
4368,00
3931,00
78624,00
6552,00
3144,00
1828,00
19656,00
26208,00
19656,00
26208,00
39312,00
19656,00
78624,00
78624,00
3276,00
39312,00
78624,00
78624,00
4138,00
7147,00
78624,00
7147,00
4624,00
958,00
26208,00
6048,00
19656,00
39312,00
78624,00
9828,00
39312,00
15724,00
4914,00
26208,00
78624,00
78624,00
39312,00
4914,00
1872,00
78624,00
3573,00
6048,00
15724,00
26208,00
1456,00
39312,00
78624,00
19656,00
39312,00
78624,00
6048,00
39312,00
39312,00
39312,00
78624,00
78624,00
78624,00
78624,00
78624,00
13104,00
78624,00
39312,00
39312,00
78624,00
78624,00
39312,00
78624,00
39312,00
7862,00
39312,00
78624,00
2069,00
78624,00
8736,00
2808,00
5241,00
78624,00
9828,00
19656,00
78624,00
39312,00
78624,00
39312,00
78624,00
78624,00
4624,00
4914,00
19656,00
19656,00
78624,00
39312,00
78624,00
26208,00
78624,00
78624,00
7147,00
1228,00
1786,00
78624,00
4138,00
7147,00
1917,00
6048,00
78624,00
7147,00
26208,00
26208,00
39312,00
78624,00
78624,00
39312,00
39312,00
39312,00
4624,00
78624,00
26208,00
39312,00
39312,00
4138,00
78624,00
5616,00
78624,00
7862,00
1355,00
78624,00
39312,00
78624,00
78624,00
2184,00
78624,00
78624,00
5241,00
78624,00
39312,00
1483,00
3276,00
39312,00
78624,00
6552,00
26208,00
9828,00
78624,00
78624,00
39312,00
78624,00
4138,00
78624,00
78624,00
3573,00
4368,00
39312,00
78624,00
78624,00
39312,00
78624,00
1638,00
78624,00
19656,00
5616,00
26208,00
1917,00
78624,00
39312,00
26208,00
3144,00
7147,00
4914,00
7147,00
1483,00
78624,00
78624,00
5616,00
39312,00
78624,00
13104,00
7862,00
7862,00
78624,00
78624,00
39312,00
3276,00
39312,00
39312,00
6552,00
4368,00
6552,00
26208,00
78624,00
2069,00
78624,00
4138,00
2246,00
6048,00
78624,00
3573,00
26208,00
39312,00
39312,00
26208,00
39312,00
1672,00
39312,00
3573,00
6048,00
39312,00
39312,00
39312,00
3931,00
78624,00
1638,00
5241,00
78624,00
7147,00
19656,00
1355,00
78624,00
3931,00
78624,00
2016,00
78624,00
39312,00
9828,00
78624,00
39312,00
1917,00
5616,00
78624,00
78624,00
7862,00
6048,00
11232,00
1747,00
3744,00
2808,00
8736,00
11232,00
26208,00
13104,00
4624,00
13104,00
78624,00
78624,00
1872,00
78624,00
78624,00
78624,00
6552,00
39312,00
6048,00
78624,00
19656,00
39312,00
78624,00
78624,00
39312,00
78624,00
78624,00
8736,00
19656,00
78624,00
2069,00
3276,00
78624,00
26208,00
4624,00
39312,00
3931,00
39312,00
26208,00
78624,00
19656,00
26208,00
19656,00
39312,00
26208,00
2184,00
26208,00
19656,00
39312,00
39312,00
39312,00
39312,00
39312,00
9828,00
9828,00
19656,00
26208,00
39312,00
78624,00
78624,00
78624,00
78624,00
13104,00
3418,00
26208,00
78624,00
78624,00
39312,00
39312,00
13104,00
78624,00
11232,00
7862,00
78624,00
2069,00
78624,00
78624,00
78624,00
78624,00
78624,00
26208,00
15724,00
39312,00
78624,00
3744,00
78624,00
7862,00
39312,00
4368,00
13104,00
7147,00
26208,00
2124,00
39312,00
3931,00
5241,00
1917,00
78624,00
39312,00
3573,00
26208,00
39312,00
39312,00
39312,00
78624,00
19656,00
78624,00
19656,00
7862,00
26208,00
26208,00
2382,00
6552,00
6048,00
78624,00
78624,00
78624,00
3144,00
19656,00
26208,00
78624,00
78624,00
78624,00
15724,00
39312,00
11232,00
4624,00
13104,00
19656,00
78624,00
78624,00
78624,00
39312,00
78624,00
13104,00
5616,00
26208,00
39312,00
1786,00
5241,00
4914,00
13104,00
39312,00
11232,00
5616,00
19656,00
26208,00
19656,00
26208,00
78624,00
78624,00
4368,00
78624,00
6048,00
39312,00
39312,00
39312,00
78624,00
39312,00
26208,00
78624,00
13104,00
1709,00
39312,00
9828,00
1123,00
39312,00
504,00
8736,00
78624,00
843,00
7147,00
39312,00
2246,00
39312,00
4624,00
4624,00
78624,00
78624,00
39312,00
7147,00
39312,00
78624,00
1709,00
5616,00
78624,00
78624,00
78624,00
78624,00
5616,00
26208,00
39312,00
78624,00
5241,00
78624,00
19656,00
26208,00
26208,00
5616,00
78624,00
1107,00
1965,00
4624,00
4368,00
1077,00
39312,00
39312,00
2124,00
15724,00
15724,00
26208,00
19656,00
2184,00
78624,00
78624,00
8736,00
7862,00
39312,00
26208,00
19656,00
3024,00
39312,00
7147,00
39312,00
1532,00
4138,00
19656,00
19656,00
78624,00
78624,00
39312,00
15724,00
2016,00
13104,00
15724,00
78624,00
39312,00
2620,00
4914,00
78624,00
78624,00
4624,00
78624,00
9828,00
78624,00
2184,00
3573,00
78624,00
6048,00
39312,00
5241,00
19656,00
13104,00
26208,00
78624,00
39312,00
78624,00
26208,00
39312,00
39312,00
13104,00
3744,00
39312,00
19656,00
78624,00
78624,00
78624,00
19656,00
26208,00
19656,00
11232,00
26208,00
19656,00
78624,00
78624,00
78624,00
26208,00
39312,00
15724,00
708,00
9828,00
2536,00
13104,00
13104,00
9828,00
2184,00
6552,00
474,00
