
























































































































































































































































































































































































































































































































































































































































































































































































































































































































































































































































































































































































































































































































































































































































































































































































































































































































































































































































































































































































































































































































































































































































































2806,00
9979,00
8981,00
2363,00
11227,00
8165,00
2495,00
14971,00
8983,00
2807,00
9982,00
6911,00
2191,00
3328,00
4493,00
1265,00
6913,00
8987,00
2304,00
5992,00
5618,00
1696,00
4086,00
6915,00
1834,00
9989,00
9989,00
2644,00
9989,00
7492,00
2568,00
5994,00
5995,00
2725,00
6423,00
9992,00
3459,00
9992,00
6918,00
2810,00
2498,00
3911,00
899,00
5622,00
7496,00
2044,00
3460,00
5623,00
1606,00
4089,00
5292,00
1474,00
5292,00
7498,00
2249,00
6427,00
6922,00
2142,00
4737,00
6000,00
1915,00
9002,00
9002,00
2250,00
9003,00
5626,00
2093,00
9003,00
10004,00
3001,00
9006,00
12865,00
3002,00
11257,00
9006,00
2196,00
6433,00
6928,00
3002,00
11259,00
15013,00
4504,00
18016,00
9008,00
3106,00
11262,00
18020,00
4290,00
18020,00
15017,00
4742,00
9012,00
12876,00
2907,00
5008,00
5634,00
2096,00
18031,00
12880,00
3468,00
11271,00
11271,00
2312,00
4508,00
8197,00
2097,00
11272,00
15033,00
4100,00
8200,00
12889,00
3759,00
12890,00
11280,00
6016,00
6941,00
12892,00
5013,00
12895,00
12895,00
3223,00
4298,00
5015,00
1920,00
9027,00
10030,00
2735,00
9027,00
6944,00
2257,00
5016,00
5016,00
2099,00
15048,00
12899,00
4515,00
8209,00
11288,00
2822,00
7525,00
7525,00
2913,00
18063,00
12903,00
3927,00
10036,00
9033,00
2913,00
7527,00
12906,00
3764,00
15058,00
10039,00
4302,00
12908,00
15059,00
3115,00
9035,00
9036,00
2914,00
18072,00
22591,00
6024,00
9036,00
15061,00
5315,00
6454,00
15061,00
4756,00
22594,00
30127,00
4756,00
18077,00
12913,00
4519,00
10043,00
9039,00
3766,00
15066,00
18079,00
3476,00
11300,00
15067,00
3228,00
7533,00
15068,00
3930,00
15068,00
22603,00
4305,00
9041,00
12917,00
4759,00
6956,00
12920,00
5320,00
10051,00
18093,00
5321,00
22617,00
18094,00
6031,00
4308,00
7539,00
3016,00
12929,00
11313,00
3620,00
10056,00
12930,00
3017,00
5657,00
6034,00
1885,00
12931,00
18105,00
4526,00
10059,00
12933,00
3936,00
7545,00
12935,00
3621,00
12936,00
11319,00
5030,00
12936,00
15092,00
5031,00
6468,00
22640,00
4116,00
18117,00
22647,00
5661,00
18121,00
15101,00
4118,00
11326,00
9061,00
8238,00
45310,00
22655,00
7551,00
45311,00
30208,00
6473,00
10069,00
10070,00
6474,00
15107,00
22662,00
8241,00
30218,00
22664,00
6475,00
6973,00
4771,00
2450,00
1850,00
7555,00
2108,00
15112,00
12953,00
4317,00
8243,00
9067,00
3627,00
11335,00
30227,00
9068,00
22670,00
30227,00
6976,00
9069,00
6478,00
4123,00
6047,00
11340,00
5670,00
18145,00
15121,00
6979,00
9073,00
7560,00
2668,00
11345,00
10084,00
3946,00
15128,00
11347,00
4322,00
11348,00
8253,00
3947,00
22699,00
22699,00
6485,00
15135,00
15135,00
5045,00
18164,00
12974,00
5677,00
30278,00
30280,00
6987,00
45421,00
15141,00
5678,00
18170,00
30284,00
5344,00
45428,00
15143,00
9085,00
45431,00
30288,00
6490,00
18173,00
11358,00
6491,00
7573,00
11360,00
10098,00
22723,00
45446,00
11361,00
18179,00
45449,00
10101,00
90918,00
45461,00
11365,00
30311,00
30314,00
11368,00
22736,00
15161,00
6498,00
15164,00
45494,00
7582,00
30330,00
30330,00
10110,00
9099,00
18200,00
5055,00
7584,00
6068,00
6068,00
22759,00
9104,00
11381,00
45526,00
15175,00
11381,00
18211,00
18211,00
15176,00
30356,00
11383,00
10120,00
18216,00
13012,00
5060,00
18217,00
13013,00
6506,00
22774,00
30367,00
6507,00
7008,00
18221,00
4141,00
10123,00
18221,00
10123,00
22777,00
45554,00
10123,00
18221,00
30369,00
15185,00
22778,00
11389,00
10124,00
30376,00
18225,00
11391,00
30378,00
30379,00
9114,00
30380,00
5063,00
15198,00
22797,00
45597,00
13028,00
13029,00
18253,00
6084,00
45636,00
45637,00
15212,00
15211,00
7020,00
10141,00
18256,00
18256,00
15213,00
11411,00
22824,00
6521,00
13044,00
18262,00
15219,00
18263,00
18266,00
13047,00
11417,00
91343,00
2686,00
30449,00
30449,00
11419,00
11419,00
13050,00
5373,00
18271,00
30451,00
22843,00
18275,00
30462,00
11424,00
9140,00
11426,00
5713,00
7032,00
11428,00
7033,00
11429,00
11429,00
9144,00
13064,00
18290,00
7621,00
22863,00
15242,00
7035,00
22864,00
22864,00
11432,00
6097,00
13065,00
4573,00
8315,00
30489,00
7038,00
18300,00
45752,00
9150,00
11438,00
22879,00
15253,00
45760,00
30507,00
11441,00
45767,00
30513,00
10171,00
18309,00
22886,00
5721,00
30516,00
45774,00
6539,00
11446,00
15261,00
5087,00
9157,00
15262,00
4360,00
30524,00
30524,00
7044,00
45788,00
30525,00
8325,00
30525,00
10175,00
5723,00
45792,00
45793,00
9158,00
30529,00
15265,00
7632,00
11451,00
13087,00
4821,00
18323,00
30539,00
5090,00
7048,00
13089,00
5091,00
45824,00
15274,00
4823,00
22915,00
45835,00
6112,00
22921,00
13097,00
9168,00
9168,00
7643,00
3987,00
45860,00
22930,00
10194,00
13107,00
22938,00
10194,00
6553,00
30589,00
2867,00
13109,00
11471,00
5098,00
5398,00
10197,00
3671,00
7060,00
13113,00
2961,00
30598,00
30599,00
5737,00
22949,00
15300,00
7061,00
22951,00
11475,00
4832,00
45904,00
30602,00
6120,00
30603,00
30604,00
6120,00
13116,00
30605,00
7063,00
30606,00
45910,00
10202,00
22956,00
22956,00
6558,00
11478,00
13118,00
6559,00
30609,00
22956,00
7652,00
13118,00
11478,00
7064,00
15306,00
15306,00
7064,00
6123,00
22964,00
8350,00
13121,00
13121,00
11481,00
18371,00
22964,00
9185,00
15311,00
15314,00
9188,00
15314,00
18377,00
8354,00
18379,00
22975,00
8354,00
11487,00
22975,00
13129,00
13129,00
22977,00
15318,00
15318,00
18382,00
9191,00
15319,00
13131,00
11489,00
91922,00
22980,00
10213,00
9192,00
30643,00
5409,00
11495,00
22994,00
7075,00
22995,00
15330,00
4599,00
8362,00
18397,00
5410,00
22995,00
30661,00
11498,00
22997,00
30664,00
8362,00
13142,00
30666,00
7666,00
22999,00
46003,00
13143,00
23003,00
30671,00
8365,00
30677,00
30677,00
10225,00
30677,00
92042,00
18408,00
18408,00
18408,00
13149,00
15341,00
18411,00
7081,00
15344,00
15344,00
13152,00
15344,00
18414,00
15345,00
18415,00
30693,00
8371,00
7083,00
30694,00
6577,00
10231,00
11511,00
9209,00
30701,00
92105,00
15351,00
18421,00
23026,00
13159,00
18426,00
23032,00
10236,00
15355,00
30710,00
7677,00
18426,00
23033,00
18425,00
15356,00
92142,00
23036,00
11518,00
15358,00
11520,00
8378,00
23041,00
5760,00
6145,00
13168,00
18440,00
13171,00
30738,00
7684,00
46110,00
23056,00
18445,00
46115,00
30744,00
13176,00
15372,00
30747,00
4855,00
30754,00
23066,00
18450,00
23067,00
92272,00
13182,00
10255,00
11538,00
8391,00
18463,00
46160,00
23092,00
30791,00
92377,00
9238,00
3850,00
2717,00
817,00
6600,00
3300,00
1466,00
4017,00
3300,00
993,00
5776,00
3851,00
1320,00
7702,00
5776,00
1650,00
5776,00
5134,00
1400,00
11553,00
4201,00
1777,00
9243,00
6162,00
1566,00
5135,00
4018,00
1216,00
4402,00
1744,00
796,00
5778,00
3555,00
1185,00
5778,00
2889,00
1027,00
2433,00
2010,00
906,00
6164,00
4866,00
1712,00
5138,00
3699,00
1651,00
5138,00
3425,00
1594,00
5441,00
5781,00
2055,00
7709,00
5441,00
1567,00
3700,00
1468,00
511,00
5782,00
2803,00
1088,00
5140,00
2891,00
1075,00
6609,00
2721,00
826,00
7117,00
5140,00
1595,00
6168,00
5443,00
1201,00
4206,00
4406,00
1285,00
8413,00
3701,00
1568,00
6171,00
4407,00
1268,00
8415,00
3857,00
2314,00
10288,00
6614,00
2258,00
5144,00
4026,00
1469,00
5787,00
3307,00
1543,00
10290,00
6174,00
2437,00
8420,00
9262,00
2374,00
11578,00
8420,00
2259,00
13233,00
6617,00
2154,00
5790,00
5147,00
1748,00
7127,00
4028,00
1748,00
7128,00
3564,00
1570,00
7722,00
6179,00
1544,00
5453,00
3196,00
927,00
11589,00
2809,00
1305,00
7727,00
7133,00
2440,00
18551,00
7729,00
3198,00
11597,00
6186,00
2507,00
7733,00
7138,00
2263,00
6629,00
4419,00
1189,00
7735,00
5157,00
1934,00
7736,00
4641,00
1573,00
5802,00
2901,00
1031,00
10315,00
8441,00
2380,00
7142,00
6632,00
1785,00
6632,00
8544,00
2034,00
10680,00
6572,00
2373,00
7768,00
5696,00
1780,00
8545,00
6573,00
2374,00
12209,00
7770,00
2084,00
5028,00
4274,00
1583,00
10687,00
6577,00
2310,00
14252,00
12217,00
3054,00
12217,00
8552,00
2850,00
7127,00
7128,00
2673,00
21386,00
8554,00
2673,00
6581,00
5347,00
1944,00
8559,00
7781,00
1990,00
10700,00
7782,00
2378,00
12230,00
7134,00
2088,00
7783,00
6115,00
1678,00
17123,00
12231,00
3424,00
7783,00
7135,00
2675,00
8563,00
5709,00
2595,00
9517,00
8566,00
3427,00
17135,00
9520,00
2677,00
6591,00
5040,00
1785,00
12241,00
9521,00
2380,00
7141,00
6591,00
1947,00
9521,00
7790,00
1862,00
14284,00
10713,00
3174,00
9522,00
7791,00
2255,00
6593,00
7143,00
2381,00
12247,00
7793,00
2857,00
10716,00
7144,00
2381,00
5716,00
6595,00
2199,00
21440,00
8576,00
3728,00
14294,00
10722,00
3299,00
12254,00
7798,00
3177,00
28597,00
17158,00
5046,00
21449,00
7150,00
4290,00
28601,00
12258,00
4086,00
28602,00
21454,00
4767,00
17163,00
14303,00
5048,00
4086,00
6130,00
2200,00
14304,00
3731,00
3065,00
14305,00
12261,00
3433,00
7802,00
4292,00
2146,00
7153,00
4087,00
2320,00
10731,00
9538,00
4769,00
17170,00
12265,00
4769,00
17170,00
14308,00
5050,00
21466,00
17173,00
6134,00
8587,00
5367,00
1752,00
12269,00
7158,00
3181,00
17181,00
6608,00
2771,00
9545,00
6136,00
2202,00
17183,00
10740,00
5054,00
12274,00
10741,00
3906,00
14322,00
10741,00
2685,00
14322,00
14322,00
4774,00
14324,00
9549,00
3906,00
10744,00
8595,00
4297,00
21490,00
14327,00
6140,00
17192,00
14327,00
4775,00
14328,00
6140,00
4298,00
28661,00
5732,00
6614,00
28665,00
12285,00
6142,00
43008,00
43010,00
7820,00
21506,00
21507,00
5735,00
17207,00
9560,00
6618,00
5061,00
7171,00
4302,00
21514,00
5379,00
2776,00
21521,00
12298,00
3913,00
5380,00
2326,00
1345,00
2969,00
182,00
478,00
17222,00
5065,00
2609,00
9568,00
14355,00
4533,00
12305,00
6153,00
4102,00
28725,00
10772,00
4535,00
12312,00
7835,00
2780,00
28739,00
14371,00
3919,00
14371,00
17255,00
3318,00
7190,00
3922,00
2006,00
21572,00
4541,00
3319,00
12328,00
10787,00
5753,00
14384,00
21577,00
4796,00
14388,00
17266,00
7848,00
28778,00
14389,00
5078,00
43171,00
43172,00
5756,00
28781,00
14390,00
6167,00
28783,00
17270,00
7195,00
12336,00
17271,00
7196,00
43178,00
21590,00
9595,00
17272,00
21590,00
7851,00
21591,00
12338,00
4318,00
28792,00
14398,00
9600,00
43205,00
28804,00
6647,00
4548,00
14403,00
5083,00
43214,00
14405,00
5084,00
28812,00
28816,00
4550,00
12351,00
9606,00
3759,00
12351,00
5764,00
3087,00
17293,00
12352,00
5404,00
7860,00
9608,00
5086,00
21618,00
12353,00
8647,00
14413,00
14413,00
7206,00
17295,00
17296,00
3930,00
28826,00
28827,00
7206,00
28831,00
17298,00
5406,00
14418,00
8651,00
4119,00
12359,00
21630,00
8652,00
43266,00
28846,00
6181,00
28849,00
10818,00
3606,00
17310,00
17313,00
7869,00
14429,00
17319,00
5773,00
17321,00
17323,00
5095,00
28873,00
21656,00
4559,00
12375,00
8663,00
5096,00
21661,00
10830,00
4332,00
21664,00
21664,00
5416,00
17334,00
17334,00
5098,00
21669,00
12382,00
6191,00
28894,00
14447,00
5417,00
21671,00
10835,00
5099,00
17337,00
14447,00
3467,00
12384,00
14448,00
3467,00
14448,00
8669,00
4816,00
9634,00
7227,00
2990,00
12390,00
17349,00
6196,00
9638,00
7886,00
6196,00
8676,00
12394,00
4820,00
14461,00
21695,00
5785,00
21698,00
14465,00
6199,00
17361,00
12401,00
2712,00
21703,00
10852,00
3617,00
12402,00
9646,00
4569,00
12403,00
9647,00
4569,00
12403,00
12403,00
5426,00
10853,00
10853,00
4570,00
21709,00
10855,00
5108,00
17368,00
17368,00
7236,00
21711,00
17369,00
4342,00
12408,00
12408,00
7896,00
43430,00
21717,00
7897,00
28957,00
17375,00
6682,00
17377,00
7899,00
4827,00
10861,00
28965,00
10862,00
43449,00
10862,00
9655,00
43454,00
12415,00
7242,00
28970,00
10864,00
10864,00
12416,00
21729,00
7243,00
43461,00
17384,00
4346,00
43468,00
14489,00
6687,00
28979,00
21735,00
6687,00
14490,00
12420,00
3951,00
12421,00
7246,00
5796,00
10869,00
10869,00
7246,00
17392,00
10871,00
8697,00
9663,00
8697,00
6212,00
17396,00
17396,00
9665,00
21746,00
17397,00
5117,00
28997,00
14498,00
5437,00
28998,00
21749,00
4833,00
12428,00
9666,00
6692,00
21750,00
29004,00
10876,00
43507,00
12431,00
7251,00
21755,00
21755,00
6694,00
17404,00
17404,00
7911,00
21756,00
29011,00
6695,00
21760,00
9671,00
7253,00
87059,00
17411,00
7914,00
29022,00
12439,00
8708,00
17417,00
8709,00
7258,00
14516,00
12443,00
8710,00
17421,00
14517,00
8710,00
29038,00
7259,00
14519,00
43559,00
29039,00
14519,00
21783,00
17427,00
10892,00
87144,00
21786,00
9682,00
87145,00
17429,00
8714,00
29050,00
21787,00
8715,00
14525,00
21789,00
5810,00
17431,00
12451,00
9684,00
17433,00
17434,00
7924,00
21796,00
14530,00
12454,00
17439,00
21800,00
10900,00
17440,00
8720,00
14533,00
29067,00
14534,00
5451,00
87219,00
43610,00
7929,00
43610,00
29074,00
6230,00
43616,00
17447,00
12464,00
29083,00
29089,00
9696,00
29090,00
21821,00
7274,00
9700,00
21827,00
5456,00
43655,00
10914,00
12474,00
21829,00
29106,00
6717,00
1505,00
1386,00
253,00
2183,00
1985,00
615,00
1559,00
1091,00
487,00
3119,00
2239,00
447,00
2299,00
2299,00
693,00
1783,00
1456,00
594,00
2912,00
2131,00
642,00
2361,00
1986,00
704,00
1618,00
1285,00
532,00
1589,00
1231,00
219,00
2570,00
1713,00
434,00
1900,00
1589,00
482,00
2132,00
1387,00
301,00
2820,00
2242,00
586,00
2363,00
1901,00
677,00
2572,00
2082,00
571,00
2651,00
1988,00
767,00
2574,00
1786,00
678,00
1233,00
754,00
153,00
2303,00
1621,00
442,00
1683,00
1199,00
449,00
1862,00
1199,00
256,00
3243,00
2304,00
603,00
2189,00
1563,00
579,00
2135,00
1717,00
399,00
2366,00
1652,00
723,00
2366,00
1459,00
616,00
4171,00
2190,00
554,00
2826,00
2246,00
826,00
1717,00
1390,00
565,00
3651,00
2738,00
584,00
5155,00
3810,00
973,00
2503,00
2038,00
755,00
3370,00
2434,00
684,00
5478,00
3246,00
942,00
1992,00
1653,00
684,00
2578,00
1905,00
442,00
3372,00
2435,00
659,00
2505,00
1753,00
626,00
3024,00
1948,00
327,00
4872,00
2657,00
588,00
3813,00
2829,00
877,00
5481,00
3024,00
797,00
5482,00
3987,00
923,00
3508,00
2741,00
895,00
2580,00
1687,00
301,00
2830,00
2040,00
558,00
2371,00
1720,00
601,00
2437,00
1687,00
338,00
3656,00
2831,00
828,00
2831,00
2194,00
669,00
3250,00
1867,00
507,00
4388,00
3134,00
886,00
2581,00
2041,00
763,00
3375,00
3250,00
869,00
5163,00
2581,00
964,00
1995,00
1721,00
713,00
3816,00
3990,00
895,00
5853,00
4180,00
1310,00
3135,00
2090,00
924,00
3992,00
3136,00
896,00
5856,00
4183,00
1112,00
2584,00
2253,00
870,00
3139,00
2664,00
726,00
4627,00
3256,00
955,00
3517,00
2144,00
837,00
5497,00
5497,00
739,00
6283,00
5498,00
1333,00
4630,00
3033,00
1023,00
5499,00
2666,00
822,00
6285,00
4399,00
1294,00
5867,00
4000,00
1142,00
3260,00
2589,00
594,00
3386,00
2515,00
1143,00
2668,00
1914,00
917,00
3261,00
2935,00
571,00
4893,00
3523,00
1159,00
3523,00
2752,00
968,00
2936,00
3830,00
716,00
4636,00
3262,00
1376,00
3670,00
2753,00
1061,00
5182,00
3830,00
683,00
6777,00
4637,00
1398,00
6293,00
4895,00
1377,00
4897,00
5185,00
979,00
8815,00
6781,00
1728,00
6782,00
4898,00
1603,00
7347,00
6782,00
1336,00
7348,00
6783,00
2099,00
6784,00
6300,00
1729,00
5188,00
3150,00
612,00
3528,00
2756,00
639,00
5514,00
4010,00
1192,00
4643,00
2321,00
592,00
6787,00
5514,00
900,00
6788,00
4902,00
1697,00
4412,00
5191,00
1117,00
2521,00
5516,00
1279,00
8024,00
5885,00
2006,00
3838,00
2452,00
485,00
5519,00
3397,00
920,00
4907,00
3154,00
1177,00
3271,00
2324,00
613,00
5889,00
5196,00
1402,00
5522,00
5522,00
1497,00
4418,00
4910,00
1015,00
8035,00
5524,00
1964,00
5524,00
5524,00
1359,00
4911,00
4209,00
1133,00
8036,00
6801,00
2526,00
8038,00
6316,00
1881,00
4654,00
4913,00
1211,00
11055,00
8844,00
2157,00
9827,00
8845,00
2057,00
6804,00
6805,00
1882,00
11060,00
9831,00
2528,00
8848,00
6320,00
2328,00
9832,00
3687,00
1149,00
8850,00
5531,00
1609,00
8850,00
6322,00
2011,00
3687,00
1924,00
543,00
3052,00
783,00
391,00
11065,00
5532,00
1844,00
12646,00
5207,00
2058,00
9836,00
5208,00
1670,00
11068,00
8855,00
2530,00
4661,00
3280,00
859,00
8051,00
5535,00
1553,00
8051,00
5904,00
1703,00
4429,00
2953,00
697,00
9844,00
3691,00
835,00
8861,00
8056,00
2110,00
6330,00
5213,00
1284,00
12664,00
6332,00
1641,00
11082,00
8060,00
1970,00
9851,00
6333,00
2273,00
11085,00
9854,00
2771,00
12671,00
5544,00
2217,00
6336,00
11090,00
2464,00
14790,00
12678,00
3169,00
11094,00
9862,00
3061,00
8070,00
8070,00
2219,00
14797,00
9865,00
3551,00
14799,00
8880,00
2775,00
5921,00
5921,00
1480,00
9870,00
6345,00
2401,00
9871,00
8076,00
2278,00
7404,00
6834,00
1306,00
22213,00
8078,00
2167,00
12694,00
11107,00
3291,00
7406,00
6837,00
1709,00
9876,00
4938,00
1217,00
12698,00
8888,00
2539,00
6349,00
5556,00
1346,00
8081,00
6350,00
2222,00
5557,00
7409,00
2279,00
4680,00
8892,00
1022,00
11117,00
9882,00
2068,00
12706,00
8894,00
2695,00
12707,00
6353,00
1252,00
8087,00
7413,00
2341,00
14827,00
8897,00
2404,00
6355,00
4683,00
1779,00
8089,00
6845,00
1977,00
6845,00
4944,00
1589,00
7416,00
4450,00
1816,00
11125,00
6846,00
2119,00
8092,00
6358,00
1935,00
7417,00
6358,00
2119,00
11127,00
8092,00
2342,00
9891,00
8092,00
2282,00
7419,00
4451,00
1236,00
5237,00
5565,00
1535,00
5238,00
4452,00
1649,00
4452,00
3071,00
1535,00
9896,00
8907,00
2474,00
8097,00
6852,00
2545,00
6363,00
4049,00
2227,00
9899,00
9899,00
2545,00
8910,00
8910,00
2173,00
4951,00
3565,00
865,00
6856,00
4951,00
1620,00
5942,00
5942,00
1650,00
4691,00
5244,00
1114,00
8915,00
6368,00
2476,00
8915,00
5943,00
2229,00
7430,00
5245,00
1292,00
8917,00
11146,00
2786,00
8917,00
8106,00
2175,00
7432,00
6860,00
2877,00
9910,00
6371,00
3303,00
8920,00
6371,00
2287,00
7434,00
8921,00
2703,00
14872,00
9915,00
3879,00
9916,00
8113,00
2479,00
8925,00
5250,00
2789,00
14877,00
14877,00
4058,00
8928,00
12754,00
2880,00
8928,00
6377,00
2029,00
11162,00
9922,00
2790,00
8930,00
8930,00
2880,00
8119,00
14886,00
2481,00
14887,00
6380,00
2881,00
9925,00
8120,00
3435,00
14888,00
8121,00
2233,00
14889,00
9926,00
2881,00
14891,00
9928,00
3436,00
5256,00
4062,00
1823,00
11170,00
9929,00
2351,00
8936,00
8937,00
2234,00
5959,00
5959,00
1943,00
11173,00
11174,00
3082,00
11174,00
7449,00
2709,00
8128,00
8128,00
1902,00
9934,00
9934,00
2554,00
9936,00
9936,00
2709,00
9936,00
8130,00
3193,00
9937,00
11180,00
3888,00
14907,00
8944,00
3312,00
12777,00
12778,00
3313,00
17890,00
12779,00
3727,00
12780,00
17892,00
3440,00
9940,00
12780,00
4709,00
22370,00
14916,00
4710,00
14916,00
22375,00
3196,00
9944,00
9945,00
2797,00
12788,00
17904,00
3197,00
11190,00
9948,00
3730,00
9948,00
14922,00
4263,00
14923,00
14923,00
4974,00
14923,00
11192,00
4712,00
12792,00
14924,00
3198,00
29861,00
17917,00
3895,00
11198,00
9954,00
3895,00
8959,00
6893,00
2036,00
14935,00
14936,00
3584,00
9959,00
11205,00
3202,00
8966,00
17932,00
2637,00
14946,00
12811,00
4271,00
11211,00
12814,00
3093,00
12815,00
8970,00
1794,00
12815,00
14952,00
3900,00
9968,00
14952,00
1725,00
1359,00
5278,00
986,00
14956,00
11217,00
3589,00
4986,00
6903,00
2564,00
5983,00
5280,00
2362,00
22443,00
12825,00
5281,00
17959,00
11224,00
3325,00
4726,00
9978,00
2565,00
11225,00
14968,00
5613,00
6415,00
12830,00
4082,00
















































































































































































































































































































































































































































































































































































































































































































































































































































































































































































































































































































































































































































































































































































































































































































































































































































































































































































































































































































































































































































































































































































































































